,Open,High,Low,Close,Adj Close,Volume,SMA_50,EMA_50,RSI,Stoch_RSI,Williams_R,Awesome_Oscillator,MACD,MACD_Signal,MACD_Diff,TSI,KAMA,ROC,Vortex_Diff,TRIX,Mass_Index,CCI,DPO,Ichimoku_A,Ichimoku_B,Aroon_Up,Aroon_Down,Aroon_Indicator,Bollinger_Mid,Bollinger_Upper,Bollinger_Lower,Bollinger_PBand,Bollinger_WBand,Keltner_Channel_Center,Keltner_Channel_Upper,Keltner_Channel_Lower,Donchian_Channel_Upper,Donchian_Channel_Lower,ATR,OBV,Chaikin_MF,Force_Index,Ease_of_Movement,Volume_Price_Trend,VWAP,SMA_200,EMA_200,ADX,Vortex_Pos,Vortex_Neg
0,4919.75,4922.9501953125,4919.7001953125,4922.9501953125,4922.9501953125,364.0,4931.677001953125,4929.898081186377,38.9768394416634,0.565972056886714,-75.92592592592592,-8.509805836396481,-3.0866311914669495,-2.4294236504218163,-0.6572075410451332,-25.691506247527705,4925.103043221627,-0.20372602245084126,-0.41228182435691707,-0.0071293066265010595,25.72344861042739,-104.15914904100939,3.0274658203125,4927.41259765625,4930.875,4.0,96.0,-92.0,4928.4725341796875,4938.74084671529,4918.204221644085,0.2310980334869853,0.4166935075478344,4928.885856119792,4932.010880533855,4925.760831705729,4937.89990234375,4919.7001953125,3.4239444407462836,-3978.0,-0.39132026336334574,-220.9518137468745,-1071166.9921875,-3.9505735461094167,4926.55492155428,4922.728488769531,4925.272005041736,33.737409077636805,0.7762278378830687,1.1885096622399858
1,4923.60009765625,4926.0,4923.25,4926.0,4926.0,13.0,4931.647001953125,4929.745215257499,45.652047902422375,0.9318858840885997,-52.63235186137015,-8.38525390625,-2.7943889386197043,-2.502416708061394,-0.2919722305583101,-22.830173006592073,4925.110832725643,-0.11152793267768428,-0.2705548726783519,-0.007450086405647679,25.940496933128934,-50.78054213343781,3.0274658203125,4927.41259765625,4930.875,4.0,92.0,-88.0,4927.9725341796875,4937.6848139865915,4918.2602543727835,0.39845153666776995,0.3941693968276435,4928.325024414063,4931.442553710937,4925.207495117187,4937.0,4919.7001953125,3.3972201726572635,-3965.0,-0.39140298429321324,-183.72334593482103,69803560.69711539,-3.942519948294177,4926.495900934393,4922.7852392578125,4925.279248772664,33.193420510271906,0.8394614841126199,1.1100163567909718
2,4923.85009765625,4923.85009765625,4920.2001953125,4921.7998046875,4921.7998046875,570.0,4931.498994140625,4929.433630529264,39.27943536538016,0.6251402868668595,-84.21323151479551,-8.444649011948059,-2.8686376379437206,-2.5756608940378594,-0.29297674390586126,-22.65789440719966,4925.088674335464,-0.186578692202393,-0.3437620946329082,-0.0077485114158938806,26.05448852784679,-93.00637882358983,-2.262524414062682,4927.28759765625,4930.875,8.0,88.0,-80.0,4927.262524414063,4936.59228325103,4917.932765577096,0.20724217945923842,0.37869948234903006,4927.655029296875,4930.8575439453125,4924.4525146484375,4937.0,4919.7001953125,3.5688333522888875,-4535.0,-0.4090949912708132,-499.49305767627516,-1664773.936857257,-4.428535240240003,4925.288176829681,4922.83173828125,4925.244627438483,33.498150742843244,0.7548581046416388,1.098620199274547
3,4918.7001953125,4920.4501953125,4915.2998046875,4917.2998046875,4917.2998046875,961.0,4931.204990234375,4928.957794221743,33.830697525716076,0.30462616622299277,-88.20072593190068,-9.244815602021845,-3.25309302757978,-2.7111473207462438,-0.5419457068335363,-24.552909720574963,4924.59013851309,-0.15634914340101522,-0.46328177150721495,-0.00818226446197314,26.23428376961999,-154.4767084919401,-3.849829101562136,4924.0499267578125,4928.6748046875,4.0,100.0,-96.0,4926.300024414062,4935.5703651225,4917.029683705624,0.014569096777111323,0.3763611904470159,4926.753361002604,4930.043400065104,4923.463321940104,4934.5498046875,4915.2998046875,3.7782023985539674,-5496.0,-0.38003563935634654,-1045.9226208653786,-2224232.6270032995,-5.30717723536577,4923.597083651095,4922.858986816406,4925.165574475787,34.718491087148045,0.6616203654104481,1.124902136917663
4,4917.35009765625,4920.10009765625,4917.25,4920.10009765625,4920.10009765625,38.0,4931.01099609375,4928.610433572116,39.45874480274344,0.635687905109983,-67.4556408898305,-9.59566865808847,-3.2938470358831182,-2.827687263773619,-0.4661597721094992,-23.98651040821262,4924.470837128622,-0.047742436449391135,-0.4042609532980259,-0.008561234431407714,26.401674282179854,-123.98435792327106,-0.592529296875,4924.0499267578125,4928.6748046875,16.0,96.0,-80.0,4925.592529296875,4934.479846973441,4916.705211620309,0.19099610025716116,0.3608628859860283,4925.993367513021,4929.410921223958,4922.575813802084,4934.25,4915.2998046875,3.7119092026751126,-5458.0,-0.35929188998715905,-881.3035131971103,6000571.81559111,-5.285537079784637,4922.448931233077,4922.884987792969,4925.115171721364,35.85166426400251,0.710784785748676,1.115045739046702
5,4920.10009765625,4921.0,4918.0,4918.0,4918.0,57.0,4930.8019921875,4928.194338137915,36.922380798063294,0.48648996193220456,-79.06888720666161,-9.589384191176578,-3.455769253874678,-2.953303661793831,-0.502465592080847,-24.43491059509157,4924.196545052316,-0.14213197969543148,-0.28780512508862555,-0.008953734307329559,26.32329831448209,-120.06890867190613,-0.405029296875,4923.6248779296875,4928.6748046875,12.0,92.0,-80.0,4924.905029296875,4933.907262442992,4915.902796150758,0.11648242248349722,0.3655799692609339,4925.320865885417,4928.748404947917,4921.8933268229175,4934.25,4915.2998046875,3.6610585453411764,-5515.0,-0.3650842773782116,-772.5038065127018,4341848.2730263155,-5.309866984467524,4921.180107183689,4922.942238769531,4925.044373992793,36.44377151417552,0.7960430804551133,1.0838482055437388
6,4918.0,4919.89990234375,4917.2998046875,4919.89990234375,4919.89990234375,57.0,4930.538994140625,4927.869066145988,40.63978875773609,0.6651999702212271,-64.34140802422407,-10.282644473805703,-3.3916902433529685,-3.0409809781056585,-0.35070926524731005,-23.514446243203267,4924.124926245446,-0.09341248159711646,-0.23873873873873885,-0.00924575048940992,26.2074279528019,-110.58285331066148,0.4099853515626819,4923.6248779296875,4928.6748046875,8.0,88.0,-80.0,4924.340014648437,4933.106295019027,4915.5737342778475,0.24675049639163096,0.35603879279305456,4924.669189453125,4928.051733398437,4921.286645507813,4933.2001953125,4915.2998046875,3.5852756246918065,-5458.0,-0.33909497420511153,-646.6754864974945,-4106085.551412482,-5.287846969503365,4921.082258616391,4922.998737792968,4924.993185220166,37.13165733004128,0.8207347972972973,1.0594735360360361
7,4917.2998046875,4919.60009765625,4917.0,4917.0,4917.0,44.0,4930.188994140625,4927.44282825791,37.050595057472734,0.42545535146904395,-86.28917939833045,-10.450458122702003,-3.5341653908135413,-3.139617860647235,-0.39454753016630617,-23.97194464211333,4923.764583707041,-0.15736839433473782,-0.2962894265814685,-0.009554769262416978,26.12904690462707,-121.03884429886763,-0.6300048828125,4923.39990234375,4928.6748046875,4.0,100.0,-96.0,4923.6300048828125,4932.3589202407375,4914.9010895248875,0.12022745032158352,0.35457235207635057,4923.972517903646,4927.375056966146,4920.569978841146,4933.0,4915.2998046875,3.5363203903388203,-5502.0,-0.3419048224090852,-572.5212317299953,-1771639.6938670764,-5.313781583145445,4920.913747232214,4923.083737792968,4924.913651038872,37.830906169641636,0.7996420191603216,1.0959314457417901
8,4917.0,4918.7001953125,4914.64990234375,4915.0,4915.0,226.0,4929.867998046875,4926.954874208581,34.76983602454459,0.2731092396459806,-97.31731956448535,-10.04264993106608,-3.765059989069414,-3.264706286331671,-0.5003537027377427,-25.100095676887975,4923.222529301414,-0.16250253910217347,-0.36354592581775713,-0.009922551052537415,26.05618613569238,-137.37573013111873,2.220190429687136,4923.074951171875,4928.349853515625,4.0,100.0,-96.0,4922.730004882813,4931.113917959777,4914.346091805849,0.03899779185137851,0.34062047151267305,4923.161686197917,4926.666739908855,4919.65663248698,4933.0,4914.64990234375,3.57303271736819,-5728.0,-0.4400895842837214,-555.3039129114246,-2912268.174433075,-5.405707554266037,4920.273946994728,4923.178737792969,4924.815007744953,38.924046408055474,0.7383360105140186,1.1018819363317758
9,4917.85009765625,4917.85009765625,4917.0,4917.14990234375,4917.14990234375,35.0,4929.5419921875,4926.570365508,39.10904365978191,0.5629519639659865,-80.84334193886332,-9.647063131893447,-3.7315514675292434,-3.3580753225711857,-0.3734761449580577,-24.606230240813215,4923.136710444276,-0.158383184791883,-0.3323884677633202,-0.010209413800429775,26.029143345661936,-103.92665594328327,2.637402343750182,4922.46240234375,4928.349853515625,16.0,96.0,-80.0,4922.0125,4929.698571262541,4914.326428737459,0.1836746960733921,0.31231417078039486,4922.428352864584,4925.900911458333,4918.955794270833,4932.25,4914.64990234375,3.521394498716891,-5693.0,-0.43916306537418676,-465.2252707767569,1821637.8348214286,-5.390397975012475,4920.130108514794,4923.299487304687,4924.738738039468,39.93910520086832,0.7444016714976729,1.076790139260993
10,4915.2001953125,4916.7001953125,4914.85009765625,4916.7001953125,4916.7001953125,210.0,4929.272998046875,4926.183300010137,38.53164582681499,0.5243839637706126,-81.93590019359002,-9.697920496323604,-3.698647614483889,-3.4261897809537265,-0.2724578335301624,-24.39218195888835,4922.855591703433,-0.16142684635239876,-0.37117516629711744,-0.010427670579945468,25.918989540469905,-119.61956577222904,-1.5475097656253638,4921.8499755859375,4928.349853515625,12.0,92.0,-80.0,4921.297509765625,4928.118061963243,4914.4769575680075,0.1629807734092989,0.27718511974061477,4921.661694335938,4925.1642578125,4918.159130859375,4930.0498046875,4914.64990234375,3.43413808362997,-5903.0,-0.3041156178348731,-412.2557287461488,-1453562.1234348842,-5.409603913094094,4919.767900627015,4923.4149877929685,4924.658752539698,41.25149636021247,0.7285452617372024,1.0997204280343198
11,4915.89990234375,4917.14990234375,4915.2001953125,4917.14990234375,4917.14990234375,29.0,4928.927998046875,4925.829049121259,39.493664469398,0.5886431851889589,-77.97375779737578,-9.470385742187318,-3.59484434690512,-3.4599206941440053,-0.13492365276111462,-23.936554774944387,4922.3698601730775,-0.05285019881599675,-0.30723964382500957,-0.010552444622250506,25.715896374587487,-98.1359839694285,2.045190429687864,4921.137451171875,4928.349853515625,8.0,88.0,-80.0,4920.905004882812,4927.731609794947,4914.078399970677,0.22496558777063935,0.2774532288414861,4921.152530924479,4924.500089518229,4917.804972330729,4928.2001953125,4914.64990234375,3.328107294174258,-5874.0,-0.12818575186324707,-351.49898122437753,2688594.522147343,-5.406951421913386,4919.567080655917,4923.519987792969,4924.584037612376,42.19554890532288,0.7304394115369726,1.0376790553619821
12,4916.64990234375,4919.25,4916.5498046875,4916.75,4916.75,24.0,4928.547001953125,4925.473007979249,38.910478020109075,0.5496885272288846,-81.49709614970962,-9.015854779411711,-3.5044511550331663,-3.4688267863218374,-0.0356243687113289,-23.72501640181651,4922.099671114125,-0.12594470930060714,-0.2512763683856414,-0.010604503559109742,25.58343176355185,-68.99810835684364,5.3800048828125,4920.875,4928.349853515625,4.0,84.0,-80.0,4920.6199951171875,4927.638036352662,4913.601953881713,0.22428238967694863,0.2852502831935378,4920.823356119791,4924.058439127604,4917.588273111979,4928.2001953125,4914.64990234375,3.283256438340383,-5898.0,-0.11834351566521455,-302.6559347994665,19406005.74016571,-5.4089032957509975,4919.325425529587,4923.62923828125,4924.506086989368,41.87136516189236,0.7649503304705743,1.0162266988562156
13,4917.2998046875,4918.85009765625,4916.7001953125,4918.85009765625,4918.85009765625,25.0,4928.27400390625,4925.213286005798,43.61898387690352,0.828017615523438,-62.99419229941923,-8.231870404411893,-3.226164355148285,-3.420294300087127,0.19412994493884206,-22.191340620749518,4922.053936403525,-0.1451462107947625,-0.20673715530524406,-0.010501677769514283,25.484132520195118,-50.59179402730664,1.4873046875,4920.824951171875,4928.349853515625,4.0,80.0,-76.0,4920.3125,4927.07003717298,4913.55496282702,0.3917947244450666,0.2746791864532969,4920.453361002605,4923.5559244791675,4917.350797526042,4927.7001953125,4914.64990234375,3.20230257444107,-5873.0,-0.10555302620470512,-251.91902391293556,-1072851.6578674316,-5.398225014079925,4919.0166981267275,4923.713239746094,4924.449808488541,41.57033740013545,0.8041549333191648,1.0108920886244088
14,4916.7998046875,4916.7998046875,4910.0498046875,4912.0,4912.0,796.0,4927.9030078125,4924.69511792714,34.325556136460676,0.04186142826116618,-87.77321986162983,-8.395889820772027,-3.517814517502302,-3.4397983435701622,-0.07801617393213967,-23.732596711248533,4921.187790603607,-0.1991101848182998,-0.306811286407767,-0.010550573261345562,25.699878965207166,-150.2045031239018,-2.3876953125,4918.2498779296875,4926.0498046875,4.0,100.0,-96.0,4919.6875,4927.0641054960415,4912.3108945039585,-0.021073006013762954,0.29988105935759213,4919.822517903645,4923.102571614583,4916.5424641927075,4927.7001953125,4910.0498046875,3.602159031177422,-6669.0,-0.12536490231927488,-994.8845539789447,-3689046.1217218908,-6.506751931168351,4917.115027139047,4923.787490234375,4924.325929797113,42.562444551536956,0.6572834496359223,0.9640947360436893
15,4912.0,4912.0,4907.0,4910.0,4910.0,3800.0,4927.42400390625,4924.118838792743,32.17041851103561,0.0,-82.19594888290011,-8.858273494944115,-3.865770462166438,-3.5249927672894175,-0.3407776948770205,-25.699784714954276,4920.235500226187,-0.14845148714628578,-0.5547293223466646,-0.010757796947507758,26.022924813649944,-204.9707079431228,1.150097656250182,4916.4625244140625,4924.52490234375,44.0,100.0,-56.0,4918.95,4927.066799470495,4910.833200529504,-0.05132568154066618,0.3300216294329321,4919.026684570313,4922.41171875,4915.641650390625,4927.7001953125,4907.0,3.702004814664749,-10469.0,0.03650155449714916,-1938.4724748390954,-516421.6694078947,-8.053983201526446,4912.981243993591,4923.836989746093,4924.183383231967,43.876909257800115,0.5519247985675918,1.1066541209142564
16,4910.0,4910.0,4908.2998046875,4910.0,4910.0,91.0,4927.006005859375,4923.565158840087,32.17041851103561,0.0,-78.57142857142857,-9.502273380055158,-4.094331154285101,-3.638860444688554,-0.45547070959654645,-27.24286759963609,4918.80839575713,-0.20528236124832716,-0.5096368853270011,-0.011041284785296212,25.977577139709165,-185.6654114409666,-0.3000000000001819,4915.824951171875,4924.52490234375,40.0,96.0,-56.0,4918.3,4927.071113592028,4909.528886407972,0.026855973707608335,0.3566725735326469,4918.275846354167,4921.493375651042,4915.058317057292,4926.0,4907.0,3.5590184216529814,-10378.0,0.05544547002512791,-1661.5478355763676,-654103.7297510839,-8.053983201526446,4912.1310836192915,4923.911989746094,4924.042255040604,45.09748362790162,0.6464034827347384,1.1560403680617395
17,4910.0,4910.0,4908.4501953125,4908.4501953125,4908.4501953125,68.0,4926.496005859375,4922.9724151723385,30.45214738954688,0.0,-89.64146205357143,-10.47032398897045,-4.350375020285355,-3.7811633598079144,-0.5692116604774409,-29.052686845218567,4917.529779548848,-0.19418065651687677,-0.3761272159415827,-0.01140368197496493,25.71177757925973,-172.41558822042887,2.424902343749636,4915.362548828125,4924.52490234375,36.0,100.0,-64.0,4917.475,4926.681988898754,4908.268011101247,0.009893799876188698,0.37446001855641275,4917.510847981771,4920.698372395834,4914.323323567709,4926.0,4907.0,3.4155031549277686,-10446.0,0.03304932939603847,-1439.2391046011721,171379.48204489314,-8.07544689169956,4911.121843454072,4923.956989746093,4923.887110167688,46.230874114424445,0.7511327145559319,1.1272599304975146
18,4907.2001953125,4910.0,4907.2001953125,4909.9501953125,4909.9501953125,194.0,4926.054013671875,4922.461739883718,34.11980534191997,0.2785527074703884,-78.92717633928571,-11.54651596966869,-4.381744145836819,-3.9012795170136956,-0.4804646288231238,-29.499215505206756,4917.0976281713265,-0.20223393216821633,-0.4408173600942431,-0.011721716222763967,25.403423101664288,-145.70550257509476,0.2599853515621362,4915.362548828125,4924.52490234375,32.0,96.0,-64.0,4916.740014648438,4925.885315250511,4907.594714046365,0.1287809645973327,0.3720066781984123,4916.749186197916,4919.886710611979,4913.611661783854,4926.0,4907.0,3.371524692968642,-10252.0,0.051200879090890085,-1192.0620896581474,-901998.9328286083,-8.016161376227092,4910.996846142832,4923.964741210937,4923.748434397985,47.44922445326052,0.6786929284699821,1.1195102885642252
19,4910.39990234375,4910.39990234375,4905.0,4906.75,4906.75,703.0,4925.51201171875,4921.845593221612,30.432473203817125,0.0,-88.25495657873176,-11.953248506433738,-4.611672925590028,-4.043358198728963,-0.5683147268610655,-31.02416542786405,4915.416845583456,-0.20846044335977224,-0.491989054144385,-0.012100495017582194,25.308556217554273,-148.78859622211647,-1.090014648437318,4914.237548828125,4923.52490234375,28.000000000000004,100.0,-72.0,4916.090014648437,4926.094743494047,4906.0852858028275,0.03322000063321177,0.40701975821430625,4916.038354492188,4919.168383789062,4912.9083251953125,4926.0,4905.0,3.5164088108815963,-10955.0,0.061005680476263875,-1343.158548948055,-691422.9175952895,-8.474360994389254,4910.521361826892,4923.9759912109375,4923.5792957472595,48.84635584368956,0.6320813836898396,1.1240704378342246
20,4907.10009765625,4907.89990234375,4907.10009765625,4907.89990234375,4907.89990234375,258.0,4925.030009765625,4921.298703383264,33.224947040284135,0.21176745734308897,-80.13778803384503,-11.61795438878653,-4.647531777741278,-4.1641929145314265,-0.48333886320985187,-31.452400219160854,4914.545251536818,-0.14445773461342828,-0.4768254036691313,-0.012434558929228168,25.129346924339828,-121.52852364932858,1.8124023437503638,4914.237548828125,4923.52490234375,24.0,96.0,-72.0,4915.3375,4925.428716886664,4905.246283113335,0.131481627053399,0.41060117994601064,4915.326676432292,4918.334195963542,4912.319156901041,4926.0,4905.0,3.347372634657911,-10697.0,0.04886598077270051,-1108.896641285833,-61985.226564629134,-8.41389840618166,4910.332173036523,4923.974489746094,4923.4232818825485,50.14369213480224,0.6743915321102896,1.1512169357794209
21,4907.89990234375,4910.39990234375,4907.89990234375,4910.39990234375,4910.39990234375,173.0,4924.56701171875,4920.87129942093,38.96148945667273,0.6467985704712078,-62.10594846491228,-10.942948644301396,-4.423232795492368,-4.216000890723615,-0.20723190476875253,-30.078531298643306,4914.274032809205,-0.13727464352434376,-0.3942254363547387,-0.012600917805683927,24.878120600392215,-79.57616167317266,2.1427001953125,4914.1375732421875,4923.52490234375,20.0,92.0,-72.0,4914.5574951171875,4923.5872913860885,4905.5276988482865,0.26978479637705555,0.367471385892727,4914.550838216146,4917.545857747396,4911.555818684896,4923.85009765625,4905.0,3.286846017896632,-10524.0,0.06707168038705245,-888.6971211021427,2384251.94183526,-8.325775174533527,4910.2622139520045,4924.000988769531,4923.293696016491,49.942665095337944,0.7026589092490892,1.096884345603828
22,4908.39990234375,4910.0,4906.0,4908.60009765625,4908.60009765625,218.0,4924.019013671875,4920.390075822315,36.52851243151454,0.4622935800703824,-74.73615679824562,-10.482085822610316,-4.340666926401354,-4.240934097859163,-0.09973282854219168,-29.64466958611841,4913.825431652205,-0.1647466254699137,-0.3701805311262424,-0.012694618225076374,24.818960931296544,-90.06505934703179,3.252392578125182,4913.199951171875,4923.52490234375,16.0,88.0,-72.0,4913.897509765625,4922.638379591897,4905.156639939352,0.19697454517327642,0.3557611777169284,4913.863338216146,4916.875862630209,4910.850813802083,4921.0,4905.0,3.3663500411718728,-10742.0,0.08697957157265812,-817.7914497839795,-2109912.5573394494,-8.405678528573542,4909.994600845804,4924.008239746094,4923.147491057683,50.08690852139625,0.7060677018700564,1.0762482329962988
23,4909.4501953125,4910.64990234375,4907.14990234375,4910.64990234375,4910.64990234375,193.0,4923.4580078125,4920.008108234921,41.04397684758808,0.804724153860428,-60.3515625,-9.735357306984952,-4.0629950946195095,-4.205346297211232,0.14235120259172263,-27.90395248458491,4913.571098583025,-0.13219039746788658,-0.3584072679304695,-0.012629521489875641,24.773831861974596,-62.71852348959445,3.184985351562318,4912.0,4923.52490234375,12.0,84.0,-72.0,4913.565014648438,4922.268741548695,4904.86128774818,0.3325365479584727,0.3542733992247929,4913.453336588542,4916.383341471354,4910.523331705729,4921.0,4905.0,3.375896466802453,-10549.0,0.15252027530942194,-644.448056288054,1631947.2555051816,-8.325082778906273,4909.942175438162,4923.993239746093,4923.023136941126,49.88018142273232,0.7276547307504095,1.086061998680879
24,4909.4501953125,4910.9501953125,4909.25,4910.9501953125,4910.9501953125,420.0,4922.9030078125,4919.652895963453,41.69834476303241,0.8543481925213827,-58.24424342105263,-8.622242647058556,-3.77518900560608,-4.119314838890202,0.3441258332841217,-26.302468390492344,4913.542804125599,-0.11796012991305233,-0.2505551124237395,-0.012424257963340854,24.562571623841944,-43.37279973215712,5.742578125000364,4911.737548828125,4923.52490234375,8.0,80.0,-72.0,4913.10751953125,4921.338172535319,4904.87686652718,0.3689457435708347,0.3350487637956224,4913.015006510416,4915.887516276041,4910.142496744791,4921.0,4905.0,3.2562035272094207,-10129.0,0.19499990460108982,-534.3664701219035,485849.15342785063,-8.299399203537813,4909.784232598603,4923.986740722657,4922.903008168702,49.52654906358431,0.814560113824994,1.0651152262487336
25,4909.5,4910.89990234375,4908.25,4910.75,4910.75,53.0,4922.331005859375,4919.303762788416,41.368690260400065,0.8293488192372002,-59.64912280701754,-7.679312672334163,-3.522647804036751,-3.999981431919512,0.4773336278827611,-25.07518688946982,4913.516953847412,-0.16467461897465754,-0.2866473688116974,-0.012117589349634207,24.413889414718486,-45.00745074499181,-0.7450195312503638,4911.737548828125,4923.52490234375,4.0,76.0,-72.0,4912.74501953125,4920.7163638666825,4904.773675195818,0.3748630439672126,0.32451691686586803,4912.563338216145,4915.418343098958,4909.708333333333,4919.89990234375,4905.0,3.2164886547301768,-10182.0,0.20875646031800218,-459.5441674705601,-2625635.659919595,-8.301559753154592,4909.757851473418,4923.985991210938,4922.782082714288,49.40376255106671,0.7871722280539916,1.073819596865689
26,4907.2998046875,4909.5498046875,4907.2998046875,4908.10009765625,4908.10009765625,201.0,4921.6930078125,4918.864403371469,37.178855799778574,0.5116124169019772,-77.61678124449145,-7.3390309053311285,-3.496031974912512,-3.8991915405181126,0.4031595656056006,-25.161626273720966,4913.4222693677975,-0.07939540602096906,-0.4049161684768433,-0.011837702387070331,24.309991350467953,-68.19048473563187,-2.155029296875,4911.737548828125,4923.52490234375,4.0,72.0,-68.0,4912.155029296875,4919.653466923491,4904.656591670259,0.22961489829347653,0.30530134256324537,4912.027506510416,4914.865006510417,4909.190006510416,4919.60009765625,4905.0,3.233181987428021,-10383.0,0.19006360460321556,-469.9850537024444,-1287477.4078824627,-8.410021876270962,4909.691688846253,4923.971491699219,4922.635993310726,49.479003800764204,0.7157970515509092,1.1207132200277525
27,4907.5498046875,4909.0,4907.5498046875,4908.64990234375,4908.64990234375,29.0,4921.090009765625,4918.463834703715,38.569050327581564,0.7222323706601166,-69.06811222378549,-6.768604951746056,-3.3914792337182007,-3.7976490791581305,0.40616984543992984,-24.847954742055208,4913.397474889809,-0.027496897275967415,-0.41215285868621176,-0.011542870414743962,24.14927779059407,-62.29852423624222,-1.7375244140621362,4911.2000732421875,4923.52490234375,8.0,68.0,-60.0,4911.737524414062,4919.037644981576,4904.4374038465485,0.28852252906257503,0.29725206329646103,4911.554166666667,4914.334171549479,4908.774161783854,4919.25,4905.0,3.105825796361734,-10354.0,0.19804823329764212,-400.5665694681667,-749612.676686254,-8.40677330032095,4909.657159712453,4923.9507421875,4922.496828226478,49.54887067548331,0.7136441629419366,1.1257970216281483
28,4907.0498046875,4909.0,4907.0498046875,4908.0498046875,4908.0498046875,159.0,4920.5080078125,4918.0554413697455,37.59124013161155,0.6354383582456768,-56.431361607142854,-6.411981560202548,-3.3187863950061,-3.7018765423277245,0.3830901473216244,-24.847039819321477,4913.291452911046,-0.039718845468431775,-0.27515083659886796,-0.0112520036682767,23.916730897858557,-65.72006951047504,-2.9398193359375,4910.737548828125,4923.52490234375,4.0,64.0,-60.0,4911.3900146484375,4918.697532292479,4904.082497004396,0.2714538559026917,0.29757431693457814,4911.149991861979,4913.824991861979,4908.474991861979,4919.25,4905.0,3.0232807618001813,-10513.0,0.22464805377326139,-356.9735634503929,-306634.4830974843,-8.426211542860559,4909.218256309944,4923.900991210938,4922.353076748479,49.72008827692537,0.8726006095664613,1.1477514461653293
29,4908.0,4909.4501953125,4906.7001953125,4908.75,4908.75,348.0,4919.93201171875,4917.6905221003435,39.517983316180676,0.806463136438988,-36.97685869030035,-6.289761891084709,-3.1681563523397926,-3.595132504330138,0.42697615199034544,-24.334701874317457,4913.173938235614,0.00610792970429463,-0.07701545323778969,-0.010926531800658541,23.798998736270136,-57.73559639490091,-1.019824218749818,4910.737548828125,4921.449951171875,8.0,60.0,-52.0,4910.97001953125,4917.858626410758,4904.081412651742,0.33886295370884073,0.28053956151683873,4910.698331705729,4913.468326822916,4907.928336588541,4919.25,4905.0,3.0037607073858825,-10165.0,0.2400545365346435,-271.16763027890823,39743.00691451149,-8.376564946259784,4908.5672050747735,4923.887490234375,4922.217722750982,49.571783878055065,0.9378307401982132,1.014846193436003
30,4906.7001953125,4908.60009765625,4905.85009765625,4908.35009765625,4908.35009765625,51.0,4919.389013671875,4917.324230945673,38.78156756020888,0.741096178179161,-43.69768586903003,-6.231792853860497,-3.045938057416606,-3.485293614947432,0.4393555575308259,-24.089092437350544,4913.13693203859,-0.03258887753642804,-0.10077459927908583,-0.010586415661700406,23.753619063847843,-73.93272369418784,-3.802514648437864,4910.7000732421875,4921.449951171875,4.0,56.00000000000001,-52.00000000000001,4910.552514648438,4916.999333915421,4904.105695381455,0.32918576580334274,0.26257001621514703,4910.274161783854,4913.089152018229,4907.459171549479,4919.25,4905.0,2.9963422528404626,-10216.0,0.2234448013164999,-235.34297160067135,-4583859.9111519605,-8.38071977580524,4908.525440333772,4923.851740722656,4922.079736431631,49.6376695788034,0.8795792110846946,0.9803538103637804
31,4908.35009765625,4908.35009765625,4906.5,4906.64990234375,4906.64990234375,150.0,4918.80201171875,4916.905629824029,35.7327962449813,0.470476075757193,-72.27145905137043,-5.946449908088653,-3.051099554329994,-3.3984548028239447,0.3473552484939506,-24.68091424063661,4912.661472590397,-0.0020399991083711218,-0.09350784410709079,-0.01029798025984855,23.719277157345523,-88.41417520312409,-2.127612304687318,4910.425048828125,4921.449951171875,28.000000000000004,100.0,-72.0,4910.027514648437,4915.926662920927,4904.128366375948,0.213720341592475,0.24028982545984645,4909.8074951171875,4912.617504882813,4906.997485351562,4919.25,4905.0,2.9144676387982864,-10366.0,0.2005972257706115,-238.1553037827183,246619.46296691892,-8.432678028945494,4908.451209129052,4923.804990234375,4921.92620574419,49.698849158069706,0.8934926251442631,0.9870004692513539
32,4906.35009765625,4906.35009765625,4905.0498046875,4905.0498046875,4905.0498046875,44.0,4918.1830078125,4916.44069550495,33.09582687996071,0.23640902189808918,-99.16297390448055,-5.920259363510922,-3.1480162147545343,-3.3483670852100627,0.20035087045552835,-25.93065238456212,4912.133485800439,-0.05807163375294076,-0.14746308513980522,-0.010100052496109273,23.65671962746912,-155.7254548710358,0.9573974609375,4910.1500244140625,4921.449951171875,24.0,100.0,-76.0,4909.4425048828125,4914.859899281226,4904.025110484399,0.09457445108675572,0.2206928543526194,4909.205826822917,4911.945841471354,4906.465812174479,4918.85009765625,4905.0,2.820584068616266,-10410.0,0.1971396492896744,-214.19087422447285,-5098028.074611316,-8.447026779778799,4908.368948621962,4923.7052392578125,4921.758281355567,50.0995018470985,0.8846999685830977,1.032163053722903
33,4905.0498046875,4907.14990234375,4905.0498046875,4906.35009765625,4906.35009765625,111.0,4917.579013671875,4916.044985785393,37.15456672145707,0.47180835851364816,-77.96259516716319,-5.822179457720267,-3.0843461681242843,-3.2955629017929073,0.21121673366862304,-25.907565248308185,4911.52860106586,-0.08247402997802715,-0.08530315650400655,-0.009899921108218178,23.56091296123977,-134.8172780020566,-0.2174072265625,4910.0499267578125,4921.0,20.0,96.0,-76.0,4908.8175048828125,4912.281274245916,4905.353735519709,0.14382628173149353,0.14112438931202773,4908.608317057291,4911.345841471354,4905.870792643229,4916.7998046875,4905.0,2.7691207534472473,-10299.0,0.19521646574019802,-162.9732465450839,756607.1845389701,-8.417601488440607,4908.555950245061,4923.616989746094,4921.604966094878,49.86583905085774,0.9382198351380073,1.0235229916420139
34,4908.0,4908.2001953125,4906.7998046875,4906.7998046875,4906.7998046875,105.0,4917.030009765625,4915.682429663907,38.54317976515934,0.6332277316061262,-70.3409467063886,-5.530595128676396,-2.9634389192042363,-3.2291381052751733,0.265699186070937,-25.51554084444703,4911.072022993522,-0.03667630144915657,0.008639612765238947,-0.00966973009271073,23.55195453045212,-70.5085216606358,2.0924072265625,4909.71240234375,4921.0,16.0,92.0,-76.0,4908.5574951171875,4911.80030958449,4905.314680649885,0.2289868958877286,0.13212902041090493,4908.324153645834,4910.794197591146,4905.854109700521,4912.0,4905.0,2.7034762465045867,-10194.0,0.2448754970742394,-132.9457487127505,1867382.8669956753,-8.407977381448365,4908.601476608695,4923.522487792969,4921.457651055999,48.89710452781573,0.92650700737322,0.9178673946079811
35,4907.7998046875,4907.7998046875,4907.7998046875,4907.7998046875,4907.7998046875,26.0,4916.551005859375,4915.373307115813,41.63162647883888,0.9922443306598854,-53.39291625289639,-4.920795036764503,-2.755167554161744,-3.1343439950524874,0.3791764408907432,-24.34328703066506,4910.903784233452,-0.05803911321166895,-0.07229837049238197,-0.009370677117897302,23.44659495508416,-30.06061844432826,2.502709960937864,4909.6875,4919.77490234375,12.0,88.0,-76.0,4908.447485351562,4911.635916308204,4905.25905439492,0.39843269732517095,0.12991606678720666,4908.230810546875,4910.450854492187,4906.010766601563,4910.9501953125,4905.0,2.581799371754259,-10168.0,0.29053895352992215,-110.23921318235757,0.0,-8.40267861218226,4908.512385311043,4923.411486816406,4921.3217520871585,47.99756532784816,0.899097005706218,0.9713953761986
36,4907.7998046875,4908.0,4907.7001953125,4907.7001953125,4907.7001953125,161.0,4916.081005859375,4915.072400770585,41.40840119318129,0.966295499318673,-55.08109897384972,-4.418872070312318,-2.5685401094233384,-3.021183217926658,0.45264310850331935,-23.41673920921065,4910.875967064517,-0.06617863897504242,0.0,-0.009023994262312577,23.284467111320268,-25.452214784179823,2.417504882812864,4909.6875,4919.625,8.0,84.0,-76.0,4908.332495117187,4911.453845639483,4905.211144594891,0.39871374583363745,0.12718578154193882,4908.1491536458325,4910.299178059895,4905.99912923177,4910.9501953125,4905.0,2.418799751450383,-10329.0,0.21623125182539427,-96.7817697813065,9365.259490398146,-8.405946290166948,4908.489674355371,4923.288488769531,4921.186214208804,47.01041206087368,0.9604859141931912,0.9604859141931912
37,4908.0,4908.0,4906.0,4906.0,4906.0,1031.0,4915.577001953125,4914.716620348208,37.69332487847271,0.5344363198080758,-83.89606090698445,-3.8390093635107405,-2.528679029678642,-2.9226823802770547,0.3940033505984126,-23.570075295876336,4910.614441353795,-0.09672656926131445,-0.1268066587648381,-0.008710251410807961,23.189994365453966,-97.40573666435009,-0.1098876953128638,4909.6875,4919.625,4.0,80.0,-76.0,4908.209985351563,4911.491468330261,4904.928502372864,0.16326423664105028,0.13371404192127012,4908.034147135417,4910.206681315104,4905.861612955729,4910.9501953125,4905.0,2.388885483489642,-11360.0,-0.03684366077353717,-333.370283696477,-164907.4017943744,-8.76311997589084,4907.772720993604,4923.168488769531,4921.035107599761,46.680774896509305,0.8550781042687565,0.9818847630335946
38,4905.0,4906.2998046875,4905.0,4905.2001953125,4905.2001953125,388.0,4915.021005859375,4914.343427209554,36.05458655291258,0.3466294678873119,-96.60680294628817,-3.545907054228337,-2.5324340672887047,-2.8446327176793846,0.31219865039067995,-24.14318620199946,4910.301266366709,-0.059084009821535256,-0.3161900658804099,-0.00844685587662948,23.116330679910696,-158.05813542227534,0.6774169921873181,4909.362548828125,4919.10009765625,4.0,76.0,-72.0,4907.972485351563,4911.400109399458,4904.544861303667,0.09559595796910257,0.13967576461057563,4907.856640625,4909.954174804688,4905.759106445313,4910.9501953125,4905.0,2.31109399806181,-11748.0,-0.12984058801152906,-330.07798870412313,-452284.34592178185,-8.826373995203936,4907.080271705643,4923.064489746093,4920.877546283471,46.67623000341083,0.7389735580806721,1.055163623961082
39,4908.0,4908.0,4902.0,4902.5,4902.5,729.0,4914.441005859375,4913.878979083689,31.13342149528181,0.0,-93.37731212003622,-3.6194364659932035,-2.7219165966998844,-2.8200894934834846,0.0981728967836002,-26.12321941102172,4909.14607089808,-0.12528704360874435,-0.29016249099495717,-0.008319379549154569,23.21228302679516,-202.89814387883743,0.2898193359378638,4907.2874755859375,4917.5,40.0,100.0,-60.0,4907.759985351562,4911.9143453156685,4903.605625387456,-0.13306807751475616,0.16929760120731496,4907.695808919271,4909.823347981771,4905.568269856771,4910.9501953125,4902.0,2.5745872839145383,-12477.0,-0.20343393231301143,-564.1300450053199,-534899.0483539095,-9.227671048215916,4906.435778277652,4922.951989746094,4920.694685126422,47.40199808410363,0.7032898423116946,0.9934523333066517
40,4902.0,4903.0498046875,4900.2001953125,4902.0,4902.0,424.0,4913.861005859375,4913.413136766681,30.308465340253193,0.0,-80.54265202702703,-4.355137005974029,-2.879238617218107,-2.831919318230409,-0.0473192989876976,-28.009556155844916,4908.074760857296,-0.12326290335770537,-0.44481097411611015,-0.008292117056348766,23.23777542299618,-250.68204673942637,1.2850097656246362,4905.150146484375,4916.60009765625,36.0,100.0,-64.0,4907.464990234375,4912.317019617202,4902.612960851548,-0.06316541009808604,0.19774076401898838,4907.401643880208,4909.631673177084,4905.171614583333,4910.9501953125,4900.2001953125,2.594231718992071,-12901.0,-0.22589817734773426,-513.8257528617028,-2268262.1793926884,-9.270914291459139,4905.806169937127,4922.851740722656,4920.508668358995,48.41529181255013,0.7090552788437985,1.1538662529599086
41,4901.0498046875,4904.9501953125,4900.2001953125,4904.9501953125,4904.9501953125,208.0,4913.460009765625,4913.081256709655,40.351579740609374,0.8869532348287864,-48.648648648648646,-4.947621783087925,-2.7343415585946786,-2.8124037663032633,0.07806220770858463,-26.694193211987677,4908.01118457148,-0.07740880443086326,-0.334328533819658,-0.008199708973830733,23.51399123985959,-150.269963785368,1.1575927734375,4904.8876953125,4916.22509765625,32.0,96.0,-64.0,4907.1925048828125,4911.966108652128,4902.418901113497,0.26513451066824534,0.1945553904627077,4907.091658528645,4909.43418782552,4904.74912923177,4910.9501953125,4900.2001953125,2.7482151676354944,-12693.0,-0.2174001705726955,-352.7591274528881,2169917.179987981,-9.145732605412633,4905.658115478412,4922.763742675781,4920.3538576819155,48.072246700576216,0.7304428397040872,1.0647713735237452
42,4904.9501953125,4907.4501953125,4902.0498046875,4905.0,4905.0,327.0,4913.111005859375,4912.764344681825,40.50744707972019,0.9007185903865791,-48.1102195945946,-5.046885052849575,-2.5856846110000333,-2.7670599352426177,0.1813753242425844,-25.591060632787077,4907.9976218502725,-0.06825302982869295,-0.17053251442198802,-0.008049640238526038,23.96149598500959,-79.90837317583438,-0.3625976562498181,4904.8876953125,4915.125,28.000000000000004,92.0,-64.0,4907.0125,4911.831507985482,4902.193492014518,0.29119146450236977,0.19641311227481612,4906.923323567708,4909.335872395834,4904.510774739583,4910.9501953125,4900.2001953125,2.937656271732959,-12366.0,-0.21961778170790114,-300.0383759864041,3591680.3809116376,-9.142412259198263,4905.500342459341,4922.662243652344,4920.201082978613,46.35714704255231,0.819928323052532,0.9904608374745201
43,4905.0,4907.2001953125,4905.0,4907.2001953125,4907.2001953125,16.0,4912.755009765625,4912.546142745773,47.08562404767732,1.0,-16.665697843399407,-4.6237591911767595,-2.264234845237297,-2.666494917241554,0.40226007200425684,-22.596720735056262,4907.988723985661,0.011215248279424677,-0.10111858033625043,-0.007764175183628199,24.234463993995334,-12.325051286039006,-1.790209960937318,4904.837646484375,4914.2001953125,24.0,88.0,-64.0,4906.840014648437,4911.363811717509,4902.316217579366,0.5398095514192257,0.18438738803655597,4906.7725016276045,4909.120060221355,4904.424943033855,4910.9501953125,4900.2001953125,2.8849804889306045,-12350.0,-0.26295693998180164,-252.14673298834637,18565490.84186554,-9.13523527143068,4905.246069622958,4922.591994628906,4920.071720912284,44.76455450295869,0.9085929152070118,1.0097114955432622
44,4905.14990234375,4907.9501953125,4905.0,4907.9501953125,4907.9501953125,13.0,4912.424013671875,4912.365909513095,49.14967946666749,1.0,-4.906836019411659,-4.055208812040291,-1.9267544322301546,-2.5185468202392745,0.5917923880091198,-19.491149535097847,4907.988179790579,0.059130706934479,-0.03320006483332427,-0.007355255880401264,24.304069570245375,16.159867686959497,-0.3399169921876819,4904.837646484375,4914.2001953125,20.0,84.0,-64.0,4906.690014648438,4910.8424263723955,4902.53760292448,0.6517408132714252,0.1692551072744028,4906.601668294271,4909.011726888021,4904.191609700521,4910.89990234375,4900.2001953125,2.889638690614133,-12337.0,-0.375336361619885,-214.73291399001118,8510178.786057692,-9.133248395083285,4905.219901400236,4922.516496582031,4919.951108717261,42.88495128532382,0.9363823005024583,0.9695823653357826
45,4905.2998046875,4907.4501953125,4905.0,4905.0,4905.0,56.0,4912.029013671875,4912.077050316503,42.1797846822757,0.6300718872134466,-40.00244140625,-2.842543658088289,-1.875732601585696,-2.389983976508559,0.5142513749228628,-18.84333759690665,4907.892219365414,-0.027517352601783104,-0.05637772155880927,-0.006984152540567039,24.452243342630798,-27.392944915335644,0.3972900390626819,4904.837646484375,4913.9501953125,16.0,80.0,-64.0,4906.402514648437,4910.169002643463,4902.636026653412,0.31381665754812693,0.15353359141571188,4906.394173177084,4908.794246419271,4903.994099934896,4909.5498046875,4900.2001953125,2.893964163605981,-12393.0,-0.3975949756011954,-207.6583459200096,-1093837.1930803573,-9.166910296880456,4905.1488400401895,4922.426496582031,4919.802341466344,41.13960544037716,0.9073916291994915,0.9637693507583007
46,4905.5498046875,4907.64990234375,4905.5,4907.64990234375,4907.64990234375,40.0,4911.72201171875,4911.903436670514,49.154434368192135,1.0,-6.878662109375,-1.7095056870402914,-1.602994141590898,-2.232586009525027,0.629591867934129,-15.961598152223294,4907.89115512499,0.017324889746630705,0.04569155649613077,-0.006535289689785253,24.54306233066052,30.03760779387136,1.4197998046875,4904.837646484375,4913.9501953125,12.0,76.0,-64.0,4906.3800048828125,4910.11085500809,4902.649154757535,0.6701887530047986,0.15208158037349034,4906.325008138021,4908.720076497396,4903.929939778646,4909.4501953125,4900.2001953125,2.876531176473411,-12353.0,-0.3898953533537148,-162.85056882429396,1880377.2330284119,-9.145300491834588,4905.1644284087015,4922.34724609375,4919.6814216740795,39.402388277172584,0.9477938270503193,0.9021022705541886
47,4905.64990234375,4905.64990234375,4905.60009765625,4905.60009765625,4905.60009765625,25.0,4911.335009765625,4911.656246905249,44.666073503394905,0.7618397410001426,-32.501220703125,-1.1771484375003638,-1.5345596065053542,-2.0929807289210927,0.5584211224157385,-15.026251083796991,4907.877145492732,-0.04482063488304948,-0.024828941993464082,-0.006122378741720218,24.386758348894148,-29.286611771817736,1.4726806640628638,4904.837646484375,4913.9501953125,8.0,72.0,-64.0,4906.227514648437,4909.821592239522,4902.633437057352,0.4127151576049105,0.14651084077752705,4906.185847981771,4908.510896809896,4903.860799153646,4909.4501953125,4900.2001953125,2.8174792844038814,-12378.0,-0.39931456487035005,-146.90693287618055,-189248.08502197266,-9.155742377096823,4905.135748653891,4922.291496582031,4919.541308997285,37.78925805419691,0.8980545343137255,0.9228834763071896
48,4906.89990234375,4906.89990234375,4905.60009765625,4906.89990234375,4906.89990234375,169.0,4910.980009765625,4911.469723589112,47.913930862102475,0.934176719475097,-14.104169275071992,-0.9361443014704491,-1.3597668235288438,-1.946337947842643,0.5865711243137992,-13.203064674492241,4907.862823091621,-0.0163068838132041,-0.06631351267339292,-0.005687631016867682,24.17150935107769,19.422159077906837,-0.1700195312496362,4904.8251953125,4913.10009765625,4.0,68.0,-64.0,4906.17001953125,4909.681492701018,4902.658546361481,0.6039282912345969,0.14314518884545607,4906.10751953125,4908.400048828125,4903.814990234375,4909.4501953125,4900.2001953125,2.7090739560536043,-12209.0,-0.36111181616786836,-94.53922929565476,480696.99981508875,-9.11096355537991,4905.13607527649,4922.221245117187,4919.4155238564545,35.53286960473079,0.862075664754109,0.9283891774275019
49,4906.89990234375,4907.7001953125,4905.10009765625,4905.10009765625,4905.10009765625,590.0,4910.68701171875,4911.219934336843,44.05773088693049,0.7295600203042977,-37.1791661449856,-0.8599623736208741,-1.3508991558301204,-1.8272501894401387,0.4763510336100183,-12.928772768170344,4907.795982014886,-0.018342893268446802,-0.071229779092016,-0.005317422239961263,24.104980384550256,-1.4046452130641085,-0.7873291015621362,4904.8251953125,4913.10009765625,4.0,64.0,-60.0,4905.987524414062,4909.318427095125,4902.656621732999,0.3667888493324376,0.135789284603238,4905.990852864584,4908.275887044271,4903.705818684896,4908.60009765625,4900.2001953125,2.701289934639061,-12799.0,-0.5054938642608268,-232.7314487712755,66168.73256230757,-9.327370000744303,4905.236833901924,4922.16974609375,4919.273081804711,32.99934762757686,0.8549685659617822,0.9261983450537982
50,4905.0,4908.0,4905.0,4907.39990234375,4907.39990234375,183.0,4910.376005859375,4911.070129160643,49.63563874263627,1.0,-7.693752347564793,-0.7270436006438104,-1.1450964877649312,-1.6908194491050974,0.5457229613401662,-10.849116419657909,4907.773986420689,0.04484438847882459,-0.06429036458333337,-0.004904476842574595,24.115689910906017,51.12149807448377,-3.440014648437682,4905.2874755859375,4913.10009765625,16.0,60.0,-44.0,4905.940014648438,4909.160029520718,4902.719999776157,0.7266895889021798,0.13127004662372302,4905.950846354167,4908.248380533854,4903.65331217448,4908.35009765625,4900.2001953125,2.7226263678791276,-12616.0,-0.4773900270438424,-139.36063354502187,163694.28790983607,-9.241568641050613,4905.206674991132,4922.126745605468,4919.154940715547,30.812690075693236,0.8642810639880952,0.9285714285714286
51,4905.39990234375,4908.75,4905.39990234375,4908.75,4908.75,105.0,4910.031005859375,4910.979143703363,52.6221588102017,1.0,-0.0,-0.5638039981613474,-0.8631054506031433,-1.5252766494047068,0.6621711988015635,-8.175334666114196,4907.811487821945,0.12748597654258031,0.0034579470832722947,-0.004417336607864364,24.221326155895856,98.16762403608385,-4.045019531249636,4905.875,4913.10009765625,12.0,56.00000000000001,-44.00000000000001,4906.04501953125,4909.480540904092,4902.609498158407,0.8936783060255734,0.14005258244330093,4905.974178059896,4908.346712239583,4903.601643880209,4908.75,4900.2001953125,2.7674457456199044,-12511.0,-0.43335503573343903,-99.20050676626876,1834421.4984348842,-9.21268160173707,4904.824623139767,4922.0887451171875,4919.051408967134,29.193053396049464,0.9169529516450592,0.9134950045617869
52,4908.75,4909.5,4908.75,4908.75,4908.75,34.0,4909.770009765625,4910.891726303231,52.622158810201704,1.0,-8.064685498267353,0.12075769761031552,-0.6323363422789043,-1.3466885879795463,0.7143522457006419,-6.072372088453696,4907.847052919518,0.13769889840881275,0.16238662939934967,-0.003892779425475331,24.2600249875579,155.95361194309865,-1.279833984374818,4906.050048828125,4913.10009765625,8.0,52.0,-44.0,4906.230029296875,4909.826025125566,4902.634033468184,0.8503856543741224,0.14658896167600122,4906.150016276042,4908.495035807292,4903.804996744792,4909.5,4900.2001953125,2.6233424780756254,-12477.0,-0.43215983437451344,-85.02900579965895,4522166.532628676,-9.21268160173707,4904.783484596252,4922.075244140625,4918.948907385372,28.08062543436777,1.0175232445382465,0.8551366151388968
53,4908.75,4908.75,4905.0498046875,4905.0498046875,4905.0498046875,618.0,4909.525009765625,4910.662631337907,44.276765226935076,0.6259967631756714,-47.8525674682348,0.27426901424587413,-0.7395004978106954,-1.225250969945776,0.4857504721350807,-6.877052042584047,4907.797415771319,0.002030792791641257,0.0938212068237988,-0.0035053189345055835,24.424212069825504,6.991734378006624,-1.1650146484371362,4906.050048828125,4912.025146484375,4.0,48.0,-44.0,4906.165014648437,4909.796816009394,4902.53321328748,0.34646600266661465,0.1480505180772977,4906.155013020833,4908.580037434896,4903.729988606771,4909.5,4900.2001953125,2.7002605376773663,-13095.0,-0.5132093988566503,-399.55639113185055,-1332248.5303415835,-9.678527428704248,4905.273686277674,4922.0344921875,4918.81060785604,27.055617962212473,1.0012297305443365,0.9074085237205377
54,4905.0,4907.14990234375,4905.0,4907.14990234375,4907.14990234375,100.0,4909.266005859375,4910.524877259706,49.200939015972594,0.7211851392810613,-25.270397983828627,0.2511431525736043,-0.6475045046627201,-1.109701676889165,0.46219717222644485,-5.934170879467238,4907.792358857404,0.04383083269622834,0.2236112474236921,-0.003135945777595822,24.51159250518966,17.938349244798083,1.0176757812496362,4906.050048828125,4910.60009765625,88.0,44.0,44.0,4906.18251953125,4909.829732784886,4902.535306277615,0.6326194474007454,0.1486782539832616,4906.113346354166,4908.575846354166,4903.650846354167,4909.5,4900.2001953125,2.660949238111126,-12995.0,-0.4745990702269122,-312.4755115951576,-1773564.4578933716,-9.635712416831316,4905.921834899607,4921.997492675781,4918.69458093552,26.12525156029819,1.0452203356560996,0.8216090882324075
55,4907.5498046875,4907.5498046875,4907.0,4907.14990234375,4907.14990234375,65.0,4909.04900390625,4910.392525302218,49.200939015972594,0.7175979197572596,-31.54410800891336,0.4612706801472086,-0.5680489031410616,-1.0013711221395443,0.43332221899848267,-5.198062889896175,4907.779844751285,-0.0010248811287145224,0.26402413934988345,-0.0027884344837039387,24.435427639153055,65.63277131028164,1.8001708984375,4906.050048828125,4910.60009765625,84.0,40.0,44.0,4906.1500244140625,4909.750300019178,4902.549748808947,0.6388613038772297,0.14676581788978987,4906.085017903646,4908.575008138021,4903.595027669271,4909.5,4900.2001953125,2.5101531987817602,-12930.0,-0.4766904345827586,-267.8361527958494,1014982.7370276818,-9.635712416831316,4906.185258828692,4921.936491699219,4918.579708511721,25.023593984459673,1.1067343299958854,0.8427101906460019
56,4907.0,4909.25,4907.0,4908.64990234375,4908.64990234375,53.0,4908.82400390625,4910.3241871469845,52.66585512213417,1.0,-18.89105902777778,0.6676039751837379,-0.37966575205427944,-0.8770300481224914,0.497364296068212,-3.5150365274484416,4907.7888822272025,0.014256604150512331,0.2080110746636974,-0.0024053602220600314,24.427075520641587,123.06947908749017,-1.197509765625,4906.050048828125,4910.60009765625,80.0,36.0,44.0,4906.197509765625,4909.901863551123,4902.493155980127,0.8310148976220647,0.1510071202035597,4906.110009765625,4908.697509765625,4903.522509765625,4909.5,4900.2001953125,2.491570827440206,-12877.0,-0.4507441327458913,-218.21670239644234,3608905.144457547,-9.619511566728482,4906.453357132418,4921.9069921875,4918.48090447025,23.403944263788826,1.0600981070751452,0.8520870324114478
57,4907.0,4907.0,4907.0,4907.0,4907.0,9.0,4908.62400390625,4910.19382686671,48.72877547166537,0.6245419413259314,-55.55555555555556,0.29848345588197844,-0.3593615813078941,-0.773496354759572,0.41413477345167793,-3.292117274160697,4907.777859009272,0.040774719673802244,0.056420382360594545,-0.002075878557797269,24.332946173605617,48.53285286197238,1.402392578124818,4906.050048828125,4910.050048828125,76.0,32.0,44.0,4906.247509765625,4909.966815219857,4902.528204311393,0.6011600477071007,0.1516150763624998,4906.126676432292,4908.614176432291,4903.639176432292,4909.5,4900.2001953125,2.4314516500337624,-12886.0,-0.3133791288119562,-189.16419078177202,-0.0,-9.622536659450343,4906.455640991607,4921.886242675781,4918.366666614825,21.899983808880183,0.9169307067089131,0.8605103243483185
58,4907.0,4907.0,4905.85009765625,4905.85009765625,4905.85009765625,119.0,4908.441005859375,4910.023484544731,46.13991155908288,0.37765594838600297,-81.10894097222223,0.3116024241726336,-0.4310885680433785,-0.7050147974163333,0.27392622937295485,-3.8928328420260456,4907.756537066742,-0.036673453145882835,-0.0033255466874310136,-0.001838167222449655,24.212724303533818,4.016862610050328,-0.6799072265621362,4906.050048828125,4909.900146484375,72.0,28.000000000000004,44.0,4906.280004882812,4909.973407527462,4902.586602238162,0.4418006553949782,0.15055816793880442,4906.163346354167,4908.643351236979,4903.683341471354,4909.5,4900.2001953125,2.3399124138706364,-13005.0,-0.2965926606630608,-181.6890747995546,-555577.8992276231,-9.650423021566956,4906.440363110524,4921.8494921875,4918.242123640112,20.786746221996918,0.8737590033093245,0.8770845499967556
59,4905.0,4906.4501953125,4905.0,4905.0,4905.0,22.0,4908.1980078125,4909.82648515082,44.26750020995138,0.024368761101636542,-100.0,0.3548627068012138,-0.5501862929868366,-0.674049096530434,0.12386280354359736,-4.948770565811901,4907.743548098092,-0.012232910231241819,-0.034965512531585086,-0.0017023950640971419,24.151346033128487,-46.16234747838914,0.4948974609378638,4906.050048828125,4909.72509765625,68.0,24.0,44.0,4906.405004882812,4909.728966105915,4903.081043659709,0.28865504310837925,0.13549477549426778,4906.229182942708,4908.481697591145,4903.97666829427,4909.5,4900.2001953125,2.2763611923441625,-13027.0,-0.17826489337363505,-158.40522817640394,-4613935.947418213,-9.654235235161993,4906.4468688010575,4921.810991210938,4918.110361215833,20.175507580584764,0.8548965375947551,0.8898620501263402
60,4905.0,4905.0,4905.0,4905.0,4905.0,115.0,4907.96400390625,4909.637211223337,44.26750020995138,0.024368761101636542,-100.0,0.0006117876837379299,-0.6372265470827188,-0.6666845866408909,0.029458039558172167,-5.8050126216047735,4907.652669474954,-0.03871899532416635,-0.12138489039420453,-0.001637427859100806,24.106079109366195,-103.9571308293687,-1.454907226562682,4906.050048828125,4909.72509765625,64.0,20.0,44.0,4906.555004882813,4909.288631110612,4903.821378655013,0.21557836492071947,0.11142751788491544,4906.391682942708,4908.501717122395,4904.281648763021,4909.5,4900.2001953125,2.1137639643195794,-12912.0,-0.2364016546866427,-135.7759098654891,-0.0,-9.654235235161993,4906.362661329718,4921.795490722656,4917.979909860452,19.607928842130622,0.8400790290714084,0.9614639194656129
61,4905.0,4905.0,4905.0,4905.0,4905.0,33.0,4907.721005859375,4909.455359802813,44.267500209951386,0.024368761101637368,-100.0,-0.5280675551466629,-0.6981586373613027,-0.6729793967849733,-0.025179240576329365,-6.511540559000779,4907.458245089044,-0.002040685291984736,-0.05230146893578769,-0.0016194914502057462,24.04538176375532,-121.56543599825996,0.8424072265625,4905.987548828125,4909.72509765625,60.0,16.0,44.0,4906.5574951171875,4909.285353770778,4903.829636463597,0.21452056081836499,0.1111923647610379,4906.47333984375,4908.345874023437,4904.600805664062,4909.5,4902.0498046875,1.962780824011038,-12879.0,-0.32903549182266145,-116.37935131327637,0.0,-9.654235235161993,4906.350779266013,4921.757490234375,4917.850756528507,19.080891442137492,0.9058573559155821,0.9581588248513698
62,4906.5498046875,4906.5498046875,4905.0,4905.0,4905.0,162.0,4907.486005859375,4909.280639810546,44.26750020995139,0.024368761101638194,-100.0,-0.7069106158087379,-0.7379412307436723,-0.6859717635767131,-0.05196946716695927,-7.102969650220786,4907.278070816913,-0.04890374519109027,-0.039345720697951836,-0.0016306725514240448,23.9927830470686,-84.62182117396377,2.1925048828125,4905.987548828125,4909.72509765625,56.00000000000001,12.0,44.00000000000001,4906.5574951171875,4909.285353770778,4903.829636463597,0.21452056081836499,0.1111923647610379,4906.507503255208,4908.18750813802,4904.827498372395,4909.5,4905.0,1.933282528545964,-12717.0,-0.4266082832172697,-99.75372969709404,741325.4843817817,-9.654235235161993,4906.280708497273,4921.726489257812,4917.7228883043435,17.85200399036506,0.9068319213894337,0.9461776420873855
63,4905.0,4906.5498046875,4905.0,4905.0,4905.0,869.0,4907.20900390625,4909.1127715826815,44.26750020995139,1.692099805711653e-15,-100.0,-0.7692842371316146,-0.76070034258737,-0.7009174793788444,-0.05978286320852555,-7.604034360048302,4907.267333838488,-0.07639419404125286,-0.054134607254586964,-0.0016576972812250574,24.01371899693239,-76.76191384314455,2.302514648437864,4905.987548828125,4909.72509765625,52.0,8.0,44.0,4906.447485351562,4909.2395007060395,4903.655469997085,0.2407812694796074,0.11381005759515694,4906.459993489583,4908.107478841145,4904.81250813802,4909.5,4905.0,1.9058912541855382,-11848.0,-0.5807808081923197,-85.50319688322347,0.0,-9.654235235161993,4906.088186957597,4921.696489257813,4917.596292400818,16.71089421371923,0.9242411431470364,0.9783757504016234
64,4905.0,4906.2998046875,4905.0,4906.2998046875,4906.2998046875,15.0,4907.095,4909.002459155419,48.863579656791046,0.5472594924718555,-71.11545138888889,-0.7379940257351336,-0.6661744825787537,-0.6939688800188263,0.027794397440072616,-6.893280747933131,4907.247304014804,-0.04991485230455818,-0.07945055446538585,-0.0016392051929144996,23.647802201469304,-44.018479192315866,-1.3151611328121362,4905.987548828125,4909.525146484375,48.0,4.0,44.0,4906.364965820312,4909.070672071526,4903.659259569098,0.48795857222436845,0.11029372132171256,4906.40498046875,4907.969946289062,4904.840014648437,4909.5,4905.0,1.8625993565651426,-11833.0,-0.5798459880810292,-70.50315871240583,-1083170.5729166667,-9.650260297279731,4906.030584289542,4921.675988769532,4917.483889537999,15.651292278262387,0.922899648610414,1.0023502030757998
65,4905.0,4906.2998046875,4905.0,4905.5,4905.5,333.0,4907.005,4908.865107815991,46.33167396346889,0.24578310575124473,-88.88888888888889,-0.5558033662691741,-0.6483261116882204,-0.6848403263527052,0.03651421466448479,-6.918291772585765,4907.176318407958,0.009178200638651454,-0.14729855906326494,-0.001619646147776544,23.33186584087179,-64.15976038046023,0.7599365234373181,4905.425048828125,4908.5,44.0,4.0,40.0,4906.389965820313,4909.053676231336,4903.7262554092895,0.33294621355426884,0.1085812758292583,4906.394140625,4907.901586914062,4904.886694335937,4909.5,4905.0,1.822399737346204,-12166.0,-0.5416361834110439,-98.47913045884786,0.0,-9.704544579027662,4905.908208365029,4921.641989746094,4917.364646856029,14.667376195338177,0.894062129356247,1.041360688419512
66,4905.5,4906.0,4905.0,4905.0,4905.0,326.0,4906.905,4908.713534960461,44.76989675285364,0.05982082778777025,-100.0,-0.4499224494484224,-0.6668400534490502,-0.6812402717719742,0.014400218322924041,-7.340844857215107,4906.799349141227,-0.04381162969411562,-0.369914546949351,-0.0016169515203974857,22.895343577261468,-78.27801614114087,0.8924316406246362,4905.425048828125,4906.10009765625,40.0,4.0,36.0,4906.257470703125,4908.920935799047,4903.594005607204,0.2639408331179207,0.10857420801194129,4906.314143880208,4907.764095052083,4904.864192708333,4909.5,4905.0,1.7636568989643322,-12492.0,-0.5951449417239568,-107.6963975361553,-45982.31403374233,-9.737772588404905,4905.805168500316,4921.605739746094,4917.24161554403,13.75373983262284,0.7244824235780662,1.0943969705274172
67,4905.0,4907.64990234375,4905.0,4906.9501953125,4906.9501953125,385.0,4906.875,4908.644384386032,51.620036250809115,0.8754733656459348,-54.11305147058823,-0.3465332031246362,-0.5181748255872662,-0.6486271825350327,0.13045235694776647,-5.851063598030319,4906.800069296285,-0.004069715317940788,-0.06199326102979885,-0.0015448897829689304,22.58184075108802,14.16583723454915,2.324926757812136,4906.0499267578125,4905.5751953125,36.0,12.0,24.0,4906.324975585938,4908.986810346533,4903.663140825342,0.6174414985891694,0.10850625565329665,4906.359977213541,4907.939933268229,4904.780021158854,4909.5,4905.0,1.8269601450204511,-12107.0,-0.49736710506970366,14.949544299366877,567802.6087872393,-9.584699154090435,4905.799385919812,4921.585490722657,4917.1392133526715,14.043263910316096,0.9083657997262293,0.9703590607560282
68,4905.0498046875,4905.0498046875,4900.5498046875,4905.0,4905.0,1093.0,4906.77599609375,4908.501467351285,45.53758991761383,0.151230773281567,-48.84947805589853,-0.8033116957722086,-0.5513652295348948,-0.6291747919350051,0.07780956240011039,-6.268262592620467,4906.767670182705,-0.07435654235612257,-0.2873021652067762,-0.0015040592405157669,22.737629179373943,-191.77869203284652,0.77001953125,4904.5623779296875,4905.5751953125,32.0,8.0,24.0,4906.22998046875,4908.938166560741,4903.521794376759,0.27291433694538164,0.11039784530165615,4906.213305664062,4907.953271484375,4904.47333984375,4909.5,4900.5498046875,2.153633750733276,-13200.0,-0.23739900511412146,-291.69517296661405,-1451341.187528591,-10.01909595693524,4905.093543734299,4921.551240234375,4917.018425160108,14.464868607890937,0.6490908701518429,0.9363930353586191
69,4904.7001953125,4904.7001953125,4897.0498046875,4901.0498046875,4901.0498046875,1542.0,4906.6619921875,4908.209245286039,36.22631270350407,0.0,-67.21363963819739,-1.5546214384185078,-0.8862010384164023,-0.6805800412312846,-0.20562099718511773,-9.830503861919267,4906.2797069994485,-0.12125932978398206,-0.4238387039402416,-0.0016402057013883253,23.30931707008148,-283.28599559403597,-0.1773681640625,4902.8123779296875,4904.0,28.000000000000004,100.0,-72.0,4906.0274658203125,4909.531997225288,4902.522934415337,-0.21017499311679622,0.14286635895911257,4905.961629231771,4907.954109700521,4903.969148763021,4909.5,4897.0498046875,2.5676738622880424,-14742.0,-0.09398037761773925,-1120.1960299535262,-954961.5911936482,-11.26093105823501,4903.802325293559,4921.503488769531,4916.859533414112,16.077080996870254,0.5430322236414493,0.9668709275816909
70,4901.0498046875,4903.75,4899.39990234375,4900.7998046875,4900.7998046875,207.0,4906.519990234375,4907.918678988058,35.728393556312284,0.0,-64.62296743286194,-2.185048540900425,-1.158380648925231,-0.7761401627700739,-0.38224048615515716,-12.787815440161404,4905.7836149907835,-0.1029442985052225,-0.405578231292517,-0.0018958212015573552,23.80850847754332,-213.60464676952063,-0.6974609375001819,4902.8123779296875,4904.0,24.0,100.0,-76.0,4905.6974609375,4909.812688666251,4901.582233208749,-0.09506503319156448,0.1677734006843795,4905.6874593098955,4907.747444661458,4903.627473958333,4909.5,4897.0498046875,2.6949898475710397,-14949.0,-0.1231993079481573,-967.5608828173082,1470944.9044748205,-11.271490020510905,4903.658362275434,4921.47673828125,4916.699735118325,17.574135358065334,0.6455026455026455,1.0510808767951625
71,4903.7998046875,4905.14990234375,4900.5498046875,4903.7001953125,4903.7001953125,171.0,4906.38599609375,4907.7532482556835,45.1479180376481,0.5927344744919121,-37.26104380671611,-2.5930147058816146,-1.1270556711315294,-0.846323264442365,-0.2807324066891643,-12.280954600674386,4905.752573078635,-0.026499585881753312,-0.23546930407801414,-0.0021013442846924187,24.276029729110288,-111.01110529950101,-0.4449707031253638,4902.8123779296875,4904.0,20.0,96.0,-76.0,4905.444970703125,4909.396465234997,4901.493476171254,0.2792258882616997,0.16110646660888395,4905.462459309895,4907.5849446614575,4903.339973958333,4909.5,4897.0498046875,2.831068976762394,-14778.0,-0.1285651385617012,-758.4855000041214,3429634.668673688,-11.170288825473179,4903.636132999651,4921.456240234375,4916.570386463542,18.082281349762894,0.7545988475177305,0.9900681515957447
72,4904.2998046875,4905.0498046875,4901.25,4902.2001953125,4902.2001953125,190.0,4906.257998046875,4907.535481473598,41.74077923700512,0.37833632408403484,-51.41185683357133,-3.1544950597426578,-1.2093274899980315,-0.9189241095534985,-0.29040338044453307,-13.000778890900497,4905.642333135492,-0.05708062563710499,-0.17283139437508865,-0.002320088184582716,24.788609192221628,-107.97492540684367,-0.1174804687498181,4902.8123779296875,4904.0,16.0,92.0,-76.0,4905.11748046875,4909.004173067536,4901.230787869964,0.12470853018307748,0.15847500551258803,4905.154125976563,4907.4291015625,4902.879150390625,4909.25,4897.0498046875,2.9002643846722234,-14968.0,-0.134931938478766,-690.8447142892469,600066.8124148721,-11.228408202402553,4903.551636107155,4921.436240234375,4916.4273994869145,18.554131199196345,0.8205722825596825,0.9934036769347712
73,4904.5,4905.0498046875,4901.39990234375,4902.0,4902.0,262.0,4906.085,4907.3184037687515,41.29288583732629,0.35015211378625766,-53.300474457598234,-3.017275103400607,-1.2759739543243995,-0.9903340785076786,-0.2856398758167209,-13.70640406837441,4905.520915849708,-0.06116207951070336,-0.12470167064439142,-0.002541735884418762,25.24336581890939,-94.18773087397442,0.0350097656246362,4902.8123779296875,4904.0,12.0,88.0,-76.0,4904.964990234375,4909.082779345473,4900.847201123278,0.139977891730208,0.16790289509897796,4904.980794270833,4907.253255208333,4902.708333333333,4909.25,4897.0498046875,2.9538099531777786,-15230.0,-0.07001387869646514,-599.6456368014974,104413.91522647771,-11.239107718902336,4903.510414583288,4921.406240234375,4916.283843273115,18.99227748795597,0.8553528810092056,0.980054551653597
74,4904.5,4904.60009765625,4902.0,4902.0,4902.0,68.0,4905.90599609375,4907.109838915075,41.29288583732629,0.35015211378625766,-53.300474457598234,-2.5815314797800966,-1.3136488314539747,-1.054997029096938,-0.2586518023570368,-14.268158116740324,4905.301841489434,-0.06116207951070336,-0.0796235520131734,-0.0027508491750434165,25.512154801152704,-79.73836555909098,0.2925048828128638,4902.8123779296875,4904.0,8.0,84.0,-76.0,4904.707495117187,4908.890130345703,4900.524859888671,0.17634099446108298,0.17055594987795228,4904.802465820312,4907.097436523438,4902.507495117187,4909.25,4897.0498046875,2.9285447891115086,-15162.0,-0.09820404993645303,-513.9819744012835,287522.2879297593,-11.239107718902336,4903.472388598898,4921.382490234375,4916.1417154793535,19.399127613232768,0.8782147308717081,0.9578382828848815
75,4902.0,4902.75,4900.0,4902.0,4902.0,230.0,4905.73099609375,4906.909453075268,41.29288583732629,0.35015211378625766,-53.300474457598234,-2.586221852021481,-1.328195828275966,-1.1096367889327436,-0.2185590393432224,-14.72483295649491,4905.135926966251,-0.06116207951070336,-0.15951697983476754,-0.002937215277595127,25.634941324261753,-114.19835133398252,1.849804687500182,4902.8123779296875,4904.0,4.0,80.0,-76.0,4904.45,4908.633569990232,4900.266430009768,0.20718787952393591,0.17060302338619712,4904.519970703125,4906.924951171875,4902.114990234375,4909.25,4897.0498046875,2.9157915898892584,-14932.0,-0.07397692662062466,-440.55597805824306,-2301688.816236413,-11.239107718902336,4903.389543239711,4921.347490234375,4916.001001892495,20.570885527829827,0.8415788399351103,1.0010958197698778
76,4902.0,4902.7998046875,4900.0,4900.60009765625,4900.60009765625,303.0,4905.58099609375,4906.662027372561,37.75468226846026,0.12750656122224946,-66.50697867244,-2.7776798023896845,-1.436130034652706,-1.174935438076736,-0.2611945965759699,-16.141919657166262,4904.846962155287,-0.11617119332586394,-0.18736734245773257,-0.003150336668134455,25.640080809394703,-116.66411155706274,1.4524902343746362,4902.1873779296875,4903.974853515625,4.0,100.0,-96.0,4904.047509765625,4908.0836933565915,4900.011326174659,0.07293665765212033,0.16460621896214347,4904.1616373697925,4906.594108072917,4901.729166666667,4907.64990234375,4897.0498046875,2.9075068111471687,-15235.0,-0.1017654550219547,-438.2151826436726,23010.461637289216,-11.325637790333651,4903.218000878483,4921.310490722656,4915.847759064274,21.62070263854135,0.8458192616137431,1.0331866040714757
77,4902.2998046875,4904.60009765625,4900.35009765625,4903.2001953125,4903.2001953125,355.0,4905.472001953125,4906.526269252559,46.8619802978326,0.7005938250408691,-41.97798148233451,-2.8060230928313104,-1.296912519665966,-1.1993308543945822,-0.0975816652713839,-14.638669553757587,4904.768991642291,-0.04688216670064214,-0.13359559557580736,-0.0032625682679526544,25.81424737434147,-49.39992029426414,1.1424804687503638,4902.1873779296875,4903.2998046875,16.0,96.0,-80.0,4903.85751953125,4907.671512381667,4900.043526680833,0.41382728750031983,0.15555072043698173,4903.947477213542,4906.592447916667,4901.3025065104175,4907.64990234375,4897.0498046875,3.003399181779514,-14880.0,-0.07877357136979954,-243.75091827046944,1287205.655809859,-11.137286435484194,4902.821027992416,4921.264992675781,4915.721912658783,21.309963969014174,0.8613337814195767,0.9949293769953841
78,4905.0,4905.0,4903.2001953125,4903.2001953125,4903.2001953125,56.0,4905.375009765625,4906.395834980401,46.8619802978326,0.7005938250408691,-41.97798148233451,-2.5611213235297328,-1.17305933818443,-1.194076551152552,0.021017212968121868,-13.438148108737986,4904.734078971696,-0.03669326580020388,-0.06211654190518123,-0.003296016296782563,25.77110790206927,-1.110585612247116,3.225170898437682,4902.71240234375,4903.27490234375,12.0,92.0,-80.0,4903.725024414062,4907.43563934256,4900.014409485565,0.42928003691090916,0.15133862155905375,4903.825813802084,4906.503279622396,4901.148347981771,4907.64990234375,4897.0498046875,2.9174281464738345,-14824.0,-0.0701588667529519,-208.92935851754524,5222647.530691965,-11.137286435484194,4902.822684775082,4921.230744628906,4915.597318456333,20.76303120804015,0.9198395224815304,0.9819560643867117
79,4904.89990234375,4904.89990234375,4903.2001953125,4903.2001953125,4903.2001953125,94.0,4905.264013671875,4906.270515777738,46.86198029783261,0.7005938250408695,-41.97798148233451,-2.3471492991729974,-1.0626551722016302,-1.1677922753623675,0.10513710316073732,-12.459716459387453,4904.6659065787735,-0.07642221442521041,-0.06361271283514858,-0.003268809330799313,25.686087934137234,1.228532871925262,1.3649658203121362,4902.8624267578125,4903.27490234375,8.0,88.0,-80.0,4903.635034179688,4907.30467268323,4899.965395676146,0.44075181155199017,0.14967013156418268,4903.739982096355,4906.429923502605,4901.050040690105,4907.64990234375,4897.0498046875,2.830448066814989,-14730.0,-0.07999123003592847,-179.0823073007531,-90498.23943604814,-11.137286435484194,4902.664396094145,4921.195246582031,4915.47396399719,20.255165072849987,0.9204768283922574,0.984089541227406
80,4903.5,4904.9501953125,4903.2001953125,4904.89990234375,4904.89990234375,36.0,4905.195009765625,4906.216766231308,52.53243955113237,1.0,-25.943157215901238,-1.7335880055152302,-0.8284569864199511,-1.0999252175738843,0.27146823115393315,-9.921681675520528,4904.687560850417,-0.0020407269367991848,-0.055820181731229046,-0.0031280752862478628,25.6860920558014,30.15147523205747,-2.580224609375364,4902.83740234375,4903.27490234375,4.0,84.0,-80.0,4903.630029296875,4907.292473631966,4899.967584961785,0.6733641429997824,0.14937686216981333,4903.707486979167,4906.484928385417,4900.930045572917,4907.64990234375,4897.0498046875,2.7532732048996325,-14694.0,-0.07588848168546929,-144.7577700970741,122239.85460069445,-11.124806942359783,4902.502259018075,4921.167746582031,4915.368749453375,19.747213691653453,0.9216451458632233,0.9774653275944524
81,4903.2001953125,4903.5,4900.0,4901.9501953125,4901.9501953125,145.0,4905.101015625,4906.049449724687,43.79763780696317,0.4801965105985943,-39.50207969136174,-1.5495978860299147,-0.8708315386693357,-1.0541064817929746,0.1832749431236389,-10.306734998574086,4904.611827193234,0.018371382884924806,-0.17166859048351923,-0.003028665070607213,25.721354167785446,-80.45428094683524,-2.677734375,4902.83740234375,4903.27490234375,4.0,80.0,-76.0,4903.4775390625,4907.153064864185,4899.802013260815,0.29222785631106923,0.14991506629343704,4903.548323567708,4906.500764973958,4900.595882161459,4907.64990234375,4897.0498046875,2.9066038576746585,-14839.0,-0.07222184597136298,-185.17916287338494,-5612540.4094827585,-11.212006992931023,4902.154746897962,4921.125747070312,4915.235231501725,20.73255136962276,0.8386467322596604,1.0103153227431796
82,4901.75,4904.9501953125,4901.75,4903.2001953125,4903.2001953125,1108.0,4905.0640234375,4905.937714257543,47.76161407028963,0.7160906675503409,-24.07016697811803,-1.289306640625,-0.7943918683386073,-1.0021635591021012,0.2077716907634939,-9.368310936872874,4904.590073848181,0.048979569063483934,0.021967954465712758,-0.002905526264100761,25.93000524263973,-6.853514253132375,0.3126464843753638,4902.4249267578125,4903.27490234375,40.0,76.0,-36.0,4903.387548828125,4906.997106058535,4899.777991597714,0.4740475765218242,0.14722708309168445,4903.4375,4906.4724609375,4900.4025390625,4907.64990234375,4897.0498046875,2.9275746758764685,-13731.0,-0.055976233650538734,39.13214610852717,462150.2724795565,-10.929466382599145,4902.104910953288,4921.103498535156,4915.115479897852,20.66668553520622,0.9900296284745234,0.9680616740088106
83,4904.9501953125,4904.9501953125,4901.2998046875,4901.39990234375,4901.39990234375,163.0,4904.96501953125,4905.75976084916,43.05197709922273,0.4358226313572322,-65.21739130434783,-1.387998334099393,-0.8690634532695185,-0.9755435379355847,0.10648008466606618,-10.089521036089051,4904.5610387084835,-0.04690933126272432,0.09825369410861629,-0.0028377934796400594,26.19096670633154,-39.48411960992481,-1.0073486328128638,4902.4249267578125,4903.27490234375,36.0,72.0,-36.0,4903.207543945313,4906.836516847015,4899.57857104361,0.25094308354923456,0.14802444600509684,4903.289168294271,4906.429158528646,4900.149178059896,4907.64990234375,4897.0498046875,2.9792043865281492,-13894.0,0.03939513762605946,-8.379268179298137,-504106.9779659342,-10.989314592384018,4902.6595795746625,4921.060498046875,4914.979006489354,20.79588238065324,1.0622294718437493,0.963975777735133
84,4900.9501953125,4904.7001953125,4900.9501953125,4901.9501953125,4901.9501953125,130.0,4904.86802734375,4905.610366122231,44.842374587636456,0.47961894241469116,-62.131411775860435,-1.5248865464154733,-0.873764960158951,-0.955187822380258,0.08142286222130701,-10.115371648112147,4904.5493311239,-0.005099750928961466,0.05532089576424082,-0.0027826391208164184,26.4575710953757,-34.910516928889336,-0.9900634765626819,4902.4249267578125,4903.27490234375,32.0,68.0,-36.0,4902.990063476563,4906.364085278729,4899.616041674396,0.3459007936174398,0.1376311907013845,4903.1225179036455,4906.385017903645,4899.860017903646,4907.64990234375,4897.0498046875,3.034261216061853,-13764.0,0.02825200750327726,3.0374966945301676,-864821.2139423076,-10.974719152843708,4902.73859394073,4921.02875,4914.849366577147,21.065596209697492,1.003327247782735,0.9480063520184943
85,4902.25,4904.5498046875,4902.25,4904.2998046875,4904.2998046875,54.0,4904.79802734375,4905.558971556164,51.80900944113501,0.9510460148884954,-14.852059562947206,-1.5518554687496362,-0.6800578150123329,-0.9001618209066731,0.2201040058943402,-7.861363479616445,4904.542993457168,0.046915640299877596,0.02546568405823313,-0.0026392829605393583,26.774281848035145,43.93373912182033,-0.9300537109375,4902.4249267578125,4903.27490234375,28.000000000000004,64.0,-36.0,4902.9300537109375,4906.163124475892,4899.696982945983,0.7118343636969269,0.1318832098168457,4903.027514648437,4906.340014648437,4899.715014648437,4907.64990234375,4897.0498046875,3.0032146559860067,-13710.0,0.0466026646463603,20.729126631025856,2447618.3785332576,-10.948835800056617,4902.733714174363,4920.99,4914.744395812076,21.316044765238587,1.0000113030111222,0.974545618952889
86,4902.2001953125,4908.4501953125,4901.89990234375,4907.60009765625,4907.60009765625,230.0,4904.796025390625,4905.639015716952,59.53924877446206,1.0,-10.06009476482145,-0.750670668658131,-0.25727177712087723,-0.7715838121495139,0.5143120350286366,-3.0958326748028493,4904.855989927689,0.11424107825887392,0.08814621964826519,-0.002306408852362066,27.35444004251952,184.55511671959655,-1.06005859375,4903.487548828125,4903.27490234375,100.0,60.0,40.0,4903.06005859375,4906.786996754666,4899.333120432834,1.1090843027811905,0.15202498506553902,4903.060017903646,4906.650032552084,4899.470003255208,4908.4501953125,4897.0498046875,3.256577392612006,-13480.0,0.1200085589924589,126.20602037123643,5055534.580479497,-10.794059906852247,4902.958976926471,4920.977250976563,4914.673308268237,20.344704873351265,0.9771531799585569,0.8890069603102917
87,4907.60009765625,4908.2001953125,4905.64990234375,4905.7001953125,4905.7001953125,66.0,4904.790029296875,4905.641414916778,54.15382715883796,0.7527872948887748,-32.54362648792326,-0.03642003676486638,-0.07465644406056526,-0.6321983385317241,0.5575418944711589,-1.052428529931998,4904.8775460497545,0.07548338050795593,0.16500277617497527,-0.0019320166784643493,27.721673610633985,218.46819225769693,-2.3974609375,4903.487548828125,4903.27490234375,96.0,56.00000000000001,39.99999999999999,4902.99755859375,4906.49639764348,4899.49871954402,0.8862190687163023,0.14272244715266144,4903.059187825521,4906.644222005209,4899.474153645833,4908.4501953125,4897.0498046875,3.2061285051932913,-13546.0,0.08820853196006899,90.2632239342741,6762140.447443183,-10.819610797754583,4903.048550607238,4920.955751953125,4914.58402356221,19.44274640231303,1.056862595669167,0.8918598194941918
88,4908.0,4910.9501953125,4907.0,4907.0,4907.0,176.0,4904.826025390625,4905.694692763178,57.01821801770946,0.8842744584310163,-36.07419958976188,1.0483010684738474,0.1729571559899341,-0.4711672396273925,0.6441243956173266,1.567860826951326,4904.961026888141,0.1305942581768874,0.2389494243421052,-0.0014903549243400539,27.99862098979604,250.66196119362127,0.1026367187496362,4904.737548828125,4904.0,92.0,52.0,40.0,4903.09755859375,4906.919054089092,4899.2760630984085,1.0105908682878764,0.15588086713240581,4903.298364257813,4906.855908203125,4899.7408203125,4910.9501953125,4897.0498046875,3.3521193262509135,-13370.0,-0.12015501364966073,110.0492812293778,4601189.358667894,-10.772978183470771,4903.3472047010755,4920.940751953125,4914.508560641193,19.757973324675156,1.0421155427631579,0.8031661184210527
89,4905.0498046875,4908.0498046875,4905.0498046875,4907.0,4907.0,48.0,4904.916025390625,4905.745881282269,57.01821801770946,0.8842744584310163,-36.07419958976188,1.8145493451293078,0.36498539356762194,-0.3039367129883896,0.6689221065560116,3.5919474620110767,4905.041224239327,0.07749642144191145,0.21674574607329833,-0.0010196895616231335,28.184814354547502,143.72853260112444,-0.1948730468748181,4904.737548828125,4904.0,88.0,48.0,40.0,4903.395068359375,4907.451782565735,4899.338354153015,0.9443166879951019,0.16546552540859893,4903.586694335938,4906.91171875,4900.261669921875,4910.9501953125,4899.39990234375,3.3269679458044195,-13322.0,-0.17772393449010254,94.32795533946668,-15158081.0546875,-10.772978183470771,4903.53837148209,4920.925751953125,4914.433848595012,19.008316672431473,1.042938072643979,0.8261923265706806
90,4908.0498046875,4908.0498046875,4903.64990234375,4905.7998046875,4905.7998046875,442.0,4904.992021484375,4905.747995925612,53.44253172533689,0.6302167411797277,-47.03469187550165,2.371455652573786,0.4155334135384692,-0.16004268768301785,0.5755761012214871,4.172128418308714,4905.048385157402,0.053018626028879016,0.1803421424967101,-0.0005956239795294184,28.3706247346133,90.86730468506873,-0.4448730468748181,4904.97509765625,4904.0,84.0,44.0,40.0,4903.645068359375,4907.647118185193,4899.643018533557,0.7692040856443697,0.16322754889587276,4903.812524414063,4907.1400390625,4900.485009765625,4910.9501953125,4900.0,3.403606117086247,-13764.0,-0.15334664244167784,5.0687719874000265,-696768.5071591338,-10.881086259306294,4904.100098075871,4920.885751953125,4914.34793771036,17.660694235989283,1.013179115257893,0.832836972761183
91,4905.7998046875,4906.14990234375,4903.10009765625,4905.5,4905.5,179.0,4905.003017578125,4905.738270595195,52.55590972546503,0.5764405908659438,-49.772585391955765,2.331298828125,0.42648509612354246,-0.04273713092170578,0.46922222704524824,4.377644304107341,4905.069796732255,0.04690415638542828,0.08930038231028992,-0.0002317773725801592,28.52071503040461,44.21142932089152,1.164843749999818,4904.97509765625,4904.0,80.0,40.0,40.0,4903.73505859375,4907.8181403124145,4899.651976875086,0.7161285920609971,0.16652945845876096,4903.901692708334,4907.151692708334,4900.651692708334,4910.9501953125,4900.0,3.378334586401515,-13943.0,-0.14395366744775068,-3.321772448299976,-2086907.2589128376,-10.892025360207072,4904.317808258331,4920.813251953125,4914.2598985291625,16.63304606060664,0.994818022330166,0.9055176400198761
92,4903.0498046875,4906.0498046875,4903.0498046875,4906.0498046875,4906.0498046875,186.0,4905.024013671875,4905.750487618422,54.061084464524335,0.6677337270929513,-44.751627575136006,1.9114042394303397,0.4740643085933698,0.060623156981309344,0.41344115161206046,4.978837796978289,4905.106686984922,0.02344395128635617,0.01822517290168102,9.843976963582066e-05,28.44249756053462,44.42432264950154,-1.977343749999818,4904.97509765625,4904.0,76.0,36.0,40.0,4903.9275390625,4908.06563164667,4899.789446478329,0.7564304183428084,0.1687664652957536,4904.012516276041,4907.222526041666,4900.802506510417,4910.9501953125,4900.0,3.3513106873728353,-13757.0,-0.07921116686755908,11.761862455028592,-121282.7620967742,-10.871178622489223,4904.371828967073,4920.7135009765625,4914.178206053126,15.701935194243067,0.93617231792142,0.917947145019739
93,4906.0498046875,4908.75,4903.5498046875,4903.7001953125,4903.7001953125,219.0,4904.954013671875,4905.670083998582,47.17339107759684,0.24997549986173084,-66.20886471060376,1.333870921415837,0.3185058006010877,0.112199685705265,0.20630611489582268,3.4153333756459405,4905.068445217416,0.035700077117744713,0.07946377427520834,0.000298168291119244,28.1472303143678,50.56619614369215,-0.8123535156246362,4905.2125244140625,4904.0,72.0,32.0,40.0,4904.012548828125,4908.057565424235,4899.9675322320145,0.4613903295322684,0.16496762827724623,4904.138354492187,4907.42587890625,4900.850830078125,4910.9501953125,4900.0,3.4833738748819187,-13976.0,-0.0871151661582711,-63.4276111992612,3799461.33861803,-10.976062281157624,4904.455878474541,4920.5780029296875,4914.073947239787,15.523640337275454,0.9498604926181193,0.870396718342911
94,4903.5498046875,4905.85009765625,4903.5498046875,4905.0,4905.0,31.0,4904.895009765625,4905.6438061947165,50.900190147959236,0.4760164812788881,-54.33871399268706,0.9727251838230586,0.29668790416144475,0.14909732939650097,0.14759057476494378,3.2178108688536384,4905.065955003131,0.0367067346999339,0.02339871073926758,0.0004530799981909074,27.41604821703592,24.378133038372972,-2.762646484375182,4905.2125244140625,4904.0,68.0,28.000000000000004,40.0,4904.162548828125,4908.11945426913,4900.20564338712,0.6058214789765282,0.1613692613818608,4904.235017903646,4907.507552083333,4900.962483723959,4910.9501953125,4900.0,3.3988680958724964,-13945.0,-0.06997473297177598,-48.610245983295314,-10759072.534499628,-10.967845232050298,4904.460434617958,4920.415002441407,4913.983659207551,15.358080827234101,0.9503771773419284,0.9269784666026608
95,4905.0,4905.60009765625,4903.7001953125,4903.7001953125,4903.7001953125,7.0,4904.869013671875,4905.56758616012,47.30612993253364,0.25802648959195723,-72.5,0.7430735868565534,0.17252492869920388,0.15378284925704155,0.01874207944216233,1.9463641271943832,4905.0545797074765,0.04693134644349355,0.11508317106015253,0.0005186600941753118,26.757041672358977,-1.8457839078180471,-2.29736328125,4906.0875244140625,4904.0,64.0,24.0,40.0,4904.24755859375,4908.086259506289,4900.408857681211,0.428704619906431,0.1565459682316583,4904.372526041667,4907.602555338542,4901.142496744791,4910.9501953125,4900.0,3.2917991135780325,-13952.0,-0.1015412225443084,-42.965729816038845,-1351772.0358712333,-10.96970020306202,4904.5862813909625,4920.257004394532,4913.88133618372,15.204346996481414,1.0416775656116488,0.9265943945514963
96,4905.7998046875,4906.10009765625,4903.9501953125,4906.10009765625,4906.10009765625,122.0,4904.838017578125,4905.588468963891,53.793506541094956,0.6515043636967486,-48.5009765625,0.845154526654369,0.26472534937693126,0.1759713492810195,0.08875400009591175,2.8871026462983593,4905.073976945173,0.08465819068741973,0.0675414935716957,0.0006161421308360544,26.160027354973156,40.99924989396517,-0.2227539062496362,4906.237548828125,4904.0,60.0,20.0,40.0,4904.52255859375,4908.0522484715475,4900.992868715952,0.7234670916024744,0.14393612571372963,4904.585034179688,4907.782568359375,4901.3875,4910.9501953125,4900.0,3.228092201447459,-13830.0,-0.02960628622043744,4.99910100589527,660830.6384477459,-10.909992620160171,4905.327787349433,4920.122255859375,4913.80391092474,15.285746657860651,1.0070681813707152,0.9395266877990195
97,4904.0498046875,4905.14990234375,4900.64990234375,4900.64990234375,4900.64990234375,1682.0,4904.739013671875,4905.394799684669,41.344604808002636,0.0,-100.0,0.5997328814337379,-0.10082808213610406,0.12061146299759481,-0.22143954513369887,-0.8460727689195507,4904.791180954658,-0.07442249636250715,-0.008758597104533195,0.0005125467131436634,25.783390553100027,-120.94763704174672,3.205053710937136,4905.0875244140625,4904.0,56.00000000000001,16.0,40.00000000000001,4904.395043945313,4908.273630678618,4900.5164572120075,0.017202803613572338,0.15816779433759787,4904.556689453125,4907.7667236328125,4901.346655273437,4910.9501953125,4900.0,3.386813852236926,-15512.0,-0.3705120495723003,-1305.3191299413754,-568584.9365524673,-12.778529407659462,4903.958129472722,4919.965505371094,4913.673025267219,14.725608940316144,0.9328855872629859,0.9416441843675191
98,4903.4501953125,4903.9501953125,4900.2001953125,4900.85009765625,4900.85009765625,338.0,4904.618017578125,4905.216576075712,41.87668620218986,0.029243847539313143,-93.95439680232558,-0.11007008272008534,-0.3701113088809507,0.02246690862188573,-0.3925782175028364,-3.4695594732068846,4904.411012280565,-0.1375417692086125,-0.029182657597750516,0.0002856715679541436,25.52681567591531,-129.45460464184745,1.422656249999818,4904.97509765625,4904.0,52.0,12.0,40.0,4904.2775390625,4908.426756054324,4900.128322070676,0.08697732451639523,0.16920808248616942,4904.450024414063,4907.757568359375,4901.14248046875,4910.9501953125,4900.0,3.4127557199342884,-15174.0,-0.38157507612177693,-1109.1783948604648,-914985.6115939349,-12.76472184805547,4903.80224023782,4919.809755859375,4913.545433947707,14.398060693140422,0.9309381768438652,0.9601208344416157
99,4900.85009765625,4901.64990234375,4900.0,4900.0,4900.0,938.0,4904.516015625,4905.012004464899,40.208710017246915,0.0,-100.0,-0.7431597541362862,-0.6446844612864879,-0.11096336535978901,-0.5337210959266989,-6.106830214040419,4903.931748162622,-0.11619534593546213,-0.10207794973045692,-4.845452023088002e-05,25.30304764784524,-155.34875071846136,2.882470703125364,4904.925048828125,4904.0,48.0,100.0,-52.0,4904.117529296875,4908.649738837481,4899.585319756268,0.04574813234211484,0.18483282725306743,4904.2891845703125,4907.59423828125,4900.984130859375,4910.9501953125,4900.0,3.2868376216354105,-16112.0,-0.46442438338419284,-1064.637424389327,-219912.65862226993,-12.927426600429717,4903.149344896303,4919.649755859375,4913.4106535104165,14.182309834377389,0.9058486493810671,1.007926599111524
100,4900.0,4902.4501953125,4900.0,4900.5,4900.5,544.0,4904.378017578125,4904.835063113334,41.68007482693093,0.08753169989529286,-95.43387139926871,-1.3024370978855586,-0.8125730056353859,-0.2512852934149084,-0.5612877122204776,-7.758098969440448,4903.673203573253,-0.13246382718565317,-0.17043802540926623,-0.0004200672991372631,25.13359519878732,-117.26167392841167,3.102465820312318,4904.925048828125,4904.0,44.0,96.0,-52.0,4903.897534179688,4908.676887068885,4899.118181290491,0.14456127655197418,0.19492058534606185,4904.120849609375,4907.460913085937,4900.780786132813,4910.9501953125,4900.0,3.2270774566971667,-15568.0,-0.4820477823314116,-873.6892209051374,180227.3971192977,-12.871916396348054,4902.781705846873,4919.493256835937,4913.282189296383,13.536669993673252,0.9050734256157428,1.075511451025009
101,4902.0,4902.0,4901.0,4901.0,4901.0,16.0,4904.223017578125,4904.684668481439,43.18572674145293,0.1771031444896602,-90.8677427985374,-1.8655560661763957,-0.8949634833379605,-0.38002093139951887,-0.5149425519384416,-8.654354253734876,4903.518615792768,-0.12227430201752598,-0.23951495553759095,-0.0007800962051457417,24.922646578712932,-101.76277728829083,1.949780273437682,4904.925048828125,4904.0,40.0,92.0,-52.0,4903.850024414062,4908.723821748781,4898.9762270793435,0.20761767279899085,0.19877432264259137,4904.0966796875,4907.311743164062,4900.881616210938,4910.9501953125,4900.0,3.1037147812187977,-15552.0,-0.49623729805650446,-747.7336179186893,1718139.6484375,-12.870283909867082,4902.726980234122,4919.348256835938,4913.159978457613,12.937147284447983,0.83112907572083,1.070644031258421
102,4901.0498046875,4902.0,4901.0,4902.0,4902.0,328.0,4904.088017578125,4904.57938736452,46.178527968918694,0.3551453113028358,-77.14285714285714,-2.1073069852936896,-0.8695433335806229,-0.4779254118357397,-0.39161792174488314,-8.530907965959921,4903.44619704614,-0.07745535567654596,-0.36419217090316525,-0.0010755504788645513,24.609797017876758,-82.39097252321112,1.7099853515628638,4904.2625732421875,4904.0,36.0,88.0,-52.0,4903.790014648437,4908.723528433389,4898.856500863485,0.3185862322005733,0.2012122774513124,4904.015006510417,4907.120060221355,4900.9099527994795,4910.9501953125,4900.0,2.9534494397031694,-15224.0,-0.4886536491244386,-594.057386787448,0.0,-12.803358792544094,4902.46485835999,4919.207507324219,4913.048933895846,12.38044762588166,0.8124204541399531,1.1766126250431184
103,4900.10009765625,4900.10009765625,4900.10009765625,4900.10009765625,4900.10009765625,31.0,4903.9890234375,4904.403728944588,41.68566555508859,0.10662110986553355,-98.85602678571429,-2.4795352711398664,-0.9912770974178784,-0.5805957489521675,-0.4106813484657109,-9.781785701978544,4903.305188286503,-0.11007853111303638,-0.2778361729692733,-0.0013886177518134145,24.292963508132583,-124.24561392283468,2.324780273437682,4904.2625732421875,4904.0,32.0,84.0,-52.0,4903.725024414062,4908.814546342504,4898.63550248562,0.1438833736470491,0.20757778640127644,4903.892513020834,4906.815047200521,4900.969978841146,4910.9501953125,4900.0,2.878196075706515,-15255.0,-0.47312418042712184,-517.6058990544198,-0.0,-12.815373678846877,4902.410229063024,4919.0130078125,4912.920089754159,12.357320280676351,0.8310396245324989,1.1088757975017722
104,4901.75,4901.75,4900.0,4901.75,4901.75,84.0,4903.881025390625,4904.29966114284,46.54916810233,0.45771633659016886,-80.0,-2.4489387063422328,-0.9437398069358096,-0.653224560548896,-0.2905152463869136,-9.367198065364533,4903.24977087525,-0.08764290740366595,-0.21849432524773849,-0.0016316169550174306,24.091297923664673,-83.96217416043285,-0.014819335937318101,4904.2625732421875,4904.0,28.000000000000004,80.0,-52.0,4903.715014648437,4908.819225978089,4898.610803318786,0.3075104534737768,0.20817732329078256,4903.824169921875,4906.646704101562,4901.001635742187,4910.9501953125,4900.0,2.797610641727478,-15171.0,-0.45164140567322936,-423.8633710645027,1614379.8828125,-12.787090216445506,4902.066467237591,4918.800258789062,4912.808944582475,11.620365534870759,0.8538833108612272,1.0723776361089656
105,4900.0,4903.4501953125,4900.0,4900.7001953125,4900.7001953125,42.0,4903.75203125,4904.158505620082,44.0327402178883,0.27605593648913906,-91.99776785714286,-2.315857651654369,-0.9794857247115942,-0.7184767933814358,-0.26100893133015846,-9.779210377052395,4903.166187556909,-0.06117829150460161,-0.10609887192239442,-0.001855861700509541,24.093369957235797,-69.27090266616939,1.4649658203125,4904.0250244140625,4904.0,24.0,76.0,-52.0,4903.5350341796875,4908.795531558161,4898.274536801214,0.2305541032310133,0.2145593879438339,4903.708349609375,4906.588403320313,4900.828295898437,4910.9501953125,4900.0,2.8442238324969438,-15213.0,-0.46436382656468106,-369.6102890374309,6983340.354192824,-12.796085329797881,4901.94850054472,4918.572509765625,4912.688459515113,11.79322429060552,0.8700185206771056,0.9761173925995
106,4900.7001953125,4903.10009765625,4900.7001953125,4900.85009765625,4900.85009765625,19.0,4903.59603515625,4904.028764131304,44.49415961393197,0.31545924071530773,-90.28459821428571,-2.1990708295043078,-0.9843715334436638,-0.7716557413938814,-0.21271579204978242,-9.98039904610343,4902.953403555535,-0.08460555237003059,-0.09432497170382459,-0.002048316957161989,24.065626689964105,-57.85148880719903,0.5026611328121362,4903.72509765625,4904.0,20.0,72.0,-52.0,4903.197534179688,4908.2328133459505,4898.162255013425,0.26690105494386923,0.2053875713210496,4903.486686197916,4906.159220377604,4900.814152018229,4910.9501953125,4900.0,2.8124865833007333,-15194.0,-0.5161841926018088,-316.40194138476227,2211053.120462518,-12.795504158859496,4901.815709904649,4918.351760253906,4912.570664869751,11.953735992359228,0.8881445605538154,0.98246953225764
107,4900.7001953125,4903.5,4900.7001953125,4900.89990234375,4900.89990234375,210.0,4903.474033203125,4903.906063669047,44.65741507669974,0.3274767532692262,-85.24773873369087,-2.045970243566444,-0.9730085135497575,-0.8119262958250566,-0.16108221772470088,-10.100787564558267,4902.939019475948,-0.057105713180157926,-0.18154954549292202,-0.0022052261232432626,24.06376402038715,-48.03540382488591,3.142578125,4903.612548828125,4904.0,16.0,68.0,-52.0,4902.95751953125,4907.950190962248,4897.964848100252,0.2939362507689771,0.20365958347014257,4903.245849609375,4905.930859375,4900.56083984375,4910.9501953125,4900.0,2.811580733600681,-14984.0,-0.5236840921993337,-269.70752341908195,266582.9658508301,-12.793370042498758,4901.634778261909,4918.156760253906,4912.454537879443,12.301329481235571,0.8659978048574565,1.0475473503503785
108,4901.35009765625,4902.89990234375,4900.0498046875,4900.10009765625,4900.10009765625,436.0,4903.359033203125,4903.756810099918,42.495823219891044,0.168358296617039,-98.35908108540782,-1.7173368566182035,-1.0168195298610954,-0.8529049426322645,-0.1639145872288309,-10.790960194904251,4902.899512847021,-0.12229673020463504,-0.13192597517730487,-0.0023591322984848995,24.057598620891905,-64.38511788020767,-1.9626220703121362,4903.612548828125,4904.0,12.0,64.0,-52.0,4902.612524414062,4907.389063305422,4897.835985522703,0.23700342288042436,0.19485687957484754,4902.880843098958,4905.510847981771,4900.250838216146,4908.75,4900.0,2.8143319423613464,-15420.0,-0.54206002908673,-280.99428346635597,-408717.1696741647,-12.864523269599625,4901.558137464387,4917.9735107421875,4912.331608125979,12.176829605860961,0.8496370789007093,0.9815630540780141
109,4900.2001953125,4902.25,4900.0,4900.0498046875,4900.0498046875,33.0,4903.260029296875,4903.611437338646,42.35698368475429,0.15813808206373145,-99.18354278395901,-1.659983915441444,-1.043568687955485,-0.8910376916969086,-0.15253099625857647,-11.402369844817233,4902.8861660131615,-0.012245266815795219,-0.14748522130326847,-0.0025018147071240496,24.00372174000247,-69.00195194109996,-1.4149169921875,4903.612548828125,4904.0,8.0,60.0,-52.0,4902.2650146484375,4906.714260619137,4897.815768677738,0.25105782243490393,0.18151797005690537,4902.5841796875,4905.176684570312,4899.991674804687,4908.75,4900.0,2.7740225179069644,-15453.0,-0.5512457285832989,-241.0893383952694,-2385364.8792613638,-12.864861970429338,4901.548693509345,4917.788259277344,4912.209401126592,12.026468610546045,0.8454923260502819,0.9929775473535504
110,4900.0498046875,4902.0,4900.0,4901.75,4901.75,585.0,4903.195029296875,4903.538439795954,48.4844567842927,1.0,-66.0187731108372,-1.7932416130515776,-0.9170053687930704,-0.896231227116141,-0.02077414167692937,-10.277975517302343,4902.860748839128,0.01836216831403114,-0.17756970453599663,-0.0025582447481497794,23.981674971942837,-46.96241035779267,-2.062524414062864,4903.612548828125,4904.0,4.0,56.00000000000001,-52.00000000000001,4902.062524414063,4906.208110068863,4897.916938759263,0.46230636150274645,0.16913638429348804,4902.3550211588545,4904.82753092448,4899.88251139323,4908.75,4900.0,2.7187351951993244,-14868.0,-0.46374429791586574,-64.56025322273095,-42735.042735042734,-12.661881531973131,4901.427131336263,4917.645759277344,4912.105327483541,11.886847686325053,0.8437369954223887,1.0213066999583853
111,4901.75,4901.75,4900.0,4900.0,4900.0,95.0,4903.095029296875,4903.399677451015,43.373701157164014,0.3824417577058019,-100.0,-1.9512092141549147,-0.9469970091213327,-0.9063843835171793,-0.04061262560415335,-10.72862141038282,4902.81666450138,0.0,-0.07142857142857151,-0.0026191763762385663,23.744629028876634,-72.90382567578934,-1.287524414062318,4903.612548828125,4904.0,8.0,52.0,-44.0,4901.787524414062,4905.708102704598,4897.866946123527,0.2720330673694902,0.15996524822867378,4902.138354492187,4904.545874023437,4899.7308349609375,4908.75,4900.0,2.6495398241136585,-14963.0,-0.5035468570113857,-79.08735990519796,-230263.15789473683,-12.695797990380841,4901.076803776147,4917.547258300781,4911.9848764638045,11.757199685262703,0.9603174603174603,1.0317460317460319
112,4902.5,4902.5,4895.14990234375,4895.14990234375,4895.14990234375,948.0,4902.89802734375,4903.076156858573,32.993457855738214,0.0,-100.0,-2.4510871438424147,-1.3466051214545587,-0.9944285311046552,-0.35217659034990345,-14.7709017973872,4901.821913512297,-0.1091745261963065,-0.13392223690616956,-0.002868591331888101,23.949491269100832,-210.86584673879392,-0.2425292968746362,4901.1875,4903.050048828125,4.0,100.0,-96.0,4901.242529296875,4905.642649084445,4896.842409509304,-0.19232512377676414,0.17955119589651117,4901.765861002604,4904.390885416667,4899.140836588542,4908.75,4895.14990234375,2.9852939549805404,-15911.0,-0.6153979743276236,-724.6309625080269,-1589457.7095780193,-13.634143414488033,4900.265594593378,4917.386508789063,4911.817364283506,12.939167577096487,0.8390206579954094,0.9729428949015789
113,4896.0,4898.75,4896.0,4896.25,4896.25,226.0,4902.72302734375,4902.808464432746,36.69420938079266,0.23889689374601042,-86.82533185193849,-3.0747328814331922,-1.556585395046568,-1.1068599038930378,-0.4497254911535302,-16.791991692707317,4901.498782669251,-0.09691899612324016,-0.13765336917987847,-0.0031841572926902943,24.051892315444533,-232.12039202068715,1.1299804687496362,4901.1875,4903.050048828125,4.0,96.0,-92.0,4900.87001953125,4905.622181707584,4896.117857354917,0.013903423344981776,0.19393136963008212,4901.349194335938,4903.851708984375,4898.8466796875,4906.10009765625,4895.14990234375,3.029208505071216,-15685.0,-0.6115660081835161,-585.5948149622374,-1764321.1162195797,-13.583353944242525,4899.986260115852,4917.230009765625,4911.662465136407,14.036709190942144,0.85289737608561,0.9905507452654885
114,4895.39990234375,4898.7001953125,4895.39990234375,4896.10009765625,4896.10009765625,548.0,4902.519033203125,4902.5453912258245,36.399206334110026,0.21985338028098442,-88.62054850593533,-3.683101160386286,-1.715319011235806,-1.2285517253615916,-0.4867672858742145,-18.467043129241507,4900.812483734623,-0.12035704495614034,-0.17282916774027302,-0.003530251738776152,24.166237220284533,-211.34626330128847,-0.3249267578121362,4900.637451171875,4903.050048828125,28.000000000000004,92.0,-64.0,4900.425024414062,4905.213557168169,4895.636491659955,0.0484079383081738,0.19543336466737057,4900.945865885416,4903.498380533854,4898.393351236979,4906.10009765625,4895.14990234375,3.0485716810482724,-16233.0,-0.6125862714640455,-513.6736248783463,-195699.64739528013,-13.60013137275925,4899.340602952088,4917.074509277344,4911.507615708744,15.29985571192172,0.8403633084256635,1.0131924761659366
115,4895.9501953125,4897.7998046875,4895.2001953125,4897.25,4897.25,252.0,4902.354033203125,4902.337728824812,40.36018474501433,0.47554886055133994,-74.8494240102918,-4.428689395680522,-1.7284050590478728,-1.328522392098848,-0.39988266694902475,-18.64884782252434,4900.605007888126,-0.05816407010977634,-0.21026141826923084,-0.0038292427279350665,24.178681662136842,-173.48499560728823,1.6474853515628638,4900.637451171875,4903.050048828125,24.0,88.0,-64.0,4900.102514648437,4904.833772712065,4895.371256584809,0.19854586136760458,0.1931085339330904,4900.566691080729,4903.154191080729,4897.979191080729,4906.10009765625,4895.14990234375,3.016502944901967,-15981.0,-0.5721301931149778,-398.89519409215404,-567425.4326593308,-13.540946432736543,4899.162152175433,4916.931259765625,4911.3657488857725,16.55466018119884,0.8269230769230769,1.0371844951923077
116,4897.25,4897.35009765625,4895.2001953125,4897.35009765625,4897.35009765625,79.0,4902.20103515625,4902.142135445653,40.70635973416907,0.4978957079529389,-73.65066370387697,-5.1405732996317965,-1.7109757386406272,-1.405013061407204,-0.3059626772334232,-18.693700207613595,4900.410199873011,-0.08976186757280563,-0.2154401838812069,-0.004072377104973332,24.16551582780114,-146.03635992752731,1.0351806640628638,4900.4874267578125,4903.050048828125,20.0,84.0,-64.0,4899.665014648437,4903.657524803376,4895.672504493498,0.21009253547877263,0.1629707395506629,4900.129191080729,4902.716691080729,4897.541691080729,4905.14990234375,4895.14990234375,2.9546029019625406,-15902.0,-0.5812237629702299,-340.78049281559635,-611915.3167628035,-13.539331707157142,4898.877523648345,4916.791010742188,4911.226289669558,17.71983575981331,0.8318800394031157,1.0473202232843226
117,4897.39990234375,4899.64990234375,4897.14990234375,4899.64990234375,4899.64990234375,924.0,4902.055029296875,4902.044400814206,48.15261595943954,0.9785784747398384,-46.108414712589905,-5.086609604779369,-1.4943617861727034,-1.4228828063603038,-0.07147897981239959,-16.425285466196865,4900.399528717146,-0.02143148788727376,-0.08344516871165641,-0.0041680761084259095,24.158632135786167,-47.03734694865924,1.2350830078121362,4900.387451171875,4903.050048828125,16.0,80.0,-64.0,4899.615014648438,4903.581900361332,4895.648128935543,0.5043973658226064,0.16192642487357325,4899.9625244140625,4902.450024414063,4897.475024414062,4903.9501953125,4895.14990234375,2.9221312661080736,-14978.0,-0.25686300987427946,11.476653479488846,574879.8320819805,-13.105419593692638,4898.856496672292,4916.656259765625,4911.111101735968,17.06348715472294,0.9067412768404908,0.9901864455521472
118,4898.9501953125,4900.2998046875,4897.2998046875,4899.4501953125,4899.4501953125,206.0,4901.944033203125,4901.942667265119,47.5936746809352,0.9424967939468689,-48.500087714168764,-4.68325482536784,-1.323551281334403,-1.4030165013551237,0.07946522002072065,-14.758000372271965,4900.391170773746,-0.028564479954599712,-0.09881882440476186,-0.004160703726287269,24.08309886891284,-33.34994958403826,1.3548828125003638,4900.387451171875,4903.050048828125,12.0,76.0,-64.0,4899.54501953125,4903.471459657993,4895.618579404506,0.48792491217378176,0.16027774461063649,4899.830013020834,4902.280013020833,4897.380013020834,4903.5,4895.14990234375,2.927693318528925,-15184.0,-0.21464744354941265,3.960038919919011,582382.0540048544,-13.113816040226055,4898.821503695507,4916.505510253906,4910.995072816331,16.044717962538623,0.9154692150297619,1.0142880394345237
119,4898.2998046875,4898.2998046875,4895.10009765625,4896.2998046875,4896.2998046875,422.0,4901.849033203125,4901.721378536586,39.75422881699939,0.4364322141162294,-85.71760739405917,-4.556216969209345,-1.4259553939955367,-1.4076042798832065,-0.018351114112330258,-15.705683780682264,4900.224585394172,-0.09386230586040131,-0.2342730966662493,-0.004201991124686319,24.110943019126303,-113.93338852413828,0.7400878906246362,4899.7000732421875,4903.025146484375,8.0,72.0,-64.0,4899.360009765625,4903.5247306502015,4895.195288881049,0.1326038211277606,0.1700108126887927,4899.6308430989575,4902.158333333333,4897.103352864583,4903.5,4895.10009765625,3.0292936283661445,-15606.0,-0.09492388339027838,-186.52923003292653,-1592160.2034455792,-13.385165842908396,4898.608944042558,4916.3482592773435,4910.84885124291,16.21922561764886,0.8391513675320684,1.0734244641983177
120,4895.7001953125,4897.7998046875,4895.0,4897.7998046875,4897.7998046875,507.0,4901.789033203125,4901.567591326818,44.446260755670366,0.7393198432685482,-67.0611213235294,-4.318143956801578,-1.3702782128157196,-1.400139066469709,0.029860853653989494,-14.990044021837956,4900.116741943462,-0.04694379549206036,-0.2540539930986264,-0.0042061415652125764,24.200981646082205,-90.52377464193714,0.8248046874996362,4899.6500244140625,4902.97509765625,4.0,68.0,-64.0,4899.225,4903.408171276608,4895.041828723392,0.32965133169779853,0.17076869409377754,4899.425,4901.969970703125,4896.880029296875,4903.5,4895.0,3.01290156116142,-15099.0,0.042860242721383494,-51.239340028222756,-165695.8807619836,-13.229844471600233,4898.4372600392035,4916.1892578125,4910.7190099836525,16.42695586201618,0.8221543111030921,1.0762083042017185
121,4895.7998046875,4900.2998046875,4895.60009765625,4899.35009765625,4899.35009765625,884.0,4901.70203125,4901.480630790717,48.87776740507411,1.0,-44.93479201433958,-3.7192095588234224,-1.1873706891665279,-1.357585391009073,0.17021470184254506,-12.954493151357264,4900.110683240878,-0.01427959019070876,-0.18363599045036672,-0.004115248050591081,24.422271878970555,-31.263716814133435,2.607495117187682,4899.0999755859375,4902.97509765625,24.0,64.0,-40.0,4899.142504882812,4903.246735022158,4895.038274743467,0.5252900990428854,0.16754891841806474,4899.279166666666,4902.009122721354,4896.549210611979,4903.5,4895.0,3.1333876661677467,-14215.0,0.11656246506925824,151.86042060080905,824069.6127058694,-12.950033323936854,4898.322795145952,4916.016008300781,4910.605886477908,15.370288916477458,0.8429063725437241,1.0265423629940909
122,4900.0,4900.0,4898.5498046875,4899.85009765625,4899.85009765625,47.0,4901.655029296875,4901.416688314856,50.25599137751521,1.0,-35.33203125,-3.258909696691262,-0.9906497439806117,-1.2841982616033807,0.293548517622769,-10.88935862818994,4900.0862173516325,-0.03875967447850257,-0.10045483935698196,-0.0039366192213545915,24.42694846916798,11.46852532516601,0.9649902343753638,4898.8624267578125,4902.97509765625,20.0,60.0,-40.0,4899.035009765625,4902.942127126735,4895.127892404515,0.6043080889684084,0.15950559052228486,4899.169165039062,4901.921630859375,4896.41669921875,4903.5,4895.0,3.013159640905765,-14168.0,0.07734652623799695,133.52321765783634,4088165.912222355,-12.945236769387456,4898.128087160183,4915.8530078125,4910.498863703563,14.389098181334358,0.920079819847941,1.020534659204923
123,4899.85009765625,4900.4501953125,4895.4501953125,4900.0,4900.0,586.0,4901.615029296875,4901.361131910352,50.68524108142896,1.0,-33.333333333333336,-3.175901884191262,-0.813276169828896,-1.1900138432484837,0.37673767341958775,-9.10010269622792,4900.079717603165,0.0,-0.1364046405269893,-0.0036932187796152637,24.520429667195017,-18.10981658134095,-3.880102539062136,4898.60009765625,4902.97509765625,16.0,56.00000000000001,-40.00000000000001,4899.030004882812,4902.931905018082,4895.128104747542,0.6242977887132378,0.15929276331767367,4899.095833333333,4902.098299153646,4896.09336751302,4903.5,4895.0,3.155076809412496,-13582.0,0.13868774265295725,126.99743991207401,-1130296.1017491466,-12.927309124319368,4898.161227053078,4915.697006835938,4910.394397398055,14.699295091338156,0.8592842008097845,0.9956888413367738
124,4901.10009765625,4901.10009765625,4898.7998046875,4900.39990234375,4900.39990234375,343.0,4901.58302734375,4901.323436633231,51.878242376957594,1.0,-28.001302083333332,-2.3523753446688715,-0.633139123687215,-1.07863889933623,0.4454997756490149,-7.276874535572006,4900.108513400448,0.10724901391653707,-0.044825897091163025,-0.0033937268043972837,24.624862844208014,42.895677782894914,-2.712499999999636,4898.6500244140625,4902.97509765625,12.0,52.0,-40.0,4898.9625,4902.717795747607,4895.207204252392,0.6913833743542313,0.15330983846507526,4899.0424967447925,4902.072477213542,4896.012516276042,4903.5,4895.0,3.094020820793746,-13239.0,0.1406176141580322,128.45016333981346,1341114.9686696578,-12.899315960256834,4897.973002991122,4915.549006347656,4910.294949686072,14.62021889677061,0.931682456304912,0.976508353396075
125,4900.39990234375,4902.75,4900.0,4900.0,4900.0,197.0,4901.54302734375,4901.271537157418,50.561004004743445,0.9302486946179307,-35.483870967741936,-1.261767578124818,-0.5166918913255358,-0.9662494977340912,0.44955760640855535,-6.103827568319865,4900.1029675992895,0.07658922644881287,0.020898598936702206,-0.0030788275888540186,24.719352371851123,78.19531624928953,-2.827392578125,4899.0625,4902.97509765625,8.0,48.0,-40.0,4898.927490234375,4902.630017434467,4895.224963034283,0.6448348260072699,0.15115664428480036,4899.019156901041,4902.014127604167,4896.024186197917,4903.5,4895.0,3.0694479050227637,-13436.0,0.11493283890896089,98.8457454743044,1989281.3590577412,-12.915392354691718,4898.026807556136,4915.399755859375,4910.192512375763,13.688167169047366,0.9581925977325837,0.9372939987958815
126,4901.5498046875,4901.5498046875,4898.7998046875,4899.2998046875,4899.2998046875,996.0,4901.517021484375,4901.194214315461,48.25088508568322,0.7656600009694743,-44.518649193548384,-0.688120404412075,-0.4754261143598342,-0.8680848210592399,0.3926587066994057,-5.719551379408696,4900.079007622799,0.06535215717468054,0.06242097182080919,-0.002789025951776903,24.882561996111257,41.16644387385916,-1.5999755859375,4899.0625,4902.97509765625,4.0,44.0,-40.0,4898.8499755859375,4902.451796422015,4895.24815474986,0.5624446803484523,0.14704760725588942,4898.9358072916675,4901.9482828776045,4895.92333170573,4903.5,4895.0,3.046630197521138,-14432.0,0.029353167887340815,-14.902865486310503,-331379.2278488956,-13.057717769232504,4898.3892943544,4915.23900390625,4910.084127224636,13.36091666218179,1.0381367413294798,0.9757157695086706
127,4900.0,4901.89990234375,4899.10009765625,4900.0498046875,4900.0498046875,127.0,4901.454013671875,4901.149335506521,50.84173322236943,0.9330378744697666,-34.84122983870968,-0.27692727481644397,-0.37784835617549106,-0.7700375280824903,0.3921891719069992,-4.683630629548627,4900.078768929824,0.05717095691459492,0.14723305382058283,-0.002493150933307116,25.096005666758177,67.34805229874557,-1.4573730468746362,4899.0625,4902.97509765625,8.0,40.0,-32.0,4898.807470703125,4902.330731225292,4895.284210180957,0.6763045872649778,0.14384155912383825,4898.868302408854,4901.880777994791,4895.855826822916,4902.89990234375,4895.0,3.0289998039482,-14305.0,0.04613271692370958,0.833258154590995,716916.0317248247,-13.03827621558255,4898.481314928584,4915.082001953125,4909.984283219292,12.874022089396002,1.045929811242624,0.8986967574220412
128,4901.89990234375,4902.5,4899.0498046875,4900.0,4900.0,569.0,4901.390009765625,4901.104263525874,50.66034844214364,0.8995469669519118,-35.483870967741936,0.4034567440257888,-0.3010656049627869,-0.6762431434585496,0.37517753849576274,-3.866443914976045,4900.077970228656,0.05410890156736349,0.1748773554628399,-0.0022030334513827767,25.44236826373413,77.37930593270436,0.8474365234378638,4899.0625,4902.97509765625,4.0,36.0,-32.0,4898.802465820312,4902.3186445484835,4895.286287092141,0.670289150846247,0.1435525826037787,4898.843302408854,4901.885782877604,4895.800821940104,4902.75,4895.0,3.0590851974161852,-14874.0,0.0646638567627023,-3.3341883228505758,166690.1191215314,-13.044059599082122,4898.825986101709,4914.917001953125,4909.8849371176075,12.105704812810302,1.0586745220301683,0.8837971665673284
129,4901.85009765625,4901.85009765625,4900.0,4900.0,4900.0,13.0,4901.326005859375,4901.060959073879,50.66034844214364,0.8995469669519118,-35.483870967741936,0.7080379710478155,-0.23747723173346458,-0.5884899611135326,0.351012729380068,-3.178272444347691,4900.063157788336,0.00714536065286074,0.21147137406806749,-0.0019249345868259154,25.676198567213874,82.78517980497551,0.6502197265626819,4899.175048828125,4902.97509765625,24.0,32.0,-8.0,4898.799975585937,4902.312686051626,4895.287265120249,0.6708117457707207,0.14341105916529662,4898.835807291666,4901.858292643229,4895.813321940104,4902.75,4895.0,2.9727289444757434,-14861.0,0.06698234397748533,-2.8578757053004935,2136812.760279729,-13.044059599082122,4898.918600977666,4914.760502929687,4909.786579534348,11.392267341695009,1.0872020441260544,0.8757306700579869
130,4900.0,4902.4501953125,4900.0,4900.2001953125,4900.2001953125,292.0,4901.23201171875,4901.027203632257,51.46752033137541,0.9661232607872802,-32.90070564516129,0.7898236443015776,-0.1689809915205842,-0.5045881671949429,0.3356071756743587,-2.3866603107153894,4900.082125108884,0.015307840065759928,0.23487095129975444,-0.0016550967226209535,25.73909938330439,97.28085099864282,-2.422680664062682,4899.175048828125,4902.97509765625,20.0,28.000000000000004,-8.000000000000004,4898.722485351563,4902.034087700559,4895.410883002566,0.7231110207699135,0.1352026924937704,4898.81748046875,4901.862475585937,4895.772485351563,4902.75,4895.0,2.9354051136203334,-14569.0,-0.01332366638595309,5.901396716885291,251773.3671893812,-13.032129592704596,4899.041988140455,4914.593002929688,4909.6911926266675,10.762601428370386,1.0865807886566887,0.8517098373569343
131,4900.2001953125,4901.75,4900.0498046875,4900.10009765625,4900.10009765625,29.0,4901.195009765625,4900.990846535158,51.018103894590645,0.9290549719271417,-34.192288306451616,0.9936667049632888,-0.12137513496872998,-0.42794556074970036,0.3065704257809704,-1.8113570922237296,4900.082869201936,0.0776156101616116,0.12091727085940995,-0.0014031438228174645,25.71208597210205,85.23340390821319,-0.9276855468751819,4899.175048828125,4902.97509765625,16.0,24.0,-8.0,4898.727490234375,4902.047093270807,4895.407887197944,0.7067427048973787,0.13552919786002307,4898.819978841146,4901.862483723959,4895.777473958334,4902.75,4895.0,2.847175842111738,-14598.0,-0.005167922803056747,4.643649752865964,-1906536.3653774918,-13.032721983202034,4899.0907492256865,4914.425002441406,4909.595758845868,10.177911651711808,1.042309236473561,0.9213919656141512
132,4900.10009765625,4901.7998046875,4900.0498046875,4901.7998046875,4901.7998046875,94.0,4901.167001953125,4901.02257038427,57.762576180407414,1.0,-12.260584677419354,1.1124626608452672,0.05289525809894258,-0.33177739697997183,0.3846726550789144,0.529020995803203,4900.267986948885,0.08166932417637304,0.10598348878552466,-0.001103508328906403,25.599387787196047,101.2372382556253,0.2901123046876819,4900.012451171875,4902.97509765625,100.0,20.0,80.0,4899.059985351562,4902.2072934878,4895.912677215325,0.9352639171856169,0.12848620533930924,4899.000805664063,4901.7633056640625,4896.238305664063,4902.75,4895.0,2.7688061391037566,-14504.0,0.1361733922665781,26.804908493527968,46360.746343085106,-13.000116024598471,4899.132874626919,4914.268752441406,4909.5181871627,9.665642101451057,1.0398899252368312,0.9339064364513066
133,4901.75,4902.75,4900.0,4901.4501953125,4901.4501953125,268.0,4901.1680078125,4901.039339989298,56.05293709520689,0.8716132030017394,-16.771673387096776,1.2163042853862862,0.16094002892805293,-0.2332339117983669,0.3941739407264198,2.0990895893255255,4900.343260129701,0.042864821137290114,0.24285659932275616,-0.0007965816117852286,25.491364810047116,99.8238459730668,0.5301025390626819,4899.8624267578125,4902.97509765625,96.0,16.0,80.0,4899.319995117187,4902.3529054996125,4896.287084734762,0.8511808670075761,0.12380944234905394,4899.220808919271,4901.983308919271,4896.458308919271,4902.75,4895.0,2.767462843453488,-14772.0,0.1624291227872194,9.59059120873826,461954.1452891791,-13.019230496064736,4899.474269622491,4914.0985034179685,4909.437908636828,9.765010259651556,1.1272685766465016,0.8844119773237454
134,4900.0,4902.0,4900.0,4900.10009765625,4900.10009765625,382.0,4901.131005859375,4901.002506956629,49.90954428906707,0.1743811049860366,-36.30100334448161,1.2379150390625,0.13605631806512974,-0.15937586582566757,0.2954321838907973,1.8533270688107661,4900.340983736151,0.00510219690434168,0.24403258603048783,-0.0005502175008618076,25.386262652848746,62.543909006215344,0.4800048828128638,4899.824951171875,4902.97509765625,92.0,12.0,80.0,4899.519995117187,4902.182082540682,4896.857907693692,0.6089563276440524,0.10866727459620555,4899.419140625,4902.116625976562,4896.721655273437,4902.75,4895.0,2.712644068921096,-15154.0,0.16224503891888045,-65.45625106215292,-196335.0785340314,-13.124451866095317,4899.84517539281,4913.923002929688,4909.344995094733,9.857280692266302,1.132623589902993,0.8885910038725052
135,4902.10009765625,4902.5498046875,4900.10009765625,4902.5498046875,4902.5498046875,69.0,4901.096005859375,4901.063185299016,58.744852496505516,1.0,-2.74247491638796,1.2630342371321603,0.31042825856548006,-0.06541504094743805,0.3758432995129181,4.355954763234933,4900.496371045277,0.05203683035714285,0.19040535515061363,-0.00025629196635411854,25.33171166465613,106.46799611619991,0.6149169921873181,4899.887451171875,4902.97509765625,100.0,8.0,92.0,4899.784985351563,4902.5438263750975,4897.026144328028,1.0010834825840773,0.11261069748091787,4899.668302408854,4902.35829264323,4896.9783121744795,4902.75,4895.0,2.6938628519445893,-15085.0,0.15560363727186133,-31.958245888095362,1153674.160224804,-13.089956696244181,4900.192403177835,4913.773251953125,4909.277381259836,10.27815453938784,1.1269369034337424,0.9365315482831288
136,4900.14990234375,4903.4501953125,4900.0,4901.64990234375,4901.64990234375,226.0,4900.977001953125,4901.0861938105745,54.91300803060047,0.6348526428666711,-22.503662109375,1.4214527803314922,0.37171972574105894,0.02201191239026134,0.3497078133507976,5.279486571473592,4900.5655018291345,0.02550812229430813,0.13084916361360655,2.1496291976134126e-05,25.39292319671222,101.2739768561497,2.441406286379788e-05,4900.237548828125,4902.97509765625,96.0,4.0,92.0,4899.999975585937,4902.633636165706,4897.366315006168,0.8132383061217686,0.1074963507302385,4899.921630859375,4902.6766357421875,4897.1666259765625,4903.4501953125,4895.0,2.7478865991271184,-15311.0,0.14004523973545047,-56.44677214515317,610877.665798221,-13.131440809162935,4900.281841351196,4913.628251953125,4909.201485947238,11.181264429720601,1.0387227995149872,0.9078736359013807
137,4900.0,4902.0498046875,4900.0,4900.0,4900.0,171.0,4900.862998046875,4901.043597974865,48.647629968510834,0.037806948248996275,-74.1915161696766,1.4142721737134707,0.28388784239359666,0.07438709839092841,0.20950074400266824,4.067840248381187,4900.562891259071,0.0,0.17824136320534412,0.000210728144330209,25.074330565016567,39.58497977512659,-0.7176757812503638,4900.47509765625,4902.97509765625,92.0,8.0,84.0,4900.01748046875,4902.646250544448,4897.388710393053,0.49667516210109675,0.10729635500998362,4900.014965820313,4902.7474609375,4897.282470703125,4903.4501953125,4895.0,2.698023605439467,-15482.0,-0.013897811676995987,-88.68770480745272,-839335.4583204839,-13.188999652899678,4900.555833245401,4913.473752441406,4909.109928873137,12.01986647074388,1.1318765302800855,0.9536351670747414
138,4901.64990234375,4901.64990234375,4900.0,4900.0,4900.0,409.0,4900.722998046875,4901.002672564086,48.64762996851083,0.0378069482489956,-74.1915161696766,1.3057344324442965,0.2118384996874738,0.1018773786502375,0.10996112103723632,3.1113108381516272,4900.560548319387,0.014291742502266846,0.05169852145690601,0.0003320903962336774,24.805696655468495,28.511836056986436,0.004833984375181899,4900.47509765625,4902.97509765625,88.0,4.0,84.0,4900.044970703125,4902.660904166078,4897.429037240172,0.4914044634999899,0.1067718144871427,4900.091634114583,4902.756624348958,4897.426643880208,4903.4501953125,4895.0,2.6231578010330767,-15073.0,-0.08862244698533105,-76.01803269210234,-80660.12398829378,-13.188999652899678,4900.595909773962,4913.318752441406,4909.019282814697,12.79856836597978,1.0354561846375767,0.9837576631806707
139,4901.5498046875,4901.5498046875,4900.0,4901.5498046875,4901.5498046875,467.0,4900.613994140625,4901.024128725789,54.32490117213348,0.5788102677149733,-40.865182696346075,1.2886618221509707,0.2766066136664449,0.13682322565347899,0.13978338801296591,4.031687897913613,4900.5844904007645,0.030611933751470557,-0.03675953758954331,0.0004638972597282604,24.5346519161591,56.17754387704687,-0.3074707031246362,4900.47509765625,4902.97509765625,84.0,20.0,64.0,4900.307470703125,4902.360549914892,4898.254391491358,0.802553836514213,0.08379389350735623,4900.314965820313,4902.8974609375,4897.732470703125,4903.4501953125,4895.0,2.546489721495,-14606.0,-0.0022629040548964347,38.23579898712656,-16609.40223383444,-13.041293777580822,4900.630206195915,4913.1715014648435,4908.944959649253,13.52164869727026,1.0,1.0367595375895433
140,4902.2998046875,4910.2001953125,4901.89990234375,4910.2001953125,4910.2001953125,1280.0,4900.702001953125,4901.383974474287,72.5599638558149,1.0,-0.0,2.1116254021144414,1.0142583013866897,0.31231024080012115,0.7019480605865686,13.236830563459225,4902.021167817068,0.2081672512755102,0.2866461476105433,0.0009409361890602003,24.73270378334209,459.07782384832086,-0.927490234375,4903.85009765625,4902.60009765625,100.0,16.0,84.0,4900.927490234375,4905.5092976990645,4896.3456827696855,1.511904706776385,0.18697715784692845,4900.843310546875,4903.700830078125,4897.985791015625,4910.2001953125,4895.4501953125,2.9824826431739284,-13326.0,0.10174424117727365,1614.55925627468,3420723.536983132,-10.78231438510139,4902.7803899170885,4913.053002929688,4908.95744955635,17.077055880061334,1.0713353852389458,0.7846892376284025
141,4912.0,4913.89990234375,4907.7001953125,4911.5498046875,4911.5498046875,1882.0,4900.822998046875,4901.782634482649,74.2849000386111,1.0,-15.82546937165028,3.6707347196688715,1.6882931829177323,0.5875068292236434,1.100786353694089,20.644542334935114,4903.6239042111665,0.23571029974489796,0.47436971855576515,0.0016807010492420186,25.076888090633386,398.54041548537606,-1.3372802734375,4905.699951171875,4904.449951171875,100.0,12.0,88.0,4901.5374755859375,4907.985243457544,4895.089707714331,1.2764182350339224,0.26309164843571264,4901.4749755859375,4904.407495117188,4898.542456054687,4913.89990234375,4895.4501953125,3.212284385179362,-11444.0,0.08125517838334953,1746.76005448544,1564750.7119254782,-10.26503102745424,4905.360785413873,4912.940751953125,4908.98324413477,20.888078847894914,1.196661778057127,0.7222920595013618
142,4911.35009765625,4913.0,4905.5498046875,4909.25,4909.25,4559.0,4900.887001953125,4902.075472346075,66.60171460915065,0.7003118737505112,-33.45276987388907,5.091321518842051,2.013683178471183,0.8727420990731514,1.1409410793980317,23.303441701773586,4904.073958370445,0.18468234616530535,0.35472764754638386,0.0024697071979599516,25.514032756649797,222.72863580124158,-1.9073730468753638,4905.699951171875,4904.449951171875,96.0,8.0,88.0,4902.007470703125,4909.219771764327,4894.795169641924,1.002095602735995,0.2942590807666306,4901.964973958333,4905.1974934895825,4898.732454427083,4913.89990234375,4895.4501953125,3.5149923085594077,-16003.0,0.04773531865469954,-0.6070347714085074,-249235.34083716778,-12.399756315245703,4907.388490416636,4912.826501464844,4908.985898421986,23.10641221528818,1.1338384375066415,0.7791107899602576
143,4909.25,4913.4501953125,4909.25,4912.2001953125,4912.2001953125,548.0,4901.057001953125,4902.472520305542,70.77720105935404,0.8631797001137049,-12.228194049250009,6.895612649355826,2.481013619535588,1.1943964031656389,1.2866172163699492,27.111603863409623,4905.036365088856,0.24693572406893394,0.4171797126942246,0.003370532079702904,25.80554688754232,207.8694595880265,-0.8176757812498181,4905.699951171875,4904.449951171875,100.0,4.0,96.0,4902.61748046875,4911.013978441627,4894.220982495873,1.0706375964541919,0.34253122974930966,4902.614973958333,4905.807503255209,4899.422444661459,4913.89990234375,4898.7998046875,3.56393538026945,-15455.0,0.02785794192619458,230.4378318030784,1590552.121183298,-12.070437777536272,4907.614631158308,4912.730751953125,4909.017881475624,25.248233257239747,1.1842618708236032,0.7670821581293786
144,4912.10009765625,4913.10009765625,4907.5498046875,4909.4501953125,4909.4501953125,1580.0,4901.146005859375,4902.746154619541,62.88502518181752,0.5553397524142478,-32.012505708364074,8.53135914522045,2.5995088241352278,1.4754188873595568,1.124089936775671,26.96488370201806,4905.417508375039,0.156073094166026,0.34045483907740237,0.004191318729371594,26.044406377191585,136.28679255560255,-1.619799804687318,4905.699951171875,4904.449951171875,96.0,4.0,92.0,4903.069995117187,4911.903780719037,4894.236209515338,0.8611249176104471,0.3603369158770741,4903.111645507813,4906.4666748046875,4899.756616210938,4913.89990234375,4898.7998046875,3.705818065160918,-17035.0,-0.01923055305447101,-423.19614416878983,-360117.931909199,-12.954970131113038,4908.098340771556,4912.62775390625,4909.022183105842,26.269349456950213,1.1400710567313903,0.7996162176539879
145,4908.0498046875,4909.10009765625,4906.5,4908.25,4908.25,176.0,4901.237001953125,4902.961991693284,59.7533990961794,0.4331884439061548,-40.64706502265781,8.677681238510559,2.5669808390030084,1.6937312776882472,0.8732495613147613,25.675584156125193,4905.54460734388,0.1387304658119956,0.24881292428682722,0.004867156094707948,26.14628037065604,81.75438096999339,-3.382397460937682,4905.699951171875,4904.449951171875,92.0,24.0,68.0,4903.482495117188,4912.473416047367,4894.491574187008,0.765128840517849,0.36671573475106917,4903.463313802084,4906.810847981771,4900.115779622396,4913.89990234375,4898.7998046875,3.651845011399424,-17211.0,-0.0010152077344164018,-392.9158914303913,-3730109.469457106,-12.9979962066605,4908.1140606884155,4912.511254882813,4909.014499691853,26.663581265371597,1.1092109656119005,0.8603980413250732
146,4907.85009765625,4911.0,4906.4501953125,4908.85009765625,4908.85009765625,894.0,4901.292001953125,4903.192897809479,60.80442728752619,0.47418454795596005,-36.32978536551094,7.97151022518392,2.560113645576166,1.8670077512658312,0.693105894310335,25.05913910978426,4905.756222831341,0.1785677807721761,0.2687166481745653,0.005431228047307986,26.135556063398994,83.53315794513267,-1.410205078124818,4905.8125,4904.449951171875,88.0,20.0,68.0,4903.960009765625,4913.025760135683,4894.894259395566,0.7697012211352989,0.36973182293514967,4903.907495117188,4907.34501953125,4900.469970703125,4913.89990234375,4899.0498046875,3.715984988263751,-16317.0,0.04763727665424667,-260.14400627069256,470782.04635005665,-12.88869303247679,4908.209474711082,4912.405754394531,4909.012863850704,27.50581996711812,1.1027984713196315,0.8340818231450662
147,4907.0,4910.5,4907.0,4910.4501953125,4910.4501953125,120.0,4901.4880078125,4903.477497711559,63.53861051421687,0.5808333143501422,-24.81821055959532,7.531970932905097,2.6532013994237786,2.0242464808974208,0.6289549185263579,25.483135147862352,4906.294706913108,0.1611486051084307,0.24999565587586237,0.0059493161162422585,26.18982728965316,81.45233809945191,-2.830126953124818,4905.8125,4904.449951171875,84.0,16.0,68.0,4904.480029296875,4913.779099651308,4895.180958942442,0.8210087561483617,0.3792071860374562,4904.3558349609375,4907.828369140625,4900.88330078125,4913.89990234375,4899.0498046875,3.7005574891020543,-16197.0,0.05888337570485959,-195.5503312677365,72631.8359375,-12.849577615438154,4908.362870669856,4912.342756347656,4909.0271656562945,28.287898761597035,1.1120957792489878,0.8621001233731255
148,4911.2998046875,4912.0,4909.64990234375,4912.0,4912.0,1341.0,4901.711005859375,4903.811713487577,66.0116754568192,0.6772969758804146,-13.668458214775002,7.021797449448059,2.8195286300797306,2.183302910733883,0.6362257193458478,26.649125168073596,4907.0318430413045,0.2111553836454343,0.3350947631999309,0.0064644355931000085,26.046432601692985,98.8804562793515,-5.080029296875182,4906.2874755859375,4904.449951171875,80.0,12.0,68.0,4905.080029296875,4914.688804912515,4895.471253681236,0.8600859766077672,0.3917887397656495,4904.890836588542,4908.308365885417,4901.473307291666,4913.89990234375,4900.0,3.6040960724697646,-14856.0,0.16368966172558336,129.2837283330115,363634.443389756,-12.426339825974049,4908.855080328825,4912.2787573242185,4909.056746097525,29.37519388722495,1.1582610197297414,0.8231662565298105
149,4912.0,4912.75,4909.60009765625,4909.60009765625,4909.60009765625,1554.0,4901.9030078125,4904.038708945172,59.30378444275822,0.4156509037471678,-30.93406400393438,6.760197897518992,2.7262654058204134,2.291895409751189,0.4343699960692242,25.36344239716878,4907.199811584064,0.19592036033163265,0.33187489871981846,0.006847129940944341,25.957846259695547,80.77616758659016,-5.560034179687136,4908.037353515625,4904.449951171875,76.0,8.0,68.0,4905.560034179687,4915.064339211876,4896.055729147498,0.712538605551903,0.3874911311233618,4905.392504882812,4908.875024414063,4901.909985351563,4913.89990234375,4900.0,3.5716536632754954,-16410.0,0.05395061462203253,-421.9636960270616,70963.54105297664,-13.185592318276033,4909.070823974636,4912.206257324218,4909.062152580697,30.555724249240416,1.1537070678641181,0.8218321691442997
150,4913.7001953125,4913.85009765625,4911.0,4911.5498046875,4911.5498046875,3777.0,4902.12400390625,4904.333261719382,62.6264741412762,0.5452547847154889,-16.907296167492184,7.210200769761286,2.7776595613204336,2.389048240065038,0.38861132125539566,25.406549233761684,4907.25063656251,0.23571029974489796,0.35658230084029374,0.00718895350562625,25.869991978790914,93.72698692534077,-4.577709960937682,4908.02490234375,4904.449951171875,72.0,4.0,68.0,4906.127514648438,4915.639274392359,4896.6157549045165,0.7850308557534594,0.3877502048416598,4905.954996744791,4909.457511393229,4902.452482096354,4913.89990234375,4900.0,3.620106973041531,-12633.0,-0.060218267301462604,690.3230401241257,94324.12153329363,-11.68566496970311,4909.776270917811,4912.138757324219,4909.086905337979,31.894242626655238,1.1533136507776292,0.7967313499373354
151,4910.7001953125,4911.89990234375,4910.7001953125,4910.85009765625,4910.85009765625,248.0,4902.321005859375,4904.5888239129845,60.710750215796836,0.4705306069757694,-21.941195067973442,7.345774931066444,2.730454312438269,2.457329454539684,0.27312485789858476,24.827789256696267,4907.278462618511,0.1897418844924487,0.3470284943574685,0.007446754554906723,25.711252421906355,72.67781366775091,3.535180664062864,4908.25,4904.449951171875,68.0,8.0,60.0,4906.665014648437,4915.966227223133,4897.363802073742,0.7249751295437893,0.37912564020276357,4906.4808349609375,4909.958325195313,4903.003344726562,4913.89990234375,4900.0,3.4472212629135646,-12881.0,-0.06747958504302022,566.915842427822,-544221.9395791331,-11.720995435778079,4909.876913573398,4912.0555078125,4909.104449540151,32.944437840734096,1.1503508442456423,0.8033223498881737
152,4910.85009765625,4912.5498046875,4910.85009765625,4912.5498046875,4912.5498046875,497.0,4902.532001953125,4904.901019237475,63.62185617565043,0.4657793352449023,-9.713001018723434,7.55634909237142,2.7979430195118766,2.5254521675341226,0.272490851977754,25.26153682666512,4907.446822737104,0.04785160037350501,0.3676821779475983,0.007690332829362026,25.524909446443477,80.06344341163312,4.3472900390625,4908.3125,4904.449951171875,100.0,4.0,96.0,4907.2025146484375,4916.559278379967,4897.845750916908,0.7857446331066348,0.3813481796847929,4907.019173177084,4910.494148763021,4903.544197591146,4913.89990234375,4900.0,3.3223988177947383,-12384.0,-0.04644113273607885,606.6070641568831,136763.9487897846,-11.548977480081504,4910.133826486301,4911.972255859375,4909.138731680921,34.07403204592821,1.1528384279475983,0.78515625
153,4912.85009765625,4915.0498046875,4912.85009765625,4914.75,4914.75,792.0,4902.825,4905.287253777182,67.02756237617305,0.5155676080326723,-2.2799004864282795,7.673996151194842,2.9944475526090173,2.619251244549102,0.3751963080599152,26.72652099637608,4907.626228282155,0.06515652777145389,0.4303991811668373,0.00798650137686766,25.312504181870622,109.86266399972374,1.382495117187318,4908.89990234375,4905.02490234375,100.0,4.0,96.0,4907.867504882813,4917.383557160848,4898.3514526047775,0.8616255415637732,0.38778766006081994,4907.660001627604,4911.107462565104,4904.212540690104,4915.0498046875,4900.0,3.263656045095114,-11592.0,-0.018509091001986763,768.8852960630427,624916.7702414773,-11.194262564858226,4910.522624010788,4911.886005859375,4909.194565196534,35.64857600005061,1.1795476282363206,0.7491484470694834
154,4914.60009765625,4914.75,4913.25,4914.64990234375,4914.64990234375,1496.0,4903.082998046875,4905.654416466067,66.72152114501489,0.49513914065986325,-4.2094983552631575,7.721336454504126,3.106294338979751,2.716659863435232,0.3896344755445189,27.790037971631314,4908.209476702441,0.10999444607119213,0.2996939263510282,0.008285530846945466,25.138436838311897,105.19941008912443,3.605200195312136,4909.137451171875,4905.02490234375,96.0,32.0,64.0,4908.594995117188,4917.8455055275845,4899.344484706791,0.827274223688082,0.37691072168710277,4908.33583170573,4911.75829264323,4904.9133707682295,4915.0498046875,4900.0,3.137680613302606,-13088.0,0.056684260639568065,637.6522403754652,5018.264852105614,-11.224731275118163,4911.009697900143,4911.810256347656,4909.248847158198,37.11065252887856,1.1821712099473936,0.8824772835963653
155,4914.5,4916.10009765625,4914.5,4916.10009765625,4916.10009765625,2912.0,4903.39099609375,4906.064051022545,68.93457073480079,0.8394000334749487,-0.0,7.786039464614078,3.274209318027715,2.8281697543537287,0.44603956367398645,29.35836451781193,4909.448369006632,0.07939217028392914,0.18082623777988027,0.008615151917639724,24.963589631484954,124.28733616078735,0.1776855468751819,4909.800048828125,4905.550048828125,100.0,28.000000000000004,72.0,4909.272509765625,4918.636925701262,4899.908093829988,0.864549585235856,0.381499129127965,4909.027506510416,4912.407486979167,4905.647526041666,4916.10009765625,4900.0,3.02785325922742,-10176.0,0.16426365199107468,1149.84031317897,71435.6141103493,-10.36546991695199,4911.6535104961495,4911.748505859375,4909.317018804945,38.72696359803554,1.1022495532429308,0.9214233154630506
156,4915.4501953125,4915.4501953125,4912.85009765625,4914.14990234375,4914.14990234375,935.0,4903.6569921875,4906.3811432312195,62.87881534392661,0.31159252911615326,-20.209482366037545,7.91855181525716,3.2128825750532997,2.905112318493643,0.30777025655965673,28.86343214309346,4909.788805606501,0.0957277667413194,0.21656573594674555,0.008856548034567514,24.893316336783307,93.1686929118147,-1.647509765624818,4910.4500732421875,4905.550048828125,96.0,24.0,72.0,4909.897509765625,4918.800697324374,4900.994322206876,0.7388129279578355,0.36266286785175134,4909.650008138021,4912.987483723959,4906.312532552083,4916.10009765625,4900.0,3.0437208835683185,-11111.0,0.1600984519721134,725.0870374123316,-319770.9506845729,-10.736380309532656,4912.4369246269725,4911.654006347656,4909.365107198367,39.11002232457573,1.108878051035503,0.8923123150887574
157,4914.14990234375,4914.60009765625,4912.64990234375,4912.64990234375,4912.64990234375,908.0,4903.8919921875,4906.626976921907,58.613723437980475,0.0,-35.75368112128725,7.842537913603337,3.0085623909562855,2.9258023329861715,0.08276005797011399,27.13791417435611,4909.853157940728,0.08964299584882596,0.09873046874999991,0.008951406998232608,24.856601169103637,72.1502321122043,-1.6799072265621362,4910.4500732421875,4905.550048828125,92.0,20.0,72.0,4910.530004882812,4918.249431123272,4902.810578642352,0.6373092633379139,0.31440297616689844,4910.280843098958,4913.613338216145,4906.94834798177,4916.10009765625,4900.0,2.9656119142062956,-12019.0,0.12768167248003953,426.9317463534271,-112790.55200484356,-11.013539131926366,4912.507960004579,4911.544755859375,4909.397791727177,39.33563001150666,1.01749267578125,0.91876220703125
158,4912.64990234375,4916.5,4912.64990234375,4915.4501953125,4915.4501953125,820.0,4904.198994140625,4906.972985486244,63.58030167755829,0.4812180721933496,-10.446020794869304,7.537390854779915,3.0375820574372483,2.948158277876387,0.08942377956086123,27.179300180929094,4910.052134962369,0.1344530292216754,0.2062520716999413,0.00903803289983262,24.899908343420304,109.67931207224007,-0.8523193359378638,4910.925048828125,4905.75,88.0,16.0,72.0,4911.302514648438,4917.616618728704,4904.988410568171,0.8284456996064449,0.2571254391858029,4910.9966796875,4914.439184570312,4907.554174804687,4916.5,4900.0,3.028789467209417,-11199.0,0.15491024883264068,693.9758160707947,446024.9732180339,-10.54612535727918,4912.862788472333,4911.4667578125,4909.458014648424,40.01688241392957,1.0626609551492898,0.8564088834493485
159,4917.5,4917.5,4912.5498046875,4912.5498046875,4912.5498046875,1780.0,4904.448994140625,4907.191684278451,56.074393962495165,0.0,-44.79893946089262,7.340903607536347,2.7943317513190777,2.917392972564925,-0.12306122124584729,24.723376155386465,4910.122193020546,0.04275798127439069,0.3436523129861634,0.008982254668622206,25.101669918417116,85.95447308934857,0.1474853515628638,4911.425048828125,4906.25,84.0,12.0,72.0,4911.852514648437,4916.318607628697,4907.386421668178,0.5780648815581042,0.18184963685046948,4911.655013020833,4915.267537434896,4908.042488606771,4917.5,4901.89990234375,3.1660327418730305,-12979.0,0.06770439963098733,-142.6914880107472,125131.807970197,-11.596424944776473,4913.042308766146,4911.362255859375,4909.488778728415,40.87186800916033,1.0918045896236703,0.7481522766375069
160,4912.10009765625,4916.0,4912.10009765625,4914.89990234375,4914.89990234375,1450.0,4904.7119921875,4907.493967339835,60.176733617656765,0.31899558830295277,-24.762834821428573,6.682808191635559,2.7593789683760406,2.885790171727148,-0.12641120335110756,24.013944973040985,4910.274938778113,0.05903709983204398,0.2534512271714099,0.0089094935229224,25.303864701232207,81.94367695811127,-2.487402343749636,4911.4625244140625,4906.25,80.0,8.0,72.0,4912.0875,4916.67404516625,4907.500954833749,0.8065926794360593,0.1867452550977681,4912.00000813802,4915.392513020833,4908.607503255208,4917.5,4905.5498046875,3.218451999149957,-11529.0,0.04437313337142939,364.4989533568595,-262195.4145102665,-10.902764475764892,4913.347962139987,4911.286005859375,4909.542620754439,41.35477570771316,1.0832235262244005,0.8297722990529907
161,4913.39990234375,4914.85009765625,4913.39990234375,4913.89990234375,4913.89990234375,1280.0,4904.989990234375,4907.745180477243,57.70704901991822,0.1269543246822998,-45.5714197416404,6.277043600643992,2.6207763154334316,2.832787400468405,-0.21201108503497323,22.6506318653578,4910.375815359172,0.08757952994079182,0.2695734498813337,0.008771250582990192,25.299863825331375,64.79031265953564,-0.6552001953123181,4911.7750244140625,4906.25,76.0,4.0,72.0,4912.205004882812,4916.850465481443,4907.559544284181,0.6824251250174391,0.1891395246742877,4912.150008138021,4915.305037434896,4908.994978841146,4917.5,4905.5498046875,3.095705427782103,-12809.0,0.01452372736024116,129.57053144873674,8491.706103086472,-11.163197043148367,4913.417811277857,4911.183505859375,4909.585976790154,41.803189999226504,1.1062419754367308,0.8366685255553971
162,4913.89990234375,4913.89990234375,4912.0,4912.10009765625,4912.10009765625,869.0,4905.328994140625,4907.915961543086,53.45488195429129,0.0,-68.35403918659992,5.783944163603337,2.3387439334646842,2.733978707067661,-0.39523477360297665,20.14781347262117,4910.386718015332,0.011204059627468498,0.09810330117477195,0.00850630497428544,25.275747381639615,12.582913504087609,-1.4974121093746362,4911.75,4906.25,72.0,4.0,68.0,4912.347509765625,4916.792154176675,4907.902865354575,0.47216738995367774,0.18095806138364923,4912.32001139323,4915.1975260416675,4909.442496744792,4917.5,4906.4501953125,3.0102909217798097,-13678.0,-0.0143940993063954,-112.3724406778685,-256901.95886943364,-11.481484005544832,4913.536821212056,4911.065007324219,4909.610992918175,41.23115443236141,0.9986611537704273,0.9005578525956554
163,4912.7998046875,4914.0,4912.7998046875,4914.0,4914.0,1256.0,4905.683994140625,4908.154551286495,57.052460802741074,0.23240640683806918,-51.47206663794341,5.1820269416357405,2.2426852008429705,2.635720005822723,-0.3930348049797523,19.180081782233696,4910.41595810069,0.0641416919904218,0.10706960950764,0.008226883128353086,25.22245165924865,42.431508525669905,0.1123046875,4911.75,4906.25,68.0,4.0,64.0,4912.4375,4916.939085882427,4907.935914117573,0.6735499489301664,0.18327300377571043,4912.4183349609375,4915.145849609375,4909.6908203125,4917.5,4906.4501953125,2.9309774519205374,-12422.0,0.027913631314500656,244.57752852611267,42995.96236769561,-10.995688257024097,4913.776846962764,4910.972507324219,4909.654664630431,40.73386606675756,1.0027843803056027,0.8957147707979627
164,4911.89990234375,4913.35009765625,4910.89990234375,4910.89990234375,4910.89990234375,2280.0,4905.979990234375,4908.2622121122695,50.230178501451995,0.0,-97.06304753698119,4.281461109834709,1.8945666064000761,2.487489325938194,-0.5929227195381177,16.071474139030688,4910.4304979468025,-0.033585457844634604,-0.03450259576259296,0.007810322491551813,25.23343409421171,-29.701732378047094,2.240014648437864,4911.4749755859375,4906.25,64.0,24.0,40.0,4912.509985351562,4916.860997004433,4908.158973698692,0.3149760175027445,0.17714006346428351,4912.502498372395,4915.07500813802,4909.92998860677,4917.5,4906.4501953125,2.9430574665154987,-14702.0,-0.04305373680286077,-800.1082121561891,-137007.00642769798,-12.4340730059558,4913.86304160031,4910.8742578125,4909.66705505544,39.04677667710182,0.9296057247088536,0.9641083204714466
165,4912.4501953125,4915.0,4912.4501953125,4915.0,4915.0,2192.0,4906.334990234375,4908.526439088259,57.473224866218736,0.3872377286791939,-37.59453704383582,3.8392592486206922,1.9273069325472534,2.375452847260006,-0.44814591471275245,15.85158796144682,4910.469869955256,0.005086728724757109,0.11271855977205025,0.007467721542965723,24.870417234011818,56.751988011517945,1.802416992187318,4911.949951171875,4906.25,60.0,20.0,40.0,4912.847485351563,4916.858247991536,4908.83672271159,0.7683423131282272,0.16327649705926497,4912.8125,4915.382495117187,4910.242504882813,4917.5,4906.4501953125,3.0257031943536776,-12510.0,0.0378879133190622,598.1092556518379,186128.49016259186,-10.603977862251078,4913.9299226652665,4910.779506835937,4909.720119184241,38.11208917233294,0.942973708068903,0.8302551482968528
166,4914.75,4920.0,4914.75,4919.0,4919.0,1023.0,4906.76798828125,4908.937166967152,63.11319377886035,0.6887695209063636,-10.98889306218812,4.005429974724393,2.2500828925476526,2.350378856317535,-0.10029596376988259,17.711507673343263,4910.743999917531,0.08851286953675946,0.2605911388359513,0.00733394680583744,24.61538372204757,202.117589922012,2.7451171875,4914.1124267578125,4907.5,100.0,16.0,84.0,4913.35498046875,4917.763027360613,4908.946933576887,1.1403084710453786,0.17943124033925403,4913.269995117187,4915.875,4910.664990234375,4920.0,4907.0,3.1845815376141293,-11487.0,0.05892951105614685,1097.2365048444326,1873117.0385813783,-9.771424454316097,4914.182308127506,4910.720007324218,4909.812456306787,38.6104049882859,1.0,0.7394088611640487
167,4916.5,4916.5,4910.0,4915.7001953125,4915.7001953125,1634.0,4907.088994140625,4909.202383765009,56.46085117780897,0.33311281107803464,-42.998046875,3.7161750344675966,2.2140957876472385,2.323122242583476,-0.10902645493623764,16.829735375487324,4910.8302494871705,-0.008134544370661887,-0.029317026781057964,0.007200146060313859,24.458689134921457,28.15173316749492,0.5324218750001819,4913.887451171875,4907.5,96.0,12.0,84.0,4913.61748046875,4917.926506295168,4909.3084546423315,0.741668874549466,0.17539117945368507,4913.507495117187,4916.2625,4910.752490234375,4920.0,4909.60009765625,3.5999685706416917,-13121.0,0.09425793383993772,170.21973852737085,-1640911.8727050184,-10.867557989460437,4914.171939135494,4910.628757324219,4909.871040774505,36.90663458229874,0.8125734970805681,0.8418905238616261
168,4915.0498046875,4916.39990234375,4912.2998046875,4912.2998046875,4912.2998046875,258.0,4907.345986328125,4909.323851252165,50.54816166337222,0.017000454115439264,-77.001953125,3.5135225183821603,1.889412669419471,2.236380327950675,-0.34696765853120404,13.951492414534705,4910.856099991358,-0.037648376484559744,0.013896700866967926,0.0069227176673718185,24.388502870213014,2.0560348540717706,-0.9825683593753638,4914.112548828125,4907.5,92.0,8.0,84.0,4913.632470703125,4917.9209214751145,4909.344019931136,0.3446215094353023,0.1745531761912773,4913.629988606771,4916.472493489584,4910.787483723959,4920.0,4909.60009765625,3.6356920767565706,-13379.0,0.04072198528118277,20.57394998774646,1747870.8610978236,-11.046027128421871,4914.161873004053,4910.530007324219,4909.895207579609,35.32456206245352,0.8599856475106189,0.846088946643651
169,4918.10009765625,4919.0,4913.0,4918.89990234375,4918.89990234375,351.0,4907.79798828125,4909.699382667522,59.42909454748519,0.6890510240757314,-11.0009765625,3.8569034352021845,2.140003057409558,2.2171048738424517,-0.0771018164328936,14.887360090877097,4911.133517480136,0.1272225809744395,0.025245898752234375,0.006810057700371646,24.40142040415706,177.43062625890445,1.352734375000182,4914.112548828125,4907.5,88.0,4.0,84.0,4914.0974609375,4918.549775738974,4909.645146136026,1.0393196146710164,0.18120579971666778,4913.945817057292,4916.930826822916,4910.960807291666,4920.0,4910.0,3.8545851650239586,-13028.0,0.11330876764578449,348.5825681814612,2820763.221153846,-10.574428413063941,4913.979525177152,4910.455256347656,4909.984806532487,34.56888097591071,0.8503209672164349,0.8250750684642005
170,4949.7001953125,4958.2001953125,4942.25,4958.2001953125,4958.2001953125,2769.0,4909.00599609375,4911.601375320266,81.1439508197809,1.0,-0.0,9.730432846967233,5.4470131645111906,2.8630865319761996,2.583926632534991,29.835636232039647,4920.4599903729495,0.8697067064328614,0.28032380972709914,0.008362610588240102,24.945289614014253,617.8321509906377,-3.880175781249818,4933.212646484375,4926.60009765625,100.0,4.0,96.0,4916.42998046875,4936.071076238425,4896.7888846990745,1.5633371817330308,0.7989982913497183,4915.983325195312,4919.62333984375,4912.343310546875,4958.2001953125,4910.0,6.386421436718676,-10259.0,0.3153667628784893,15844.858091365359,19714589.823278207,11.548914893559491,4919.679872315445,4910.586257324218,4910.464561644726,37.39043452389781,0.99890604821926,0.7185822384921609
171,4957.7001953125,4957.7001953125,4942.5498046875,4942.5498046875,4942.5498046875,1562.0,4909.869990234375,4912.815039217021,65.99543082620846,0.5099750416227652,-32.46955852260064,14.836312327665837,6.727437065635968,3.635956638708153,3.0914804269278147,30.510505390399363,4922.094151377936,0.6106808315993935,0.25189833466386946,0.010324686328072999,25.563821275083694,305.6624600206653,-3.115063476562682,4933.212646484375,4926.60009765625,96.0,12.0,84.0,4918.014965820313,4940.508208222829,4895.521723417796,1.0453824403822383,0.914728505661008,4917.805818684896,4922.14336751302,4913.46826985677,4958.2001953125,4910.0,7.048133521595913,-11821.0,0.24921369265985566,10089.034055991739,-97088.25818402514,6.618514911049478,4922.210301088764,4910.6312573242185,4910.783817794406,40.01044853274298,0.9990485119655422,0.7471501773016728
172,4941.9501953125,4943.7998046875,4937.7998046875,4943.0,4943.0,1672.0,4910.73298828125,4913.998763169295,66.19095811978342,0.5162999666937512,-31.53554713617116,19.170542279412075,7.689865251666561,4.446738361299834,3.2431268903667263,31.001228341946785,4923.87635772624,0.5717328575267628,0.055422892360874276,0.012474170050824471,25.963050409720324,176.23675540882903,-5.6375732421875,4933.35009765625,4926.8251953125,92.0,8.0,84.0,4919.5374755859375,4944.347767788635,4894.72718338324,0.9728385345560672,1.0086432850983567,4919.283317057291,4923.835880533854,4914.730753580729,4958.2001953125,4910.0,6.9732668414819186,-10149.0,0.26466806776608004,8755.275842635778,-3346361.9542464116,6.770810101233875,4924.091418370763,4910.666257324218,4911.104376821327,41.394639619405375,0.9548202224193219,0.8993973300584476
173,4943.0,4943.0,4933.4501953125,4934.2001953125,4934.2001953125,807.0,4911.4169921875,4914.790976194518,59.04427312200099,0.2851187014573139,-49.79232935551188,22.844114774816262,7.654291915205249,5.0882490720809175,2.5660428431243316,28.023176134188944,4924.296135392281,0.4131197902315329,-0.0008897612037945812,0.014282114257751395,26.36984088204445,112.9022178581456,-8.409887695312136,4934.0001220703125,4926.8251953125,88.0,4.0,84.0,4920.509985351562,4946.008663428377,4895.011307274747,0.7684494058808855,1.036424198008943,4920.416658528646,4925.336726888021,4915.496590169271,4958.2001953125,4910.0,7.157305259054638,-10956.0,0.22006109609344307,6490.030381857452,-3046833.8631933657,5.334143626863522,4925.530893551081,4910.643757324218,4911.3341859605425,41.8057434772867,0.918717697088649,0.9196074582924436
174,4934.10009765625,4938.0,4932.60009765625,4935.0,4935.0,1800.0,4912.108994140625,4915.583486931989,59.472575585724535,0.29897344746867677,-48.13299025467512,25.84383042279387,7.602994752988707,5.591198208262476,2.0117965447262307,26.180773564306946,4924.874627086723,0.4661937234275095,-0.03525761038446806,0.015787221687480403,26.637588806225082,85.75493244481764,-7.527490234375364,4934.0001220703125,4926.8251953125,84.0,8.0,76.0,4921.527490234375,4947.626634075689,4895.4283463930615,0.7581025233536243,1.0606115232761195,4921.46582845052,4926.580891927083,4916.350764973958,4958.2001953125,4910.0,7.031776479390021,-9156.0,0.16532080319776885,5768.547246949245,-877498.7790319655,5.625912987755624,4927.23397219825,4910.625256347656,4911.569666697254,42.02031168178193,0.9162631753368884,0.9515207857213565
175,4936.0498046875,4941.75,4930.0,4932.5498046875,4932.5498046875,505.0,4912.759990234375,4916.248832726323,57.489117535767996,0.23481246350553425,-53.2163624207306,22.236312327665473,7.2807036778567635,5.929099302181334,1.3516043756754295,24.08317175904292,4925.149391315802,0.37748890287952785,-0.024252089098007024,0.01689630410416362,26.975474136501727,71.97147405938225,-11.4500732421875,4934.10009765625,4928.5,80.0,4.0,76.0,4922.3499755859375,4948.748201772119,4895.951749399756,0.6931915619940762,1.0725863182062243,4922.425821940104,4928.048380533854,4916.803263346354,4958.2001953125,4910.0,7.368792445147876,-9661.0,0.058254223491252935,4767.7049784118535,1337757.677134901,5.375183781511978,4928.32362884855,4910.591254882813,4911.778424289198,42.49648806425301,0.8920774140578435,0.9163295031558505
176,4933.5498046875,4933.5498046875,4925.0,4925.0,4925.0,449.0,4913.273994140625,4916.592015756663,51.76080161550964,0.04951266051571889,-68.87979415280508,17.478057502297816,6.342961821381323,6.0118718060213325,0.3310900153599903,20.262128944719002,4925.147730695937,0.28711840877719097,-0.10625266895916208,0.017359197141676073,27.3418957451897,27.48727615519467,-7.892480468750364,4934.675048828125,4928.5,76.0,52.0,24.0,4922.89248046875,4949.039093733739,4896.745867203762,0.5403019601408895,1.0622459608339365,4923.110815429687,4929.030859375,4917.190771484375,4958.2001953125,4910.0,7.453150462458742,-10110.0,0.04186954160819075,3602.3382236833745,-12567827.5900588,4.687940380245971,4929.045323619068,4910.516254882812,4911.909982256469,41.965515566334794,0.8699645637141423,0.9762172326733044
177,4926.85009765625,4927.7001953125,4926.85009765625,4927.7001953125,4927.7001953125,1541.0,4913.827001953125,4917.027630641206,53.54371380267558,0.1071863785209733,-63.277751889296354,14.30474207260977,5.7513795163504255,5.959773348087151,-0.20839383173672577,17.95534679508947,4925.202817397373,0.2583966492878942,-0.1429613882507994,0.017442799275044073,27.531791059777806,21.127727163574257,-4.644995117187136,4934.85009765625,4928.5,72.0,48.0,24.0,4923.644995117187,4949.432996496101,4897.856993738274,0.5786257169706206,1.047516683452512,4923.816658528646,4929.681697591146,4917.951619466146,4958.2001953125,4910.0,7.113653666033118,-8569.0,0.13398668284182128,3682.147188380393,-110317.18164353615,5.532813674979337,4929.941672326096,4910.460756835938,4912.067098804291,41.47246967541074,0.8699948249608149,1.0129562132116143
178,4930.7001953125,4932.75,4928.2001953125,4932.75,4932.75,225.0,4914.482001953125,4917.644194145472,56.76224065491674,0.2031024256239163,-52.80102113175436,12.162090705422997,5.625179742279215,5.892854626925565,-0.2676748846463495,17.18607221984528,4925.511791474457,0.27952835942264687,-0.08114017388752348,0.017435333977993465,27.66466612277263,38.70534355925982,-8.809790039062136,4937.85009765625,4928.625,68.0,44.0,24.0,4924.509985351562,4950.3010197765725,4898.718950926552,0.6597457184665549,1.047455868775912,4924.634993489583,4930.535017903646,4918.734969075521,4958.2001953125,4910.0,6.966235881852181,-8344.0,0.13133719689546533,3318.441312138551,6470734.596252442,5.763388996052727,4932.434150613999,4910.438757324218,4912.272898816189,41.46420685472885,0.8974430463333211,0.9785832202208445
179,4933.0,4935.35009765625,4933.0,4935.2998046875,4935.2998046875,3318.0,4915.187998046875,4918.336571029474,58.33199736666565,0.2544087247922155,-47.51099134874486,11.161355411305522,5.665603885900055,5.847404478720462,-0.18180059282040784,17.08493426988781,4925.829931929528,0.39871449836769424,-0.053951869633939054,0.01743434388076152,27.73868668090062,52.31104594484992,-13.347680664062864,4937.72509765625,4928.625,64.0,40.0,24.0,4925.647485351563,4951.234135926992,4900.060834776134,0.6886202202879613,1.0389152147619871,4925.652498372396,4931.422517903646,4919.882478841146,4958.2001953125,4910.0,6.654368865737739,-5026.0,0.3058532025265456,4052.9856894223294,262062.88659622901,7.478507733698894,4935.063323087622,4910.427507324219,4912.502022257695,41.67017415669057,0.930846919315222,0.9847987889491611
180,4936.64990234375,4940.0,4935.2998046875,4935.85009765625,4935.85009765625,1467.0,4915.90099609375,4919.02337599523,58.68065113984477,0.26580420707236757,-46.36930931782726,10.665606330422634,5.676607951648293,5.813245173306029,-0.13663722165773606,17.111072344919748,4927.082963220589,0.4794148139386246,-0.05684968255387646,0.017425412966227502,27.82558795541389,60.92062394662193,-7.795092773437318,4934.25,4929.10009765625,60.0,36.0,24.0,4926.694995117187,4952.150920405788,4901.239069828586,0.679822623520235,1.0333875067902623,4926.788330078125,4932.598364257812,4920.978295898438,4958.2001953125,4910.0,6.514785040506473,-3559.0,0.24126120573783214,3589.313417384318,1113325.8490637199,7.642080326470266,4936.177575010227,4910.4292578125,4912.7343414158895,42.21697410923231,0.9305567975200453,0.9874064800739217
181,4937.5498046875,4940.0,4937.5498046875,4937.85009765625,4937.85009765625,159.0,4916.65599609375,4919.761678805466,59.99095081225315,0.3086303510789824,-44.33534743202417,11.682520967370692,5.78008284131829,5.806612706908481,-0.026529865590191548,17.516460747583913,4927.326946937945,0.38525271277568873,0.024166308776246925,0.017456819520532307,27.80031591804377,63.33540834627892,30.307690429687682,4934.050048828125,4929.10009765625,56.00000000000001,32.0,24.000000000000007,4927.892504882812,4953.080049353423,4902.704960412201,0.6976689864519392,1.0222440706916383,4928.009163411459,4933.869197591146,4922.149129231771,4958.2001953125,4910.0,6.3458648478810105,-3400.0,0.26221953208329885,3121.982929186559,1733628.7588443398,7.7065069183862,4938.3391030710445,4910.438508300781,4912.984249438182,42.72471692230679,0.9896966249966146,0.9655303162203677
182,4937.5498046875,4937.5498046875,4934.2998046875,4936.25,4936.25,164.0,4917.345,4920.408279636624,58.39544885523003,0.22579769083281065,-48.562169169277304,12.67422162224284,5.667639903765121,5.77881814627981,-0.111178242514689,17.40163083470217,4927.628671149047,-0.4427049019370334,-0.03859979093237165,0.017416121032383308,27.755690676148543,43.425983989558404,13.449804687499636,4933.737548828125,4929.10009765625,52.0,28.000000000000004,23.999999999999996,4929.1,4953.44480926916,4904.755190730841,0.6468485524151827,0.9877993657730485,4929.177490234375,4935.105029296875,4923.249951171875,4958.2001953125,4910.0,6.146181142228796,-3564.0,0.30134806154526883,2638.497365642051,-5648059.37976372,7.653363139122922,4938.695727229324,4910.439758300781,4913.215749443772,42.47515819422745,0.9430931905352209,0.9816929814675925
183,4940.39990234375,4945.0,4940.39990234375,4944.0498046875,4944.0498046875,653.0,4918.1969921875,4921.33539826607,63.492465196734585,0.3992650174991992,-42.62140777127394,14.19198931525716,6.137161737975475,5.850486864618944,0.28667487335653163,18.826524449751485,4928.60608717002,0.03034870783856147,-0.002351537676221871,0.0176044158020466,27.621389031385128,82.07655899355066,12.397509765624818,4934.550048828125,4929.10009765625,48.0,24.0,24.0,4930.602490234375,4954.742439753236,4906.4625407155145,0.7785282223274399,0.9791886312746828,4930.654988606771,4936.752522786459,4924.557454427084,4958.2001953125,4910.0,6.332168203498168,-2911.0,0.2735155175481038,2989.1795221128295,4772792.567155262,8.68517320971038,4939.312162080006,4910.477258300782,4913.522555963611,42.864216555051186,0.9592782499971323,0.9616297876733542
184,4944.0498046875,4946.5,4944.0498046875,4945.0,4945.0,184.0,4919.094990234375,4922.263421863479,64.06995822602579,0.8530161545282304,-38.83828579961177,15.44578785615795,6.510880616054237,5.982565614906003,0.5283150011482345,20.152739284175905,4929.597259539202,0.04046125834513453,-0.18822758005396056,0.017941096263084433,27.304470369441418,89.86979252895854,1.8927001953125,4934.925048828125,4929.10009765625,44.0,20.0,24.0,4932.3074951171875,4955.436011276774,4909.178978957601,0.7743908168434714,0.9378375611205301,4932.3283203125,4938.425854492188,4926.230786132813,4958.2001953125,4910.0,6.054884425569727,-2727.0,0.39721236187864695,2587.1304385967114,3428876.788719841,8.720536109439697,4936.796054937038,4910.531008300782,4913.835764361983,43.337367718572885,0.9179950769098473,1.1062226569638078
185,4940.64990234375,4941.10009765625,4938.10009765625,4940.0498046875,4940.0498046875,1171.0,4919.844990234375,4922.960927072265,58.84737391374601,0.49109462507475515,-30.00090843023256,15.00347254135977,6.334594861801634,6.052971464285129,0.2816233975165048,19.794798810438284,4929.97864931916,0.11855233155227751,-0.27223580209467046,0.01813096824861869,26.960474279548468,47.531727864501725,1.440014648437682,4935.3875732421875,4929.10009765625,40.0,16.0,24.0,4933.559985351562,4955.485589713716,4911.634380989409,0.6479963614398689,0.8888350167932997,4933.608317057291,4939.728361002604,4927.488273111979,4958.2001953125,4910.0,6.115242848296889,-3898.0,0.3311026119956606,1389.4434172346816,-1453835.530529462,7.548305834224832,4935.845534864285,4910.572507324218,4914.096600584127,42.56106281761681,0.8635787820936001,1.1358145841882705
186,4940.10009765625,4940.10009765625,4938.0,4938.0,4938.0,228.0,4920.5719921875,4923.550694638059,56.78329434615869,0.4080289892776371,-39.53488372093023,14.254087201286893,5.960772944091332,6.03453176024637,-0.07375881615503843,18.909288467251166,4930.819235172251,0.060790273556231005,-0.06138466725776437,0.018097491414377886,26.712222850497465,35.18642583483543,-1.9601806640621362,4935.72509765625,4929.10009765625,36.0,12.0,24.0,4934.509985351562,4955.454345880684,4913.56562482244,0.5833163333773127,0.848893227140952,4934.647485351563,4940.610034179687,4928.6849365234375,4958.2001953125,4910.0,5.828446763150683,-4126.0,0.3025105989082597,1124.1864335225844,-506647.4801615665,7.453700417836815,4935.146382795852,4910.606506347656,4914.334445354435,41.82073058137352,0.9162368720106897,0.9776215392684541
187,4938.0,4938.35009765625,4935.0,4938.35009765625,4938.35009765625,132.0,4921.338994140625,4924.13106338387,57.06031972590999,0.4305346237834673,-37.90652252906977,13.735750804227791,5.627891505995649,5.9532037093962265,-0.32531220340057754,18.255823013191158,4931.473627054646,0.11759218251051143,-0.06112290362614192,0.01789434781685487,26.550933608107723,14.687794463817559,-10.642480468750364,4936.925048828125,4929.10009765625,32.0,8.0,24.0,4935.64248046875,4954.76638460603,4916.51857633147,0.5707914338009418,0.7749306888801976,4935.805818684896,4941.610872395833,4930.000764973958,4958.2001953125,4912.2998046875,5.651421826943491,-3994.0,0.26926249728890383,970.1902131086438,-6027637.828480114,7.46305904291275,4935.052489990153,4910.642255859375,4914.573407068881,40.54499414058331,0.9277687732694955,0.9888916768956374
188,4937.5498046875,4937.5498046875,4926.7001953125,4928.9501953125,4928.9501953125,950.0,4921.917998046875,4924.3200489496985,48.13805228779184,0.0,-81.62699854651163,11.087672334558192,4.553101685125512,5.673183304542084,-1.1200816194165721,14.960162970584081,4931.427246084635,0.0802070114213198,-0.0977742001909433,0.01717846228198484,26.770925548343158,-67.99013676133768,-8.774804687500364,4935.35009765625,4929.10009765625,28.000000000000004,4.0,24.000000000000004,4936.475,4952.690196205074,4920.2598037949265,0.2679705939930044,0.6569544545479873,4936.675830078125,4942.818359375,4930.53330078125,4958.2001953125,4913.0,6.079884721001099,-4944.0,0.24517604750605768,-444.10942113009094,-5196447.623403449,5.6547815716981304,4934.688947291442,4910.622006835937,4914.716459688221,37.974147677437294,0.8281073525649426,0.9258815527558859
189,4931.2001953125,4935.10009765625,4930.35009765625,4933.85009765625,4933.85009765625,141.0,4922.56400390625,4924.693776349955,52.3230769486841,0.2626819840085102,-58.836755087209305,8.065209960937864,4.050018090097183,5.348550261653104,-1.2985321715559213,13.376506924024541,4931.446776207489,0.1248026888811159,-0.1046186520418313,0.016310828087044704,26.936519326087232,-61.62887176054812,-4.472509765624636,4935.35009765625,4929.10009765625,24.0,16.0,8.0,4937.222509765625,4951.375202636868,4923.069816894381,0.38085616850250115,0.5733058553974545,4937.482503255209,4943.562532552083,4931.402473958334,4958.2001953125,4925.0,6.0848859797688775,-4803.0,0.2340682357475882,-281.9671851873994,2021605.5795656028,5.794950614413513,4934.664532228797,4910.633757324219,4914.906844145615,35.58693310451598,0.8816167970535258,0.9862354490953571
190,4931.2998046875,4940.0,4931.2998046875,4936.0498046875,4936.0498046875,353.0,4923.08099609375,4925.139110794566,54.113264220516854,0.37504689996853996,-52.77928483353884,6.642825137868385,3.7851854287919195,5.0358772950808675,-1.250691866288948,12.590738081717836,4931.467959368787,0.06689584283614616,0.15726780061168644,0.015434248756120147,27.183340148561395,-14.33124054619347,-0.815185546875,4935.35009765625,4929.10009765625,20.0,12.0,8.0,4936.114990234375,4946.490668849225,4925.739311619525,0.4968587333274902,0.42039857804678177,4936.627490234375,4942.34501953125,4930.9099609375,4957.7001953125,4925.0,6.271693789249672,-4450.0,0.10987396622149155,-130.75807558473525,7208603.975117712,5.952332084596438,4934.987819242539,4910.659006347656,4915.11722186245,34.03028919511805,0.9635872189730107,0.8063194183613243
191,4936.2001953125,4940.0,4934.25,4934.25,4934.25,208.0,4923.535,4925.496400567328,52.38024650412275,0.266270352886678,-61.86929716399507,5.566638901655097,3.3909852725973906,4.706898890584172,-1.3159136179867819,11.442138438686934,4931.511243690075,-0.02127134579550579,0.24256801122684146,0.014487854158571189,27.208739820356403,2.2019380935289683,0.1500976562501819,4935.35009765625,4930.050048828125,16.0,8.0,8.0,4935.7,4945.668957289795,4925.731042710205,0.4272742395293367,0.4039531288285379,4936.055826822917,4941.303336588542,4930.808317057292,4946.5,4925.0,6.234429947160409,-4658.0,0.20305740705139788,-165.55826121548736,4077794.0016526445,5.876490188786451,4936.2614315134515,4910.705256347656,4915.307597764317,32.58483413639141,1.0039461317608889,0.7613781205340474
192,4933.39990234375,4936.0498046875,4933.14990234375,4933.5,4933.5,344.0,4924.02,4925.810267211747,51.638099247655155,0.2196879000812942,-65.65721331689272,4.562632123162075,2.9836662297384464,4.362252358415027,-1.3785861286765808,10.288327809759958,4931.536024691475,-0.04761282473643042,0.10785151617540856,0.013477374197401162,26.95167853242811,-30.556898359405032,2.625097656249636,4935.35009765625,4931.875,12.0,4.0,8.0,4935.225,4944.647717731406,4925.802282268594,0.40846589863076754,0.3818556491915165,4935.690828450521,4940.783333333334,4930.598323567709,4946.5,4925.0,5.996249404059666,-5002.0,0.12078688180990223,-178.76422389898917,-2128685.5256834696,5.824202607087103,4936.307209392926,4910.760505371094,4915.488616692035,31.042760090923604,0.9776002226064834,0.8697487064310748
193,4936.75,4936.75,4933.25,4933.39990234375,4933.39990234375,229.0,4924.443994140625,4926.107899962021,51.53315548937745,0.213100881636385,-66.16276202219483,4.5501292509188715,2.622554730934098,4.014312832918842,-1.3917581019847436,9.304017625591163,4931.701697514872,-0.09012414764498997,0.02478695134243558,0.012437141366108042,26.685125139802235,-23.11915967532209,1.065014648437682,4934.5750732421875,4931.875,8.0,4.0,4.0,4935.184985351562,4944.631537956553,4925.738432746572,0.4055166957483923,0.3828246614070059,4935.569986979166,4940.360001627604,4930.779972330729,4946.5,4925.0,5.817945875198261,-5231.0,0.15880629612854075,-156.50110095359787,611577.5962063319,5.819556339066166,4937.154622370334,4910.802504882812,4915.666838439814,29.716210663768265,0.9182233509183019,0.8934363995758663
194,4933.39990234375,4937.2001953125,4933.39990234375,4935.25,4935.25,53.0,4924.959990234375,4926.466413689001,53.41751784309577,0.3313768971378426,-56.81874229346486,4.440119485293508,2.4573320907065863,3.702916684476391,-1.245584593769805,8.940778103008878,4931.963458601305,-0.02025829323879463,-0.06106440350075193,0.011470739919268634,26.343386842224255,-6.1010258301561064,8.852319335937864,4934.5001220703125,4932.3251953125,4.0,28.000000000000004,-24.000000000000004,4935.197485351562,4944.643687370559,4925.751283332565,0.5027796699844157,0.3828094842013721,4935.574153645834,4940.284187825521,4930.864119466146,4946.5,4925.0,5.673827810451956,-5178.0,0.19697166230692317,-120.13591856290535,2151459.3430285184,5.8394321200128285,4937.165560622998,4910.856254882812,4915.861695768771,28.555355426476698,0.8880541145760871,0.949118518076839
195,4937.35009765625,4938.4501953125,4928.0,4928.0,4928.0,427.0,4925.354990234375,4926.526554328648,45.88830272685336,0.0,-93.43526510480888,3.3933909696688715,1.7215327903495563,3.3066399056510245,-1.5851071153014682,6.45490793206627,4931.603765272889,-0.324628701601732,-0.13625321956519088,0.010285646175244318,25.817328241337673,-78.33682398974977,10.030004882812136,4937.47509765625,4932.3251953125,56.00000000000001,24.0,32.00000000000001,4934.969995117188,4944.86860319379,4925.071387040586,0.14793054421138693,0.40116183427237423,4935.409993489584,4940.055037434896,4930.764949544271,4946.5,4925.0,6.014996917741102,-5605.0,0.18682234711347911,-545.2236444824903,-5078137.004682554,5.212158932231042,4936.662762467877,4910.872504882813,4915.982474915351,26.589985455989016,0.8224936219040295,0.9587468414692204
196,4929.39990234375,4929.39990234375,4926.35009765625,4929.0,4929.0,354.0,4925.75798828125,4926.6235521981125,46.99800104479579,0.06103395359091152,-86.84905614655779,1.104418945312318,1.205205329495584,2.8863529904199368,-1.6811476609243527,4.687596220528441,4931.44413320094,-0.3235591506572295,-0.2000036851188759,0.009024604647108742,25.12059935077922,-144.10585339480534,4.879809570312318,4937.2625732421875,4932.3251953125,52.0,20.0,32.0,4935.169995117188,4944.393359452758,4925.946630781617,0.16552361520660988,0.3737810184733579,4935.429996744791,4939.800040690104,4931.059952799479,4946.5,4926.35009765625,5.80319747272388,-5251.0,0.24599740508481996,-416.7631238421346,-4609252.234636727,5.283993347815448,4936.133027774418,4910.9025048828125,4916.112002528133,25.050320994769,0.845280283999828,1.045283969118704
197,4930.5,4931.5498046875,4928.9501953125,4931.5498046875,4931.5498046875,718.0,4926.17998046875,4926.816738570245,49.823565184802575,0.21644137180623266,-74.19487726270386,-0.2611428653490293,0.9903439568388421,2.507151183703718,-1.5168072268648758,3.9339240465553664,4931.448081040457,-0.17206304260201072,-0.2590383501640915,0.007850316369292065,24.611104582111647,-103.64302714383574,2.637524414062682,4934.4625244140625,4932.3251953125,48.0,16.0,32.0,4935.362475585937,4944.102259832033,4926.622691339841,0.28187843137315244,0.35416990299414003,4935.593318684896,4940.050838216146,4931.135799153646,4946.5,4926.35009765625,5.574369751457889,-4533.0,0.19193361909290563,-95.68842534682966,859898.6442374652,5.655419553054799,4934.586242186789,4910.935502929688,4916.265612499868,23.30357698760688,0.8411673467757504,1.100205696939842
198,4936.4501953125,4936.4501953125,4935.75,4935.89990234375,4935.89990234375,81.0,4926.657978515625,4927.172941071167,54.29975245984846,0.6490781331229044,-35.255561440677965,-0.7462732651656552,1.1577356407888146,2.2372680751207374,-1.0795324343319228,4.536193761258566,4931.665431733284,-0.042529316651478334,-0.27507262994479476,0.006941601873233467,24.05431847713916,4.5311273073260425,2.830126953124818,4934.4625244140625,4932.60009765625,44.0,12.0,32.0,4935.519970703125,4944.178918074898,4926.861023331352,0.5219386736235018,0.3508828825806398,4935.833317057291,4940.098356119792,4931.568277994791,4946.5,4926.35009765625,5.526228385282325,-4452.0,0.17043374698399252,-31.681805989246868,5057050.5636709705,5.72686928470332,4934.246172457301,4910.991752929687,4916.460978567967,22.507268328794563,0.8324454550725011,1.1075180850172959
199,4936.25,4939.10009765625,4935.89990234375,4936.4501953125,4936.4501953125,70.0,4927.19498046875,4927.536754962985,54.84848462651016,0.8020200739412943,-26.544744318181817,-1.0055448644307035,1.3195874175644349,2.0537319436094768,-0.7341445260450419,5.185806706917892,4931.7518754728335,-0.0384724109506067,-0.17476398802670967,0.0062580494418870425,23.66337100203408,26.98373531748589,-6.627294921874636,4934.4625244140625,4933.900146484375,40.0,8.0,32.0,4935.577490234375,4944.245102624827,4926.909877843922,0.5503428763777352,0.3512299181849553,4935.963321940104,4940.270865885416,4931.655777994792,4946.5,4926.35009765625,5.360083165797874,-4382.0,-0.15956185776319265,-21.652904017568748,6399944.169180734,5.734673435633173,4932.790549890319,4911.07525390625,4916.659876247017,22.16580272559276,0.8807140631983855,1.0554780512250952
200,4930.5498046875,4934.2001953125,4930.5498046875,4931.85009765625,4931.85009765625,98.0,4927.600986328125,4927.705905656838,49.49806483283912,0.32310746629642334,-59.70667143623681,-1.6167408662686285,1.0643969747388837,1.8558649498353583,-0.7914679750964746,4.2573626587174696,4931.754597919487,0.05883407680823895,-0.24177683425005614,0.005560254685632656,23.253260748377844,-76.40444279027233,-1.527392578124818,4934.237548828125,4933.900146484375,36.0,4.0,32.0,4935.377490234375,4944.194027688281,4926.560952780469,0.2999559012499761,0.3572791532704859,4935.7208251953125,4939.97587890625,4931.465771484375,4946.5,4926.35009765625,5.398676555740883,-4480.0,-0.029017379856252863,-82.96099920255892,-19090053.01339286,5.643350814624947,4932.45259107694,4911.119753417969,4916.811022728701,20.829633038883067,0.8326610698317733,1.0744379040818295
201,4934.4501953125,4936.7001953125,4933.5,4933.7001953125,4933.7001953125,96.0,4928.05798828125,4927.940975839413,51.54531666919299,0.6313503459741496,-46.15274548381327,-0.814371266083981,0.9999177003764999,1.684675499943587,-0.684757799567087,4.0436303251403505,4931.766385924288,-0.003038242767472989,-0.10530731719626285,0.004945331895756272,22.907896316776274,-19.976804081593798,0.8798095703123181,4934.237548828125,4934.10009765625,32.0,4.0,28.0,4935.169995117188,4943.939203858,4926.400786376375,0.4161954146531388,0.35537615723423593,4935.529166666666,4939.821720377604,4931.236612955729,4946.5,4926.35009765625,5.359492348634391,-4384.0,-0.023876232271704254,-45.7366600307648,9084213.276704151,5.679363542401157,4932.35028568757,4911.1582543945315,4916.9790741971965,19.98527560585377,0.8914627453206911,0.996770062516954
202,4935.89990234375,4935.89990234375,4933.75,4933.75,4933.75,308.0,4928.4819921875,4928.168780708456,51.60219530372249,0.6376982789923036,-45.78787336791272,-0.5015897863058854,0.9419777003740819,1.536135940029686,-0.594158239655604,3.882477961150156,4931.776314879936,-0.04659200734392914,0.005870813362747196,0.004404659844290914,22.74029901026272,-21.804075939176293,-0.7949951171876819,4934.5750732421875,4934.10009765625,28.000000000000004,72.0,-44.0,4935.044995117188,4943.820330840515,4926.26965939386,0.42621392742016967,0.3556334636061162,4935.450838216146,4939.688387044271,4931.213289388021,4946.5,4926.35009765625,5.133793397392649,-4076.0,-0.07350576067584313,-37.01144520494126,-192057.81546506015,5.682472738976288,4932.8879901520595,4911.218005371094,4917.1459490808065,19.201229418040846,1.0132362768839418,1.0073654635211946
203,4936.0,4936.0,4933.85009765625,4934.0,4934.0,213.0,4928.8669921875,4928.397455974791,51.907368520662594,0.6717570983731684,-43.95635843319621,-1.2932186351099517,0.905791344811405,1.4100670209860298,-0.5042756761746248,3.825701526460539,4931.7903289485275,-0.005066626133657597,-0.009384338598524167,0.003938257080569624,22.605395116864642,-10.421814897723136,-1.0425048828128638,4934.5750732421875,4934.10009765625,24.0,68.0,-44.0,4934.542504882813,4942.288317635132,4926.796692130493,0.4649807644362172,0.31394248786609774,4935.024178059895,4939.139217122395,4930.9091389973955,4946.5,4926.35009765625,4.927808154721745,-3863.0,-0.16769772180503253,-24.116953032806798,101032.95106843044,5.693265746323629,4932.983234485707,4911.301506347656,4917.313651080003,18.49048821578027,0.9789138256998231,0.9882981642983473
204,4933.75,4937.85009765625,4933.75,4936.2001953125,4936.2001953125,205.0,4929.297998046875,4928.703445752741,54.61941278846659,0.9744344656605308,-27.837596136648184,-1.2089427274813715,1.042631959031496,1.336580008595123,-0.29394804956362686,4.483682892357039,4931.824267509492,0.05473183971825276,-0.07906862141185167,0.0036210837378163243,22.635662045805983,43.33050564250589,-0.7026123046871362,4934.5750732421875,4934.10009765625,20.0,64.0,-44.0,4934.102514648437,4940.258893150083,4927.946136146791,0.6703664470517859,0.24954400454262485,4934.561686197917,4938.759220377605,4930.36415201823,4941.10009765625,4926.35009765625,4.868685976259478,-3658.0,-0.1544004165628494,43.76261726652273,1750041.6825457318,5.784680427933367,4932.870543931542,4911.382006835937,4917.501576893262,18.156698562524586,0.9596238347501129,1.0386924561619646
205,4934.0498046875,4934.7998046875,4930.0,4930.7001953125,4930.7001953125,417.0,4929.59,4928.781749657045,47.4204483716325,0.17099492643534706,-65.88158700980392,-0.6826358570770026,0.6992149820353006,1.2091070032831586,-0.5098920212478579,3.081277136823814,4931.803624398255,-0.05472305275652656,-0.24125141632090763,0.0031926291384098728,22.75138488736193,-75.69143499997539,1.6149658203121362,4935.22509765625,4934.10009765625,16.0,60.0,-44.0,4933.635034179688,4939.315522531217,4927.954545828159,0.24167371838743204,0.23027598564445725,4934.165852864584,4938.453377278646,4929.878328450521,4940.10009765625,4926.35009765625,4.963793785990944,-4075.0,-0.29001380626735,-290.13204234298047,-3913678.4253932307,5.320051784593898,4932.56107524946,4911.4455078125,4917.6329064297715,17.042133822703935,0.8246941154413623,1.06594553176227
206,4930.0,4930.7001953125,4925.0498046875,4926.10009765625,4926.10009765625,296.0,4929.82900390625,4928.676586833484,42.38825228105308,0.0,-92.52476107732407,-1.7475140739888957,0.055228477827768074,0.9783312981920804,-0.9231028203643123,0.326298743744928,4931.70662819924,-0.1853989634516995,-0.2944977008806797,0.002519660120181704,23.015838524289105,-184.06746627894486,-5.0400390625,4933.9249267578125,4934.10009765625,12.0,100.0,-88.0,4933.0400390625,4939.236517055188,4926.843561069812,-0.05999080561884033,0.2512235028956313,4933.59501953125,4938.06005859375,4929.12998046875,4940.0,4925.0498046875,5.012836417348734,-4371.0,-0.2791650925952248,-443.20302290112613,-8637657.358839706,5.0438985300227746,4931.961517000132,4911.476508789063,4917.717157088742,16.54600743313837,0.7709375730652326,1.0654352739459123
207,4926.2001953125,4931.85009765625,4926.2001953125,4931.85009765625,4931.85009765625,164.0,4930.2130078125,4928.801038238298,49.58936406651262,0.5779275687491513,-51.60034752389227,-2.63688821231608,0.00874072122223879,0.7844131827981122,-0.7756724615758734,0.08650510251657123,4931.70734338891,0.07812698166091721,-0.26117606343760813,0.0019345895939505268,23.34664164848168,-93.74529012810363,-3.715039062500182,4933.9249267578125,4934.10009765625,8.0,96.0,-88.0,4932.7150390625,4938.426228708284,4927.003849416717,0.42427659910674326,0.23156373723421447,4933.231689453125,4937.81171875,4928.65166015625,4940.0,4925.0498046875,5.0654909589666826,-4207.0,-0.27201517417373183,-245.17401962953673,3962326.413247644,5.235327851657688,4931.704143880209,4911.550759277344,4917.857783363046,15.849930602625761,0.7935193126589326,1.0546953760965407
208,4930.4501953125,4933.4501953125,4926.0498046875,4927.7001953125,4927.7001953125,497.0,4930.4580078125,4928.757867927483,45.19834105604394,0.22552458871406195,-81.13640312771503,-3.5086612477025483,-0.35882726047657343,0.5557650941431751,-0.9145923546197485,-1.50951574066674,4931.491876760664,-0.026370555640089267,-0.23504715199121828,0.0012654408895122866,23.731850613095062,-111.43809900526644,-1.102734375000182,4933.6124267578125,4934.10009765625,4.0,92.0,-88.0,4932.6525390625,4938.5514359123445,4926.753642212656,0.08023136562127571,0.23917747309910548,4933.131689453125,4937.5392578125,4928.72412109375,4940.0,4925.0498046875,5.232269506540491,-4704.0,-0.2421537121685153,-504.7922260887101,1079315.7266659036,4.817127496009417,4931.323694441913,4911.614260253907,4917.955717810304,14.87608154503057,0.7999871695261991,1.0350343215174174
209,4929.5,4931.2001953125,4927.7001953125,4931.2001953125,4931.2001953125,93.0,4930.831015625,4928.853645471993,49.27769167559657,0.5529141996341135,-56.22589052997394,-4.58966710707773,-0.3635163941671635,0.3719087964811074,-0.7354251906482709,-1.561651553921307,4931.484227930091,-0.007089239465202033,-0.203907756015136,0.000704836003287333,24.05224961146389,-75.4946039741579,3.379858398437136,4933.6124267578125,4934.10009765625,4.0,88.0,-84.0,4932.520043945313,4938.424431752472,4926.615656138154,0.3882315427170455,0.23940654085760943,4932.978361002604,4937.323429361979,4928.633292643229,4940.0,4925.0498046875,5.108535970359028,-4611.0,-0.23936137906520352,-386.1790509331801,-1128297.2110215055,4.883182650969861,4931.271567288132,4911.68451171875,4918.087503656097,13.971793134406463,0.891945707100756,1.095853463115892
210,4929.5,4931.0,4926.5,4931.0,4931.0,940.0,4931.153017578125,4928.937816237797,49.05276994892494,0.5348630332966225,-57.65073848827107,-5.304209271599575,-0.3790175763269872,0.2217235219194885,-0.6007410982464757,-1.669880045607445,4931.480910945203,-0.09927069917733426,-0.05143815137866292,0.00023172564661535488,24.346565090323082,-80.08135481512085,4.182641601562864,4932.262451171875,4934.10009765625,8.0,84.0,-76.0,4932.267553710937,4937.975184974711,4926.559922447163,0.38895974070869876,0.23144045620474854,4932.664200846354,4936.799259440104,4928.529142252604,4940.0,4925.0498046875,5.079368780511954,-5551.0,-0.059004467576106404,-357.89398562129725,-335199.883643617,4.845020827012902,4931.129613419961,4911.756010742188,4918.215986206784,13.383542901564047,0.8987152050804639,0.9501533564591268
211,4930.2001953125,4931.9501953125,4926.9501953125,4926.9501953125,4926.9501953125,447.0,4931.4140234375,4928.859870319158,44.616282177156656,0.17881126405447034,-86.47437011294527,-5.0531422334561285,-0.7099044311389662,0.03539793130779759,-0.7453023624467637,-3.1115599546479253,4931.301705859073,-0.19244598089981552,-0.10061554263767836,-0.0003232522742354526,24.666559409081,-93.25046581186876,-0.0524658203121362,4932.012451171875,4934.10009765625,4.0,80.0,-76.0,4931.902563476562,4937.978172463991,4925.826954489134,0.09243853790546282,0.24637992779588574,4932.286710611979,4936.384269205729,4928.189152018229,4939.10009765625,4925.0498046875,5.073699581903957,-5998.0,-0.09617767951814118,-565.3752298628976,783216.2332214764,4.47790204881124,4930.925097739185,4911.805012207031,4918.302893760075,12.612396062493408,0.8696493565458159,0.9702648991834942
212,4930.2998046875,4930.2998046875,4926.9501953125,4928.9501953125,4928.9501953125,55.0,4931.751025390625,4928.86341247576,47.15804615222533,0.38280135866898907,-72.23979148566464,-5.078756893381978,-0.8015120304226002,-0.131984061038282,-0.6695279693843182,-3.555880320679757,4931.2457391703165,-0.05879948267543884,-0.1803364919155035,-0.0008294121349753409,24.890571130685665,-81.92250672621117,2.025122070312136,4931.9874267578125,4934.10009765625,48.0,76.0,-28.0,4931.675073242188,4937.834533624975,4925.515612859401,0.2788054666848192,0.24979181682939686,4932.01171875,4936.131762695312,4927.891674804688,4939.10009765625,4925.0498046875,4.950550281410818,-5943.0,-0.053854558007300594,-468.893054168198,-5025603.554465554,4.500228233497385,4930.788059221248,4911.866013183594,4918.408837059104,11.896331140499244,0.8259069806444728,1.0062434725599763
213,4931.14990234375,4933.4501953125,4931.14990234375,4933.4501953125,4933.4501953125,174.0,4932.140029296875,4929.043286312494,52.44621600953254,0.8223229285874519,-34.37345031470532,-4.513600068933556,-0.50517596683585,-0.2066224421977956,-0.2985535246380544,-2.313314658228653,4931.25768023218,-0.00506719075142678,-0.13313757574399088,-0.0011013255526469686,24.729403244638707,19.73923669432806,2.072412109375364,4931.224853515625,4934.10009765625,44.0,72.0,-28.0,4931.677587890625,4937.839903323988,4925.515272457261,0.6438264107901854,0.2499074736148575,4931.92255859375,4935.9826171875,4927.8625,4939.10009765625,4925.0498046875,4.918368118452903,-5769.0,0.012816000509854012,-290.0511892870269,4858441.942039577,4.659085590332644,4930.759194438806,4911.939013671875,4918.558502315357,11.614650987527652,0.8576797495498323,0.9908173252938232
214,4931.64990234375,4932.0,4931.64990234375,4932.0,4932.0,16.0,4932.56203125,4929.159235868867,50.685814918907944,0.6783953683565491,-45.70284188441732,-3.867326803769174,-0.38293194232483074,-0.24188434222320265,-0.1410476001016281,-1.8118678488799662,4931.271281314999,-0.0354699771978718,-0.045718339949937015,-0.0012598996024992051,24.463928751746007,3.6457624195673146,2.484912109374818,4930.887451171875,4934.10009765625,40.0,68.0,-28.0,4931.515087890625,4937.459570269948,4925.570605511302,0.5407867395705912,0.24108138263308002,4931.752555338541,4935.640104166667,4927.865006510417,4939.10009765625,4925.0498046875,4.695648464902695,-5785.0,0.015968264274516867,-251.93003724602306,-1039566.0996437073,4.654382365595108,4930.727769691644,4912.039013671875,4918.692248560976,11.353090845482601,0.9012212815484447,0.9469396214983817
215,4932.7001953125,4934.9501953125,4932.64990234375,4934.9501953125,4934.9501953125,228.0,4932.96103515625,4929.386332317637,54.06382726735827,0.9545762218743209,-22.65496852946786,-2.710997817095631,-0.0474495968546762,-0.20299739314949738,0.15554779629482118,-0.3684703249265256,4931.345164428164,0.019258113346169437,-0.09435545573463,-0.0012164521432250239,24.080659877573577,61.43824113850731,4.337597656250182,4931.512451171875,4934.10009765625,36.0,64.0,-28.0,4931.86259765625,4937.756886640807,4925.968308671692,0.7619143432175949,0.23902892133931933,4931.887556966146,4935.367610677084,4928.407503255208,4939.10009765625,4925.0498046875,4.570973239731074,-5557.0,0.13629325231667935,-119.84795603230549,1992676.864590561,4.790766090503874,4930.829655743045,4912.163764648438,4918.854019175419,11.770227559445706,0.8820495100821877,0.9764049658168177
216,4934.9501953125,4938.75,4934.9501953125,4936.9501953125,4936.9501953125,157.0,4933.3200390625,4929.6829543958675,56.25166357665528,1.0,-13.137073205502887,-1.2582318474269414,0.3754775922952831,-0.0873023960605413,0.4627799883558244,1.4928044760905095,4931.779507043016,0.015193873228889964,0.017231710834107794,-0.0009579561450443772,23.80110835507449,118.34749919050887,-1.5599121093746362,4932.46240234375,4934.10009765625,100.0,60.0,40.0,4932.260107421875,4938.39593853856,4926.12427630519,0.8821884762988101,0.2488040364072478,4932.319230143229,4935.836783854166,4928.801676432291,4939.10009765625,4925.0498046875,4.515889771714568,-5400.0,0.0934252754739306,-57.869676599118996,7381904.353002075,4.854393885633057,4930.78615458619,4912.298515625,4919.034080629519,12.880487343562157,0.9196013714871664,0.9023696606530586
217,4936.0,4936.39990234375,4933.0,4934.9501953125,4934.9501953125,635.0,4933.7050390625,4929.889512863187,53.507203278656526,0.8020357154902154,-27.73540523201939,0.19205250459526724,0.543007696703171,0.03875962249220116,0.5042480742109698,2.2768399902599192,4931.836583876811,0.08619465454501522,-0.055069752942093375,-0.000643818237600536,23.67126482897113,57.64927232856157,-6.330029296875182,4932.3499755859375,4934.10009765625,96.0,56.00000000000001,39.99999999999999,4932.430126953125,4938.6654461514845,4926.194807754766,0.7020801405033054,0.25282949936935123,4932.524235026041,4936.081803385417,4928.966666666666,4939.10009765625,4925.0498046875,4.475483024627813,-6035.0,-0.0254127728162923,-231.03115137067343,-1151226.4679736039,4.597150050925972,4931.184471692636,4912.431015625,4919.1924499298475,13.3359901241384,0.8818720286805393,0.9369417816226326
218,4932.64990234375,4932.64990234375,4927.0,4927.39990234375,4927.39990234375,104.0,4934.007041015625,4929.791881078111,44.65059692145632,0.1631881643099567,-82.84624705966213,0.15144330193015776,0.06577278160420974,0.04416225431460288,0.021610527289606857,0.1867420539841302,4931.814530294139,0.02638607948950172,-0.21428099416278135,-0.0006036194417125069,23.7240273670177,-81.5707822473785,-0.155029296875,4932.3499755859375,4934.10009765625,92.0,52.0,40.0,4932.005126953125,4938.393355907795,4925.616897998455,0.13955388558761467,0.2590519997539625,4932.173396809896,4935.978450520834,4928.368343098959,4939.10009765625,4925.0498046875,4.723676759475826,-6139.0,-0.0335415262297633,-310.202482424863,-26483917.236328125,4.438033861770531,4930.900551458346,4912.518264160156,4919.2741161230215,12.48431406383468,0.7759315687066338,0.9902125628694152
219,4932.25,4932.25,4929.14990234375,4929.14990234375,4929.14990234375,61.0,4934.212041015625,4929.76670544147,46.84665887403418,0.3215952046662149,-70.07270653646019,0.1882123161767595,-0.16927762517298106,0.0014742784170860973,-0.17075190359006714,-0.8412541682591907,4931.783501858157,-0.054750149721363314,-0.08748407404631642,-0.0006781953618965173,23.77177539232266,-45.557863825468104,-3.939916992187136,4932.4625244140625,4935.25,88.0,48.0,40.0,4931.640112304687,4937.800896457136,4925.479328152238,0.2978982951425783,0.2498472723943393,4931.825056966146,4935.625105794271,4928.025008138021,4938.75,4925.0498046875,4.7327068235311245,-6078.0,-0.036496123033722606,-250.637842078454,4446861.392161885,4.459698431749761,4930.788649643283,4912.630263671875,4919.372382652581,11.693472007838368,0.856479052686802,0.9439631267331184
220,4929.14990234375,4930.2998046875,4928.0,4928.0,4928.0,145.0,4933.608037109375,4929.697422875138,45.56729956951378,0.08173495648351525,-84.64436755094195,-0.45063620174641983,-0.44323493852880347,-0.08746756497209182,-0.3557673735567116,-2.062347894984915,4931.723473833848,0.006084069152283061,0.00404525630491126,-0.000870669225321737,23.56614551820345,-75.86807226469566,-0.2474121093746362,4932.4625244140625,4935.60009765625,84.0,44.0,40.0,4931.447607421875,4937.807504716801,4925.087710126948,0.22895730371111375,0.25793226659672763,4931.653385416667,4935.385904947917,4927.920865885417,4938.75,4925.0498046875,4.558928099528901,-6223.0,-0.05841597860754932,-238.65184175921058,-2458489.3522591423,4.425871941757147,4930.9889636961925,4912.7307641601565,4919.458229591362,11.220341950863538,0.9101905694962392,0.906145313191328
221,4928.0,4929.35009765625,4926.89990234375,4926.89990234375,4926.89990234375,787.0,4933.2950390625,4929.587716187632,44.320285306497205,0.0,-93.30642060745868,-1.9441837086396845,-0.7405798268291619,-0.21809001734350586,-0.522489809485656,-3.432301563849019,4931.702677615711,-0.08720580788502102,-0.07008596945163181,-0.0011757215602191614,23.44524515892031,-93.88296177573734,-0.1075927734373181,4932.449951171875,4941.60009765625,80.0,40.0,40.0,4931.107592773437,4937.673211374294,4924.541974172581,0.17956633750104814,0.2662938691696098,4931.307543945312,4935.0025634765625,4927.612524414062,4938.75,4925.0498046875,4.408304329026837,-7010.0,-0.16993491910566394,-328.2411294320019,-319086.52076575777,4.250186703228553,4930.434069014917,4912.813264160156,4919.532276086411,11.030616583053297,0.8683665804189967,0.9384525498706285
222,4925.9501953125,4928.0498046875,4925.9501953125,4928.0498046875,4928.0498046875,45.0,4932.99603515625,4929.527405932725,45.98428284114157,0.13946398286660977,-83.59655146105135,-3.333438648896845,-0.8733725885103922,-0.34914653157688313,-0.5242260569335091,-4.115538487145116,4931.675852766283,-0.05982955409653214,-0.14661233180975464,-0.0014952611588668393,23.37901116811324,-95.33502727453305,-3.872387695312682,4932.2125244140625,4941.35009765625,76.0,36.0,40.0,4930.822583007813,4937.399510539069,4924.245655476557,0.28920413010973295,0.266767965001247,4930.951708984375,4934.644213867187,4927.259204101562,4938.75,4925.0498046875,4.2433975465963485,-6965.0,-0.1156459393072469,-273.95731016046597,-5249023.4375,4.260689373567791,4930.57319445226,4912.910512695313,4919.61702761478,11.070566173679763,0.840226150485526,0.9868384822952806
223,4929.9501953125,4933.9501953125,4928.10009765625,4933.9501953125,4933.9501953125,54.0,4932.99103515625,4929.7008486535,53.640267993484755,0.7811321103026324,-37.49904631113146,-3.0434010225189922,-0.49677310591414425,-0.3786718464443354,-0.11810125946980887,-2.425132570740778,4931.688874386439,0.14207572073003294,0.013480284534996057,-0.0015742084394706904,23.597656539673636,33.28922642921423,-1.8698974609378638,4932.2125244140625,4935.75,72.0,32.0,40.0,4930.820092773438,4937.3922421131565,4924.247943433719,0.7381338567693093,0.26657429052626413,4930.820882161459,4934.698396809896,4926.943367513021,4938.75,4925.0498046875,4.361754195053752,-6911.0,-0.07598844549754202,-189.30325245897083,43606481.507972434,4.3253439745515205,4930.606262333923,4913.027014160156,4919.759646198838,10.896820563887102,0.8552033020110652,0.8417230174760691
224,4932.2001953125,4934.9501953125,4932.2001953125,4934.85009765625,4934.85009765625,60.0,4932.988037109375,4929.902779986941,54.69496261450045,0.869528823333986,-30.46845197222858,-2.407331399355826,-0.12426821770259266,-0.32779112069598687,0.2035229029933942,-0.7303353373505489,4931.741805967288,0.11969896448458515,0.13513415122501726,-0.001449867336519866,23.76728469636614,97.25129346918615,2.697607421874636,4932.2125244140625,4935.75,68.0,28.000000000000004,40.0,4930.752587890625,4937.127068772366,4924.378107008884,0.8213994866124334,0.2585601596557886,4930.72421875,4934.534228515625,4926.914208984375,4938.75,4925.0498046875,4.2466288954070555,-6851.0,-0.07513261623090194,-154.5464820184036,11687723.795572918,4.336287364429336,4931.025238283883,4913.146513671875,4919.909799944682,10.94447925354847,0.9524645964541847,0.8173304452291674
225,4932.85009765625,4934.2001953125,4932.7001953125,4933.4501953125,4933.4501953125,218.0,4933.006044921875,4930.041894313433,52.68690778990728,0.7012284996726725,-41.40535591668574,-1.4391903147979974,0.05732338202506071,-0.25076822015177735,0.30809160217683806,0.12377573169324665,4931.759160745277,0.0,0.11022789530849009,-0.0012472785290062423,23.822411731909092,75.27301561715328,1.109912109374818,4931.5374755859375,4935.75,64.0,24.0,40.0,4930.890087890625,4937.371850743102,4924.408325038148,0.6974854279724592,0.26290437373143005,4930.805061848959,4934.450081380209,4927.160042317709,4938.75,4925.0498046875,4.096862713145837,-7069.0,-0.02096246103249036,-176.0653718639888,-86009.17431192662,4.274445828233045,4931.611286053304,4913.260014648437,4920.04453024685,10.988733751091173,0.937984794163727,0.827756898855237
226,4932.7998046875,4934.4501953125,4932.25,4932.25,4932.25,42.0,4933.151044921875,4930.128486693298,50.959510042946036,0.5564507792913072,-50.78202487220569,-0.3574132582716629,0.10320066876829515,-0.17997444236776286,0.283175111136058,0.36409443722031454,4931.775410372964,0.005068937550689376,0.14198751044893543,-0.001046064343710459,23.849330374042037,54.783188877364665,3.752612304687318,4931.175048828125,4935.75,60.0,20.0,40.0,4931.197583007813,4937.314453742702,4925.080712272923,0.5860257669157928,0.24808864913332973,4931.090063476562,4934.562573242188,4927.6175537109375,4938.75,4925.9501953125,3.961386470242563,-7111.0,0.007203883296749429,-158.11434775841897,-524367.6049368721,4.264228191259045,4931.690490946557,4913.380764160156,4920.16597770708,10.898769881442965,0.9274819294881251,0.7854944190391897
227,4932.25,4932.25,4929.10009765625,4929.10009765625,4929.10009765625,173.0,4933.17904296875,4930.088157711454,46.63778255598672,0.19423550213690516,-75.39101243610284,0.504800953583981,-0.11330592509420967,-0.16664073891305223,0.05333481381884256,-0.6587725294972002,4931.664048465024,-0.11854420864888889,-0.08178325919935303,-0.0009771153568936754,23.947947445304134,-27.56242357339561,5.890112304687136,4931.175048828125,4935.75,56.00000000000001,16.0,40.00000000000001,4931.060083007813,4937.235454775898,4924.884711239728,0.3413062868787665,0.2504683238139782,4931.09922688802,4934.4467366536455,4927.751717122395,4938.75,4925.9501953125,3.9034233183502374,-7284.0,-0.06115240040831459,-213.37417028846625,-4870602.643558744,4.153744516370562,4931.529292693998,4913.483015136719,4920.2548744229925,10.289520923825714,0.8188334007278609,0.900616659927214
228,4928.0,4930.75,4924.4501953125,4930.0,4930.0,1075.0,4933.12404296875,4930.084700546299,47.994728293018454,0.30796467124938176,-61.18964693027385,0.04626034007378621,-0.2098552811821719,-0.17528364736687616,-0.03457163381529574,-1.1382899205697996,4931.627258277586,-0.1407791255236689,-0.17329264345494055,-0.0009621935364652944,24.25190439140729,-76.41366160388473,3.775122070312136,4930.650146484375,4935.47509765625,52.0,12.0,40.0,4931.175073242188,4937.1791811350995,4925.170965349276,0.4021442266572908,0.24351631421449435,4931.065893554687,4934.358374023437,4927.773413085937,4938.75,4924.4501953125,4.074593416146649,-6209.0,0.1439138307177569,-44.69285745707822,-1802008.540131325,4.350006511535072,4930.638810720303,4913.592766113281,4920.351840846644,10.763846852203399,0.7642021547140149,0.9374947981689554
229,4930.4501953125,4931.0,4928.85009765625,4931.0,4931.0,169.0,4933.038046875,4930.1205946425225,49.53056950604248,0.4366875378158845,-54.19654442395684,-0.5867086971511526,-0.2033357706386596,-0.18089407202123284,-0.02244169861742676,-1.1272708899547876,4931.61715288147,-0.08004529237705627,-0.13750751201923073,-0.0009426266214161463,24.38708701093649,-22.899238848555456,-3.765161132812864,4930.650146484375,4935.47509765625,48.0,8.0,40.0,4931.165063476563,4937.169637958776,4925.16048899435,0.48625518951827246,0.24353573262783615,4931.0783854166675,4934.303361002605,4927.85340983073,4938.75,4924.4501953125,3.9371154824040313,-6040.0,0.1555633470768349,-14.165306391781332,2957643.7713126456,4.38428643039917,4930.405725190505,4913.704016113281,4920.457792679016,11.132786164981647,0.8384540264423077,0.9759615384615384
230,4929.5,4935.0,4929.5,4933.10009765625,4933.10009765625,731.0,4932.983046875,4930.237437897963,52.69045873255203,0.8067887971414687,-27.614105340579414,-0.9554242302392595,-0.028381517485286167,-0.1503915611140435,0.12201004362875734,-0.24826223324764854,4931.694151735498,0.11568363488802004,-0.16015930458819028,-0.0008357774034312848,24.536666882816174,37.64012132194733,-2.120166015624818,4930.66259765625,4935.47509765625,44.0,4.0,40.0,4931.270068359375,4937.332595297528,4925.207541421221,0.6509295806471556,0.24588095375479968,4931.230053710938,4934.505029296875,4927.955078125,4938.75,4924.4501953125,4.048750090803743,-5309.0,0.02879328623072834,207.16850690972313,1749279.2674846102,4.695617070577459,4930.530940456114,4913.8277661132815,4920.583586758392,10.410852299509672,0.8128352943315936,0.9729945989197839
231,4933.14990234375,4935.0,4933.14990234375,4933.14990234375,4933.14990234375,218.0,4932.88904296875,4930.351652189955,52.76598772734788,0.814068926687048,-17.536795334629268,-0.9229520909930216,0.11298736267690401,-0.097715776355854,0.210703139032758,0.5021584693337203,4931.805480126426,0.08114989560569155,-0.012592291475623685,-0.0006714397255520686,24.47935544773237,66.67449949367975,-3.580053710937136,4930.66259765625,4935.47509765625,40.0,60.0,-20.0,4931.580053710937,4937.354511584768,4925.805595837106,0.6359303909659775,0.23418287084221354,4931.487540690104,4934.605021158854,4928.370060221354,4938.75,4924.4501953125,3.8952609660141904,-5091.0,0.0745662923598981,179.12406619047698,1548778.846723224,4.697818003390491,4930.017051732153,4913.960266113281,4920.708624724415,9.740485138714266,0.9235197912629161,0.9361120827385397
232,4934.89990234375,4936.5498046875,4933.10009765625,4935.0,4935.0,275.0,4932.86404296875,4930.533940339369,55.60156659465988,1.0,-12.80871670702179,-0.05546731387858017,0.3700449893694895,-0.004163623210785297,0.37420861258027477,1.9230116719905215,4932.076639782821,0.14204545454545456,0.20995836871647244,-0.00040106703276612923,24.371791609886774,91.52957225774183,-4.982641601562136,4931.050048828125,4935.47509765625,36.0,56.00000000000001,-20.000000000000007,4931.882543945312,4937.707862636504,4926.057225254121,0.7675781549429863,0.23623103913304241,4931.795035807291,4934.917521158854,4928.672550455729,4938.75,4924.4501953125,3.8634356849596054,-4816.0,0.07471997603280744,226.21732180165884,940829.1903409092,4.800952281800952,4930.372903029006,4914.1100170898435,4920.850827463476,9.365556450653838,1.0763550879227854,0.866396719206313
233,4936.5498046875,4940.0,4936.5498046875,4938.9501953125,4938.9501953125,1475.0,4932.76205078125,4930.863989554002,60.98682762839793,1.0,-6.751240344156252,2.056702378216869,0.882341673508563,0.17313743613308438,0.7092042373754786,4.790304944739341,4932.4959409583535,0.24458164784345668,0.3181719641990729,8.595093833662982e-05,24.174533293811322,170.30353120392013,-4.107739257812682,4932.22509765625,4935.47509765625,100.0,52.0,48.0,4932.157543945313,4938.724938471437,4925.5901494191885,1.0171496352295486,0.26630919501694683,4932.085864257812,4935.265844726562,4928.9058837890625,4940.0,4924.4501953125,3.944618850319634,-3341.0,0.1206379493757384,1026.2631452496362,806983.4143428479,5.981608428900865,4932.567714763963,4914.273017578125,4921.030920675905,9.807206952859147,1.1078260330962433,0.7896540688971704
234,4938.9501953125,4945.7998046875,4938.85009765625,4940.39990234375,4940.39990234375,1702.0,4932.670048828125,4931.237946918305,62.771509842354824,1.0,-25.292745402982344,4.244037224264503,1.3893046886632874,0.41637088663912497,0.9729338020241625,7.744335979228143,4933.032385739206,0.2506082151301056,0.5052917512594931,0.0007544220110348708,24.237714701743823,206.80862702051667,1.3726562499996362,4935.125,4935.47509765625,100.0,48.0,52.0,4932.5775390625,4940.061349431734,4925.093728693267,1.022619019945227,0.3034442057916862,4932.575862630209,4936.085823567709,4929.065901692708,4945.7998046875,4924.4501953125,4.159268006100374,-1639.0,-0.018492260940828367,1232.1400340979026,1653739.8835326754,6.481188556177724,4934.854991730362,4914.441018066406,4921.223646861655,11.262510900976906,1.1645894428152492,0.6592976915557561
235,4939.4501953125,4943.5498046875,4938.89990234375,4942.0,4942.0,832.0,4932.709052734375,4931.659988215627,64.69141958792298,1.0,-17.79800567194218,5.858868049172997,1.8983085199679408,0.7127584133048881,1.1855501066630527,10.829269937243314,4934.213821434131,0.16315131626475918,0.48198779047224005,0.0015776129395782736,24.314599501207386,172.52914143706067,1.9200683593753638,4935.125,4935.47509765625,100.0,44.0,56.0,4932.930029296875,4941.423619507673,4924.4364390860765,1.0339303214554911,0.34436289022363553,4932.940852864583,4936.568294270833,4929.313411458333,4945.7998046875,4924.4501953125,4.194313315932491,-807.0,-0.01173172243977741,1246.3030649410596,-614825.3209315813,6.750656873786692,4936.4298377350715,4914.612019042968,4921.430376743629,12.613864567086255,1.179139201240791,0.697151410768551
236,4941.9501953125,4946.5498046875,4941.9501953125,4946.2001953125,4946.2001953125,479.0,4932.873056640625,4932.2301924155045,69.18394110181,1.0,-1.581970835174547,7.616670496323422,2.610525865492491,1.0923119037424087,1.5182139617500823,15.031521920791334,4936.967855303231,0.22999883343246025,0.6072385943439323,0.002632314646108818,24.375890022763556,206.1693121278343,0.0576660156248181,4935.5,4935.5,100.0,40.0,60.0,4933.392529296875,4943.554840250925,4923.2302183428255,1.1301551917441086,0.4119806357876823,4933.341682942709,4937.009114583334,4929.674251302084,4946.5498046875,4924.4501953125,4.223263034437314,-328.0,0.03155381917800507,1355.6731349048368,2904904.411331846,7.157757957292877,4937.025044257471,4914.804519042968,4921.676842600036,14.338256024306562,1.2418438677090426,0.6346052733651103
237,4946.2001953125,4946.2001953125,4944.25,4944.4501953125,4944.4501953125,630.0,4932.99505859375,4932.709408215387,65.44751566182848,0.8342766271075607,-9.500662836942112,9.393757180606372,2.999180186167905,1.473685560227508,1.525494625940397,17.47614108223423,4939.271457964707,0.2229676912610086,0.5389105599154985,0.0037222924710376866,24.375315703436907,170.51273961143747,-1.6175292968746362,4936.5999755859375,4935.5,96.0,36.0,60.0,4933.867529296875,4945.107600239096,4922.627458354653,0.9707561931781509,0.45562921482910645,4933.850854492188,4937.44580078125,4930.255908203125,4946.5498046875,4924.4501953125,4.060901054298934,-958.0,-0.032486552400375616,1004.505544204146,301846.17118229944,6.934859579454281,4937.677927999256,4914.996770019531,4921.903443124539,15.939476663153991,1.263770882170356,0.7248603222548574
238,4946.5498046875,4949.89990234375,4946.5498046875,4949.89990234375,4949.89990234375,762.0,4933.414052734375,4933.383545240029,70.74604560215877,1.0,-0.0,11.018311982996238,3.7042372070109195,1.9197958895841905,1.784441317426729,21.45610883586757,4942.805083674096,0.3578468719904709,0.516261810746016,0.004997544246162241,24.433802087816787,181.11851377707995,-5.892431640624636,4938.4375,4937.175048828125,100.0,32.0,68.0,4934.992529296875,4947.811189609407,4922.173868984342,1.0814715689244456,0.5195006977795231,4934.839184570313,4938.319140625,4931.359228515625,4949.89990234375,4924.4501953125,4.16010148122401,-196.0,0.05536745227398716,1454.2442890053394,1318828.7498444084,7.774725812053607,4938.666754506505,4915.220268554687,4922.182014858064,17.96248311545374,1.1805193202651247,0.6642575095191088
239,4947.4501953125,4948.75,4947.4501953125,4948.7001953125,4948.7001953125,172.0,4933.7110546875,4933.984198184048,68.26430426817012,0.8970584762064513,-4.714030812916099,11.711570829504126,4.118715654387415,2.3595798425448353,1.75913581184258,23.91450214651334,4944.375553432441,0.39764048747092196,0.51349171561322,0.006284741604280665,24.519771427262068,143.3193936160269,-5.970043945312682,4939.3375244140625,4937.175048828125,96.0,28.000000000000004,68.0,4935.970043945313,4949.799312770272,4922.140775120353,0.9602611869187051,0.5603465459407726,4935.745027669271,4939.1349690755205,4932.35508626302,4949.89990234375,4924.4501953125,4.037930449083009,-368.0,0.0766411625418655,1217.0165892367195,-94278.052795765,7.733038179284046,4938.986634360541,4915.45126953125,4922.445877350147,19.840989106874936,1.1777592706233015,0.6642675550100815
240,4948.39990234375,4948.39990234375,4944.10009765625,4946.2001953125,4946.2001953125,488.0,4933.9140625,4934.463256894967,63.282491496859194,0.690415104107442,-14.537326605398976,12.176158949907403,4.197082350714481,2.7270803441787645,1.4700020065357169,24.448586267550724,4944.657653163446,0.3286043673935091,0.4320376518048492,0.00741325187101996,24.68257818581353,103.5491705076013,-5.880053710937318,4939.3375244140625,4937.175048828125,92.0,24.0,68.0,4936.880053710937,4950.885876944149,4922.874230477726,0.8327238051763479,0.5673957268896327,4936.6183675130205,4940.108308919271,4933.12842610677,4949.89990234375,4924.4501953125,4.078085249594937,-856.0,0.086981690311493,868.8713622029024,-1630134.9538271546,7.486508797456557,4939.399286226168,4915.672270507813,4922.682238722908,20.443315843770613,1.1153338656133125,0.6832962138084633
241,4943.5498046875,4947.75,4943.5498046875,4947.75,4947.75,30233.0,4934.1840625,4934.984305644185,64.98829363929838,0.7469266555151413,-8.44765065904338,11.96717601102955,4.334281904380987,3.048520656219209,1.2857612481617777,25.405658273799204,4945.1756670696395,0.33968769012370714,0.49452681283846245,0.008433754586734775,24.821207539341092,92.75297576159197,-4.822460937500182,4940.199951171875,4937.175048828125,88.0,20.0,68.0,4937.92255859375,4951.905629820068,4923.939487367433,0.8514049684504819,0.5663544156633994,4937.550032552083,4941.127473958333,4933.972591145834,4949.89990234375,4924.4501953125,4.086807396945299,29377.0,0.8014329530104556,7438.353327200703,-8337.007120773613,16.95948669301518,4944.795149646675,4915.88626953125,4922.9316691833765,20.826445175925347,1.1572364945185576,0.6627096816800951
242,4946.2998046875,4957.0,4946.2998046875,4955.60009765625,4955.60009765625,7310.0,4934.626064453125,4935.792768076031,72.0670248144451,1.0,-4.973027354252311,12.608022173712925,5.0185995226602245,3.4425364295074123,1.5760630931528121,28.75911469346551,4947.365312169353,0.4561026444748183,0.7458892952638534,0.009632260184124997,25.218908102971014,142.37810617035746,-6.150170898437864,4944.3250732421875,4940.72509765625,100.0,16.0,84.0,4939.300073242188,4954.4968136168945,4924.103332867481,1.0363000226414263,0.6153398315292653,4938.830867513021,4942.838338216146,4934.823396809896,4957.0,4924.4501953125,4.559192248056349,36687.0,0.7914508040283651,14573.476261484531,878265.0051299589,28.557529008650494,4946.496228618959,4916.139270019531,4923.256728173156,22.55052710778333,1.2627931278237083,0.516903832559855
243,4955.60009765625,4959.5498046875,4952.39990234375,4952.39990234375,4952.39990234375,5112.0,4935.006064453125,4936.444028243393,66.19170118341334,0.6967819991323381,-23.793506873354783,13.377885167738896,5.242267551680925,3.802482653942115,1.43978489773881,29.502355137319142,4947.90660428347,0.39021721174242613,0.7498361683334758,0.010752819067470389,25.496695242646947,139.58305535490365,-5.222558593750364,4945.6124267578125,4942.0,96.0,12.0,84.0,4940.22255859375,4956.226741385958,4924.218375801543,0.8804425351830097,0.6479134331455463,4939.97001953125,4944.04248046875,4935.89755859375,4959.5498046875,4924.4501953125,4.744242969177324,31575.0,0.6156482469539064,10154.4941616296,604909.5954693538,25.25633478088419,4947.390791927966,4916.365268554688,4923.546710005699,24.4313270181328,1.268427500926005,0.5185913325925293
244,4950.9501953125,4953.35009765625,4950.85009765625,4951.39990234375,4951.39990234375,437.0,4935.3290625,4937.030533110074,64.42422883534371,0.6040214862749208,-30.812826524395874,13.491117589614078,5.277993015423817,4.0975847262384555,1.1804082891853618,29.512794463594815,4948.186616433082,0.33231818325734547,0.5949912100354579,0.011712274226975032,25.631022005797128,100.73596322732207,-2.099853515625,4946.375,4942.0,92.0,8.0,84.0,4941.050048828125,4957.560919242814,4924.539178413436,0.8134254359605827,0.6683142348904005,4940.863346354166,4944.923307291667,4936.803385416666,4959.5498046875,4924.4501953125,4.583939899950372,31138.0,0.6055113849314757,8641.423567111087,-2216679.553418192,25.168094733913605,4947.646487687032,4916.582517089843,4923.823856198118,25.70428774414858,1.2471544352075326,0.6521632251720747
245,4950.89990234375,4952.9501953125,4949.5498046875,4950.9501953125,4950.9501953125,456.0,4935.78806640625,4937.576402216052,63.60173545294309,0.4858758712630327,-32.51306097583489,13.849946863510922,5.209960917397439,4.320059964470253,0.889900952927186,29.26848204659562,4948.358517161057,0.2429666128520401,0.5018825054436086,0.012481778584443414,25.74271934375708,86.0766020096048,-1.525146484375,4946.77490234375,4942.0,88.0,4.0,84.0,4941.925048828125,4958.586302299616,4925.263795356634,0.7708423618852475,0.6742819167377795,4941.74833984375,4945.9033203125,4937.593359375,4959.5498046875,4924.4501953125,4.499400666025346,30682.0,0.6012567626961325,7377.639285202361,-633917.5659313537,25.126678889850403,4947.738290130837,4916.812268066406,4924.093770020152,26.493356276032266,1.1685370347444235,0.6666545293008149
246,4950.9501953125,4952.89990234375,4950.5498046875,4950.5498046875,4950.5498046875,538.0,4936.2190625,4938.085163097286,62.83259249436271,0.16658231211706853,-39.130434782608695,14.385529641544053,5.065346649229468,4.469117301422096,0.5962293478073724,28.845950372670988,4948.4202434068175,0.20544697887583627,0.5019064894680341,0.013050644881871918,25.79287925800148,79.91001220399048,-0.8400390625001819,4946.77490234375,4942.0,84.0,4.0,80.0,4942.8400390625,4959.284019951772,4926.396058173228,0.7344251576584353,0.665365690951674,4942.66582845052,4946.828304036458,4938.503352864583,4959.5498046875,4924.4501953125,4.345879022469964,30144.0,0.586346530201393,6292.917936423453,207426.0472365028,25.083170038467934,4947.846320940086,4917.026767578125,4924.357014146196,27.22606276992426,1.187265390737793,0.685358901269759
247,4952.89990234375,4953.4501953125,4950.5498046875,4953.4501953125,4953.4501953125,500.0,4936.6570703125,4938.687713380235,66.03668773247858,0.3512637976408443,-29.467129007147406,13.876138844208981,5.125690316343025,4.600431904406282,0.5252584119367434,29.416269713920318,4948.784270111564,0.23169152797450424,0.41896531946621796,0.013549852027207288,25.838896344091825,84.40092910197653,2.142651367187682,4946.77490234375,4942.0,80.0,20.0,60.0,4944.057543945312,4959.844662747949,4928.270425142676,0.797478326622178,0.6386300589065784,4943.782495117188,4947.9324951171875,4939.632495117187,4959.5498046875,4924.4501953125,4.24262985122211,30644.0,0.5953263541485541,5601.100418720103,159606.4567565918,25.376106251558166,4948.170672154268,4917.266018066406,4924.646498535911,27.99059240453888,1.163667648070967,0.7447023286047489
248,4953.4501953125,4956.35009765625,4953.4501953125,4955.5,4955.5,1502.0,4937.049072265625,4939.347018737873,68.12788364812415,0.5734289851521915,-19.61173772197394,12.982515222885922,5.2780728760035345,4.735960098725732,0.5421127772778025,30.517037001022885,4949.081828663889,0.1880191727037939,0.4088804696622058,0.014035457430911781,25.700016640016575,105.53971163286826,-0.8823486328128638,4946.77490234375,4942.0,76.0,16.0,60.0,4945.332543945313,4960.478291594287,4930.186796296339,0.8356538181651222,0.6125269641378257,4945.117496744791,4949.097501627604,4941.137491861979,4959.5498046875,4928.85009765625,4.14672074354553,32146.0,0.5869618735151024,5240.772736135089,559929.5331063506,25.99765416649208,4948.604425942553,4917.509018554688,4924.95349855048,29.124414354788758,1.1847866025426428,0.775906132880437
249,4955.5,4955.5,4951.5498046875,4955.4501953125,4955.4501953125,510.0,4937.429072265625,4939.978515858447,68.01829820538413,0.5615619381111181,-23.293752080790146,12.687333409926396,5.333338919173912,4.855435862815368,0.47790305635854313,31.379880103164787,4949.478852561424,0.22247165135626926,0.4044101852310844,0.01446156304255663,25.634378157156007,90.51381636758424,3.3448486328125,4946.77490234375,4942.0,72.0,12.0,60.0,4946.5550537109375,4960.796000378452,4932.314107043423,0.812308648056858,0.5757925066185521,4946.311661783854,4950.381681315104,4942.241642252604,4959.5498046875,4929.5,4.132683212756564,31636.0,0.5893161960151378,4488.462289455077,-1065192.7368313659,25.99252846966532,4948.782764053855,4917.760769042969,4925.256948269505,29.527690967461098,1.1539764371519687,0.7495662519208843
250,4955.4501953125,4955.5,4953.0,4953.0,4953.0,183.0,4937.8520703125,4940.489162295371,62.67694885642915,0.0,-40.936279296875,12.775571576286893,5.120402558619389,4.908429201976173,0.2119733566432167,30.608883069854976,4949.701531511913,0.06262950195785012,0.33860439616919935,0.014704228519054341,25.620153801431528,80.27192631537687,1.150146484375,4947.46240234375,4942.0,68.0,8.0,60.0,4947.550048828125,4960.624634821616,4934.475462834634,0.7084177340142175,0.5285276900468434,4947.37666015625,4951.2966796875,4943.456640625,4959.5498046875,4933.10009765625,4.016062983273952,31453.0,0.5877176131568486,3783.1982849347087,990570.568647541,25.90204511809988,4948.839776053425,4917.98876953125,4925.532998535481,29.9021621077997,1.1315766931076428,0.7929722969384434
251,4953.10009765625,4961.75,4951.7998046875,4961.0,4961.0,5069.0,4938.39806640625,4941.293508872023,70.7527297245154,0.8600336040085239,-4.120834898320545,13.13631807215097,5.5333965489689945,5.033422671374737,0.4999738775942575,32.50513017197172,4951.053659687446,0.24854616772199298,0.344616216703475,0.015101161802119699,25.90624652291922,127.61301156523021,-2.742358398437318,4949.375,4943.10009765625,100.0,4.0,96.0,4948.942553710937,4961.508217762531,4936.376889659344,0.9797775206927315,0.5078120796601797,4948.597493489584,4952.922517903646,4944.272469075521,4961.75,4933.10009765625,4.43992957821867,36522.0,0.6162154569175815,9035.88424422975,495625.7933576941,34.089406313335566,4949.774641249424,4918.25001953125,4925.885904022691,31.15501368556773,1.0615375369961388,0.7169213202926639
252,4960.64990234375,4963.10009765625,4960.5498046875,4963.10009765625,4963.10009765625,929.0,4938.985068359375,4942.148669216503,72.43866838381305,1.0,-0.0,14.160131835937136,5.961437846762237,5.219025706452237,0.7424121403099999,34.60165825301788,4951.895410073658,0.3416744506169805,0.4379953453264561,0.015637718185090476,26.034205819394792,168.88097373010643,-2.597558593750364,4950.050048828125,4943.775146484375,100.0,4.0,96.0,4950.34755859375,4962.644225113213,4938.050892074288,1.0185364278325133,0.49680012863402895,4949.965828450521,4954.245882161458,4945.685774739583,4963.10009765625,4936.5498046875,4.3049555346851935,37451.0,0.6246121997199328,8023.75659829068,1386340.583230502,34.48267192967431,4950.005653883083,4918.521770019532,4926.256194506606,32.48069756203659,1.2020851679456535,0.7640898226191973
253,4963.10009765625,4965.7998046875,4962.10009765625,4965.7001953125,4965.7001953125,3069.0,4939.619072265625,4943.072258475169,74.40579757972046,1.0,-0.4476825842696629,14.992151596967233,6.436276421920411,5.462475849545872,0.9738005723745387,36.982935718103555,4954.430651689215,0.3627951152038805,0.5003776667899864,0.016316767306643335,25.943242242870916,185.96302095365212,3.9150390625,4951.39990234375,4945.125,100.0,4.0,96.0,4951.68505859375,4964.538583222487,4938.831533965013,1.0451865197898902,0.5191575989442172,4951.267496744792,4955.560026041667,4946.974967447917,4965.7998046875,4938.85009765625,4.261723498725536,40520.0,0.6464584305199069,8017.462756682191,256170.65628563866,36.09047744437654,4950.802283004909,4918.825021972656,4926.6486721265655,34.01764095200461,1.2265075841657418,0.7261299173757554
254,4965.7001953125,4965.7998046875,4964.0498046875,4964.10009765625,4964.10009765625,306.0,4940.1770703125,4943.896879619526,71.04525592213247,0.7134806887811096,-7.639132724719101,16.21992905560637,6.6073099492887195,5.691442669494442,0.9158672797942771,37.87752297713223,4956.000193249423,0.1715231219730598,0.6173339682180992,0.016966711949502108,25.844635513605645,167.16098102301729,-0.4701660156251819,4952.7498779296875,4945.125,96.0,4.0,92.0,4952.870068359375,4965.713424286483,4940.026712432267,0.9371921700453715,0.5186227682068905,4952.415828450521,4956.448372395834,4948.383284505208,4965.7998046875,4938.89990234375,4.0823146773879975,40214.0,0.6726180543750365,6802.16380818295,557514.2654718137,35.9918750593041,4950.917448214628,4919.1097729492185,4927.021323126861,35.44480267126064,1.3297392399138064,0.7124052716957072
255,4964.60009765625,4965.0,4962.4501953125,4964.0,4964.0,233.0,4940.84306640625,4944.685237281506,70.82973955641884,0.6951057936146599,-9.229767628205128,17.067886891084527,6.658028598445526,5.88475985528466,0.773268743160866,38.527758882962914,4957.3957238661305,0.23423184486293588,0.6142690019663645,0.017531929788937715,25.611627668745946,138.44089422848828,-2.570166015624636,4952.912353515625,4945.125,92.0,4.0,88.0,4953.970068359375,4966.668697809356,4941.2714389093935,0.8949218173556623,0.5126647627964607,4953.532503255208,4957.460042317709,4949.604964192708,4965.7998046875,4941.9501953125,3.972849678110283,39981.0,0.6756009719919744,5827.094299313065,-1312883.5244240167,35.98717677493282,4956.312231545505,4919.3940234375,4927.3892701604245,36.161767388979705,1.3211562554448382,0.7068872534784737
256,4962.0,4967.14990234375,4961.7998046875,4963.0498046875,4963.0498046875,1622.0,4941.582060546875,4945.405416395467,68.69929084169073,0.5134640344795588,-23.295880149812735,17.50567555147063,6.546091405780317,6.0170261653837915,0.529065240396525,38.45935949055237,4958.276255306698,0.23528502188311448,0.47942867573240844,0.017944135380238507,25.59056480238461,123.33719950145003,-3.862353515624818,4954.7374267578125,4945.800048828125,88.0,4.0,84.0,4954.812548828125,4967.573043860521,4942.052053795729,0.8227639616826318,0.5150747846319133,4954.487491861979,4958.452555338541,4950.522428385417,4967.14990234375,4943.5498046875,4.071224533691692,38359.0,0.6415944505429055,4774.478428429056,247303.76485831643,35.676697968148915,4958.116473393245,4919.666022949219,4927.744101349749,37.11609659663542,1.2897143378662042,0.8102856621337957
257,4964.2998046875,4964.75,4964.2998046875,4964.75,4964.75,13.0,4942.24005859375,4946.164027517213,70.4140815040043,0.659666846261786,-13.635733111388543,17.060378848805158,6.519420109893872,6.117504954285808,0.401915155608064,38.8827935223098,4959.208684637895,0.2787304283643469,0.35587192228353093,0.01826811423674435,25.424736461767633,113.25216963675744,-5.277734375000364,4954.7374267578125,4945.800048828125,84.0,4.0,80.0,4955.8275390625,4968.356877666371,4943.29820045863,0.8560627268363379,0.5056406222820413,4955.469148763021,4959.359212239584,4951.579085286458,4967.14990234375,4943.5498046875,3.901865303606571,38372.0,0.6568948973493274,4095.567587090977,173321.13706148588,35.68115138689995,4959.230806874783,4919.954772949219,4928.112319246767,38.00225943231573,1.2216362324584134,0.8657643101748824
258,4964.0,4964.10009765625,4963.0498046875,4963.0498046875,4963.0498046875,739.0,4942.94705078125,4946.826214857225,66.49119490584862,0.32520208414361124,-23.295880149812735,16.10303308823495,6.288600293488344,6.151724022126316,0.13687627136202796,38.130559157370286,4959.506484991649,0.2524972072428035,0.49414597348379163,0.018416085574336865,25.186142947292293,85.96957852726486,-3.034838867187318,4955.662353515625,4945.800048828125,80.0,4.0,76.0,4956.485034179687,4969.081064319048,4943.889004040327,0.7605888694763749,0.5082646291676071,4956.199983723958,4959.975056966146,4952.424910481771,4967.14990234375,4943.5498046875,3.7446031613846733,37633.0,0.6318887308869493,3330.994455229766,-135010.4244216692,35.428078354836416,4959.632815720098,4920.240771484375,4928.45995591782,38.316833282612016,1.2264314722385838,0.7322854987547922
259,4966.2001953125,4968.0498046875,4966.2001953125,4967.0,4967.0,1185.0,4943.663046875,4947.617343686354,70.59073256320987,0.6747280908368628,-5.998883928571429,15.552636718750364,6.351208891962415,6.191620996093536,0.15958789586887878,38.66435224237672,4960.37799563625,0.2735427662182274,0.5721310983837595,0.018559736415012382,24.77982022887042,113.78315569933818,-1.9000244140625,4956.6873779296875,4946.25,100.0,4.0,96.0,4957.4000244140625,4970.257057693889,4944.542991134236,0.8733355657171952,0.5187006582687833,4957.139143880208,4960.941707356771,4953.336580403646,4968.0498046875,4943.5498046875,3.8342743641429107,38818.0,0.6160186714483068,3523.8497395272993,554110.0079500222,36.37124467988352,4960.407117321059,4920.550771484375,4928.843438943513,39.18230740282349,1.2456345517606724,0.6735034533769129
260,4966.9501953125,4969.85009765625,4966.9501953125,4968.5,4968.5,1089.0,4944.413046875,4948.436271384929,71.99198273016643,0.7941984838835339,-6.995218458269031,15.456762695312136,6.447540883451438,6.242804973565117,0.2047359098863213,39.52410372465108,4962.0239618612095,0.2623347795378872,0.5981635416563709,0.018717133007142117,24.443557658007272,116.01238230517868,-3.0648193359375,4959.7874755859375,4947.150146484375,100.0,8.0,92.0,4958.5150146484375,4971.159584593218,4945.870444703657,0.8948329360020753,0.5100143856548117,4958.2491455078125,4961.981713867188,4954.516577148437,4969.85009765625,4943.5498046875,3.7675335055434167,39907.0,0.6113668119689953,3253.799776737685,339559.25423908496,36.70011522548448,4961.210848451835,4920.868271484375,4929.238031590842,40.21267229777799,1.2378401352139405,0.6396765935575697
261,4968.5,4972.35009765625,4968.5,4970.25,4970.25,3180.0,4945.27904296875,4949.291711722774,73.57394210254459,0.929076118483483,-10.096481138054884,15.477684110754126,6.589139556173905,6.312071890086875,0.2770676660870297,40.71716498416363,4963.179492012299,0.298657116996142,0.6563839484862004,0.018909324297456915,24.220558739018234,124.1241791420454,-6.6400146484375,4962.112548828125,4948.400146484375,100.0,4.0,96.0,4959.6400146484375,4972.256968213088,4947.023061083787,0.9204654196908929,0.5087850540517416,4959.449983723958,4963.16504720052,4955.734920247395,4972.35009765625,4946.2998046875,3.773430944879601,43087.0,0.19988844484246673,3583.97123720373,245159.48955367945,37.82017158052113,4962.91645395624,4921.194521484375,4929.646110878496,41.45903849807699,1.264134292751993,0.6077503442657926
262,4970.25,4976.60009765625,4970.25,4975.25,4975.25,6296.0,4946.2050390625,4950.309683812078,77.48659086496846,1.0,-5.389548369491063,15.909920726103337,7.023849176612202,6.454427347391941,0.5694218292202615,43.06111603147749,4965.262231374501,0.4492226933171815,0.6180026138096276,0.01927678029386568,24.314359900960994,146.35783288164876,0.3774902343748181,4964.637451171875,4950.525146484375,100.0,12.0,88.0,4960.622509765625,4974.792776993375,4946.4522425378755,1.0161331822214938,0.5713100402158688,4960.5033203125,4964.00087890625,4957.00576171875,4976.60009765625,4949.5498046875,3.9574785671203436,49383.0,0.15209130467378998,7569.118203317483,302577.7155138183,44.15385700881998,4966.262981601029,4921.545771484375,4930.099880919506,43.033495268451205,1.2258131852174545,0.6078105714078269
263,4975.0,4975.0,4969.10009765625,4972.0,4972.0,298.0,4946.97603515625,4951.160284446899,70.20988557369586,0.5086508311897869,-18.548561753066487,16.365969669118385,7.025130512550277,6.568567980423609,0.456562532126668,42.7162756497259,4965.653394818326,0.22172949002217296,0.5937361037239841,0.019579659017056137,24.51500834786133,113.2255967500093,1.4975830078128638,4964.637451171875,4950.525146484375,96.0,8.0,88.0,4961.602514648437,4976.070480547911,4947.134548748963,0.8593278220244176,0.5831972979197373,4961.365828450521,4964.800887044271,4957.930769856771,4976.60009765625,4949.5498046875,4.114080265451034,49085.0,0.35949031288184546,6349.458459986414,-2722270.3767302856,43.959193424075494,4966.588812633753,4921.880771484375,4930.5167975272725,44.0442679535072,1.2258804244522143,0.6321443207282302
264,4970.75,4973.5498046875,4969.0,4973.14990234375,4973.14990234375,106.0,4947.799033203125,4952.022622403638,71.2390247761067,0.431801627509387,-13.911913527987242,16.048158892463107,7.037806042345437,6.662415592807975,0.3753904495374618,42.75356062543772,4966.4373526442705,0.20249046945972077,0.5210830452446441,0.01983321034245706,24.798473397433128,105.14480600314985,3.010180664062318,4964.637451171875,4950.525146484375,92.0,4.0,88.0,4962.690014648438,4977.196605744129,4948.183423552747,0.8605219043645381,0.5846261222390143,4962.367488606771,4965.905037434896,4958.829939778646,4976.60009765625,4949.5498046875,4.145203438454532,49191.0,0.37570516974310136,5459.805772622284,-3327136.8944420004,43.98370863896639,4966.708860210667,4922.215021972656,4930.941007525446,44.94232382190797,1.1911983648338338,0.6701153195891897
265,4973.14990234375,4990.0,4973.14990234375,4990.0,4990.0,7974.0,4948.900029296875,4953.511931328986,81.38647188723479,1.0,-0.0,17.286061006433556,8.311701429521236,6.992272760150628,1.319428669370608,46.99249618148721,4971.836486083092,0.4893530364647955,0.7051451683230842,0.02066855950560562,25.44667699737207,219.83656744164364,-0.5424072265623181,4971.64990234375,4957.22509765625,100.0,4.0,96.0,4964.642504882812,4982.441232397125,4946.8437773685,1.2123401124264985,0.7170195032897916,4964.029150390625,4968.239184570312,4959.819116210938,4990.0,4950.5498046875,5.05269588258278,57165.0,0.5236878950264541,23874.501906667316,2176534.0935295913,71.00132953304382,4973.519475058259,4922.637521972656,4931.52865919186,46.984031650517636,1.2532589574343322,0.5481137891112481
266,4986.14990234375,4988.9501953125,4981.85009765625,4981.85009765625,4981.85009765625,2196.0,4949.79802734375,4954.623231969271,68.75160439006616,0.15175343748506717,-28.9001627592894,18.793574793198786,8.564912711944089,7.30680075050932,1.2581119614347687,45.04730628960566,4972.836927034802,0.3575673264199585,0.6144539955428207,0.021495353378843094,25.893516727097825,184.33726888884647,-2.20751953125,4971.64990234375,4957.22509765625,96.0,20.0,76.0,4966.20751953125,4984.276748285731,4948.138290776769,0.9328512948047389,0.7276872214226858,4965.67333170573,4970.1208658854175,4961.225797526042,4990.0,4950.5498046875,5.2739249155232955,54969.0,0.45540835963485266,17907.1179847327,1236760.4860191136,67.41471920300884,4974.719244048532,4923.021772460937,4932.029370022352,48.87990320565518,1.2175712525781044,0.6031172570352837
267,4983.89990234375,4989.0,4983.89990234375,4988.85009765625,4988.85009765625,1744.0,4950.876025390625,4955.965461996211,72.67537017091372,0.41517692304702614,-4.077639644007341,19.98164206112142,9.224096335358809,7.690259867479218,1.5338364678795902,45.16895234167502,4974.83255125577,0.5006063186190572,0.5567461993243243,0.022514556318862265,25.8824293089534,180.37254901960247,-4.927709960937136,4973.125,4957.22509765625,92.0,16.0,76.0,4967.977514648437,4987.572230811404,4948.382798485471,1.032607434428203,0.7888407749507756,4967.4116617838545,4971.969181315105,4962.854142252605,4990.0,4951.5498046875,5.407923303253774,56713.0,0.47044254935867197,17092.958272628028,307001.5152659985,69.86521445290481,4976.687818173359,4923.431271972656,4932.594750396819,50.64293980020773,1.1864772487331081,0.6297310494087838
268,4988.9501953125,4996.0,4987.2001953125,4995.0,4995.0,3550.0,4952.22802734375,4957.496228192438,75.57692365981768,0.6099738034628701,-2.9239599097684246,22.4423828125,10.126023334568345,8.177412560897045,1.9486107736712999,46.449854922673175,4978.32114322759,0.6437613276079496,0.6113500813302006,0.023816784299548303,25.86432466323502,189.2536484165925,-5.2025146484375,4977.125,4960.22509765625,100.0,12.0,88.0,4969.9525146484375,4991.935591550045,4947.96943774683,1.069699261474434,0.8846393134266041,4969.293326822917,4974.145841471354,4964.44081217448,4996.0,4951.5498046875,5.650200544985647,60263.0,0.499191181584168,17769.986136582953,1276627.6950567542,74.24140393403768,4978.69428342337,4923.881271972657,4933.215698154065,52.60373205320341,1.1869208988493283,0.5755708175191276
269,4995.35009765625,4997.7001953125,4994.7001953125,4996.64990234375,4996.64990234375,2064.0,4953.57802734375,4959.03166639445,76.30391233400958,0.6587804604387948,-2.9255753223437244,25.81051958869466,10.848881160976816,8.711706280912999,2.1371748800638173,47.66090391297522,4981.326223192707,0.6425278683468453,0.7502995590490799,0.02527046961317857,25.847386369954638,181.4102220421664,-8.962695312499818,4978.362548828125,4961.0751953125,100.0,8.0,92.0,4972.0125,4995.819393123502,4948.205606876498,1.0174426208396814,0.9576360929704844,4971.402498372396,4976.207503255208,4966.597493489584,4997.7001953125,4951.7998046875,5.460900506058101,62327.0,0.4835600213548127,15717.902179571105,668618.8453851744,74.92316538298678,4979.939231954431,4924.359272460937,4933.846884265405,54.49161114318129,1.2975400210889572,0.5472404620398773
270,4995.10009765625,4997.7001953125,4993.5498046875,4994.85009765625,4994.85009765625,1450.0,4954.915029296875,4960.436310757659,73.72581859681638,0.485699171623897,-8.225297333859421,27.109499942555885,11.148014626413897,9.198967950013179,1.9490466764007177,47.67487173792633,4983.131002305517,0.6407409600990759,0.7285093186585997,0.026642176604324254,25.830990889473284,145.9468141795532,-7.105004882812864,4978.487548828125,4961.0751953125,96.0,4.0,92.0,4974.105004882813,4998.214546470062,4949.995463295564,0.9302257821527599,0.9694021965190388,4973.479166666667,4978.36669108073,4968.591642252604,4997.7001953125,4951.7998046875,5.3672926574110935,60877.0,0.4610345619495409,13099.670897221662,-164640.36086509968,74.40087207689567,4981.451699830504,4924.829523925781,4934.453881413572,55.856905567273884,1.2957587181903865,0.5672493995317868
271,4995.2998046875,4996.0,4988.9501953125,4991.9501953125,4991.9501953125,1110.0,4956.21603515625,4961.672149367653,69.64289377007111,0.21159048389372043,-16.59432951919283,27.134784294577003,11.024004309789234,9.563975221968391,1.4600290878208426,46.29805679926185,4983.961905652028,0.5023192130561708,0.608285683337989,0.027733177535953148,25.936265163269955,107.3330719294848,-7.152514648437318,4978.737548828125,4961.0751953125,92.0,16.0,76.0,4975.652514648437,5000.168484613893,4951.136544682981,0.8323890649039546,0.9854373830680645,4975.185009765625,4979.927514648438,4970.4425048828125,4997.7001953125,4960.5498046875,5.48747208813173,59767.0,0.3934815955930513,10768.44768310964,-2000558.2259581967,73.75642999382441,4981.823454194034,4925.270773925781,4935.025984039432,55.69270909345397,1.2089891739970697,0.6007034906590807
272,4989.9501953125,4991.89990234375,4987.14990234375,4990.7998046875,4990.7998046875,646.0,4957.47103515625,4962.814410360588,68.03328667779456,0.0,-21.906001984126984,26.53506721047779,10.709446498361103,9.793069477246934,0.9163770211141689,44.69905595896648,4984.394749244918,0.44882368295260133,0.5374614876760564,0.028489381328136047,26.032319476332408,81.09727590913909,-6.787500000000364,4978.737548828125,4961.0751953125,88.0,12.0,76.0,4977.0375,5001.689791785701,4952.385208214299,0.7791283018863617,0.9906411910981575,4976.570003255209,4981.422493489584,4971.717513020833,4997.7001953125,4961.7998046875,5.43838786531875,59121.0,0.3813675932532734,9123.933393558264,-2169261.2591911764,73.60755984995801,4982.397057614536,4925.713771972656,4935.5809474289645,55.031134300417996,1.1977442781690142,0.6602827904929578
273,4990.7998046875,4995.0,4989.0498046875,4992.85009765625,4992.85009765625,630.0,4958.649033203125,4963.992280450615,69.39111795477164,0.10168594651238283,-15.77267530487805,25.328122127756615,10.504509230522672,9.935357427902083,0.5691518026205884,43.81095965038509,4985.268847789498,0.45470746252703587,0.5551805602429969,0.029013593244466326,26.154656970510786,84.44307722974459,-3.144995117187136,4980.0250244140625,4961.0751953125,84.0,8.0,76.0,4978.394995117187,5003.388295654068,4953.401694580306,0.7891795446890317,1.004070611568372,4977.958333333333,4982.92334798177,4972.993318684896,4997.7001953125,4961.7998046875,5.47494554011741,59751.0,0.3319907995459901,8005.040704523155,2361188.6160714286,73.86637299030868,4983.151259095012,4926.168022460937,4936.1507897197835,54.72007050820188,1.2168301525263192,0.6616495922833223
274,4994.35009765625,4996.85009765625,4990.0,4990.0,4990.0,1126.0,4959.75203125,4965.012191021179,65.24246878409055,0.0,-26.3703555065048,23.385591394760922,9.996878119546636,9.947661566230995,0.049216553315641676,41.79645639517201,4985.601677397349,0.29646751419526657,0.5344324177772216,0.0291907216918551,26.273076527971917,75.86948090884725,-7.689990234374818,4982.2000732421875,4961.0751953125,80.0,4.0,76.0,4979.689990234375,5004.266878387577,4955.113102081173,0.7097501054925432,0.9870850676005806,4979.340006510416,4984.560026041667,4974.119986979166,4997.7001953125,4961.7998046875,5.573170691269738,58625.0,0.30219775707006813,6403.004895171633,851788.645739242,73.22361186226195,4983.9640631436005,4926.608022460938,4936.686602757398,54.60198176606688,1.20982189409581,0.6753894763185885
275,4988.85009765625,4991.9501953125,4985.14990234375,4988.39990234375,4988.39990234375,889.0,4960.851025390625,4965.929356171084,62.96641143713084,0.0,-32.40498145564667,20.708832146139684,9.35759378230614,9.829648009446025,-0.47205422713988554,39.46177162866268,4985.625264110693,0.3298451798823411,0.375256523013779,0.029007624918200765,26.441312308687554,48.33511824566428,-7.760083007812682,4982.7750244140625,4961.0751953125,76.0,4.0,72.0,4980.909985351563,5004.658821828974,4957.161148874151,0.6576901883027242,0.9535942848698348,4980.574169921875,4986.0067138671875,4975.141625976563,4997.7001953125,4961.7998046875,5.660822282518327,57736.0,0.2946070790751273,5285.077507803364,-3729069.5413561584,72.93854436398415,4985.535660109801,4927.040021972656,4937.201162952287,53.17635942481683,1.1371627291015882,0.7619062060878092
276,4985.7001953125,4990.7001953125,4985.7001953125,4989.0498046875,4989.0498046875,837.0,4961.987021484375,4966.83604042663,63.523030229221796,0.030218076297779856,-30.140528769267412,18.77884306066153,8.801934801549578,9.624105367866736,-0.8221705663171583,37.706659306274915,4985.791706929864,0.3197149222519249,0.31023770588446387,0.028559960796948718,26.28871462615309,43.46437743206126,7.790014648437136,4983.0875244140625,4961.0751953125,72.0,20.0,52.0,4982.209985351563,5004.7200132308135,4959.699957472312,0.651928273315067,0.9036161842007242,4981.798347981771,4987.213387044271,4976.383308919271,4997.7001953125,4963.0498046875,5.613620690909875,58573.0,0.33177602701626124,4607.776186934134,-208992.5421893668,73.04759100666881,4988.577321418372,4927.482270507812,4937.717069835225,51.85256725079893,1.1265116136010622,0.8162739077165984
277,4990.64990234375,4991.14990234375,4985.0,4985.0,4985.0,541.0,4963.10501953125,4967.548352566762,57.70292843739221,0.0,-44.25125046786213,17.54473230698477,7.94322115435898,9.287928525165185,-1.344707370806205,34.448363833693094,4985.7719904991745,-0.1002004008016032,0.3364791642103213,0.027739242023551602,26.260042507718488,29.53717738228161,-1.372387695312682,4985.237548828125,4961.0751953125,68.0,16.0,52.0,4983.222485351563,5004.27450066547,4962.170470037655,0.5422172087074016,0.8449157297628687,4982.920849609375,4988.620874023438,4977.2208251953125,4997.7001953125,4963.0498046875,5.651926523255598,58032.0,0.3124087563053825,3636.530397952472,-142373.24102969357,72.60844038245997,4988.742377938132,4927.89126953125,4938.187546752288,50.43334547908596,1.133857581520764,0.7973784173104428
278,4984.7998046875,4984.7998046875,4981.5498046875,4983.14990234375,4983.14990234375,656.0,4964.168017578125,4968.160178048213,55.21410181991236,0.0,-59.26728853000259,14.860750804227791,7.032332630226847,8.836809346177517,-1.8044767159506705,30.987213844710297,4985.32746935485,0.026090802854776843,0.2570363186582375,0.026577118122048517,26.18660980925294,-6.162185813602961,4.622607421874818,4984.6875,4961.0751953125,64.0,12.0,52.0,4984.227490234375,5003.142057481417,4965.312922987333,0.471514339277477,0.758976883944468,4983.9091796875,4989.719189453125,4978.099169921875,4997.7001953125,4966.2001953125,5.4946600082016275,57376.0,0.332502909209739,2943.6454750306907,-2427664.0357040777,72.36497718035368,4988.668696320381,4928.291018066407,4938.634933375089,48.2210146272289,1.1019650349287682,0.8449287162705307
279,4984.5,4985.10009765625,4982.0,4983.4501953125,4983.4501953125,351.0,4965.217021484375,4968.759786568381,55.549230247206154,0.015890537616247598,-88.23315999516265,11.935749368106372,6.262487981986851,8.321945073339384,-2.0594570913525327,28.23168184045849,4984.897697108626,-0.10823941866457085,0.05411117386630715,0.02519631608586874,26.15652369289963,-11.476245735991158,9.949999999999818,4984.4749755859375,4961.0751953125,60.0,8.0,52.0,4985.05,5002.249369709635,4967.850630290365,0.4534923455188018,0.6900380020114139,4984.73085123698,4990.603385416667,4978.858317057292,4997.7001953125,4966.9501953125,5.323619840205083,57727.0,0.3437969800318298,2538.182240316485,331422.6441233926,72.38612902890267,4990.487887770517,4928.6922680664065,4939.080856379441,46.21741824654093,1.0733871408530253,1.0192759669867182
280,4982.0498046875,4983.60009765625,4978.0,4978.0,4978.0,968.0,4966.11501953125,4969.122147879425,48.4613399948638,0.0,-100.0,9.530596564797634,5.153192543401019,7.688194567351712,-2.5350020239506925,23.593282182012935,4983.113902448857,-0.34034034034034033,-0.11303382484837465,0.02346515708018485,26.19840386041122,-56.41220732894685,11.124902343750364,4983.5875244140625,4963.275146484375,56.00000000000001,4.0,52.00000000000001,4985.525,5001.33878570769,4969.71121429231,0.2620746815754441,0.6343879815140806,4985.302514648438,4991.31005859375,4979.294970703125,4997.7001953125,4968.5,5.343368255636863,56759.0,0.31644538699315966,1421.900625628416,-1590936.8341619319,71.32746708672809,4990.698611420345,4929.057768554688,4939.468111539844,43.39337563207365,0.9261410319934269,1.0391748568418016
281,4977.5498046875,4979.25,4972.89990234375,4976.2001953125,4976.2001953125,924.0,4966.976025390625,4969.399718366997,46.35775839696104,0.0,-86.69252426611014,6.3974609375,4.081786426492727,6.966912939179915,-2.8851265126871883,19.079453362333567,4981.381763803305,-0.4092683584186631,-0.26410479021045496,0.021457454313133565,26.192885623267273,-103.40342825134111,9.027587890625,4982.3125,4963.60009765625,52.0,8.0,44.0,4985.822509765625,5000.669968863335,4970.975050667915,0.17596090382195687,0.5955871501092896,4985.590014648437,4991.72255859375,4979.457470703125,4997.7001953125,4969.0,5.415277498537802,55835.0,0.34670250283476156,981.1977460743567,-3247276.142046049,70.9933932556212,4990.224763843341,4929.429018554688,4939.8336049107165,40.834328931135936,0.8591834018795825,1.1232881920900375
282,4976.25,4977.10009765625,4974.39990234375,4977.0,4977.0,318.0,4967.816025390625,4969.697768627115,47.44941180695725,0.03645387692493122,-83.46754346242444,3.3192397173706922,3.2596516783278275,6.225460687009498,-2.9658090086816706,15.632298393856288,4980.483355518313,-0.3573700372835185,-0.44114266838255023,0.01934054900186405,26.25362176843403,-106.05975801252836,6.040185546875364,4982.625,4965.400146484375,48.0,4.0,44.0,4985.910009765625,5000.52603384272,4971.29398568853,0.19519721236681548,0.5862931359959354,4985.6966796875,4991.646728515625,4979.746630859375,4997.7001953125,4969.0,5.221343056677959,56153.0,0.3025909571905555,877.3606238673058,-275921.89656863426,71.04450411946158,4989.155529014289,4929.798017578125,4940.203419787227,38.4580712802652,0.8217040926577156,1.2628467610402658
283,4978.0,4978.0,4973.39990234375,4975.0,4975.0,1401.0,4968.537021484375,4969.9056992691885,44.9841227532414,0.0,-91.53196432438818,1.1720616957718448,2.4188378251692484,5.464136114641448,-3.0452982894722,11.97557779699777,4978.714580481794,-0.3395505694030448,-0.5596018467419541,0.017125327807501124,26.39639784111951,-119.5287125724017,4.739794921874818,4981.4000244140625,4965.400146484375,44.0,4.0,40.0,4986.060009765625,5000.154198217022,4971.965821314228,0.1076393542003094,0.5653437152297457,4985.868343098958,4991.7534016927075,4979.983284505208,4997.7001953125,4969.0,5.17696838521882,54752.0,0.2769793947428647,351.7376776005479,-16433.226049669633,70.48151436659843,4986.283263340996,4930.166018066407,4940.549654416211,36.446150262020645,0.7084785915227545,1.2680804382647086
284,4975.0,4977.4501953125,4973.0,4973.0,4973.0,397.0,4969.1890234375,4970.027044395887,42.60050586511975,0.0,-99.58205912334353,-1.1098431755517595,1.572971269843947,4.685903145681948,-3.112931875838001,8.155712737197476,4976.897694547372,-0.35665234800205614,-0.5545442359249331,0.014827636527271388,26.55288623256615,-135.63368632861372,6.797583007812136,4981.987548828125,4967.125,40.0,4.0,36.0,4986.052514648438,5000.174289313229,4971.930739983647,0.037858556793816694,0.5664511002763277,4985.9975179036455,4991.877596028646,4980.117439778645,4997.7001953125,4972.89990234375,5.125056022881762,54355.0,0.2580029272060178,188.06086651475536,-532289.8965638591,70.32191637664866,4984.629054670491,4930.521267089844,4940.8725434269945,34.65825700802562,0.7199798927613941,1.2745241286863271
285,4973.64990234375,4975.35009765625,4970.0,4973.35009765625,4973.35009765625,201.0,4969.816025390625,4970.157360210019,43.168197532293995,0.021189947630704583,-87.522959137282,-3.2024945427392595,0.9202577273408679,3.932774062013732,-3.0125163346728643,5.121343433753941,4975.881211913094,-0.39055849101405454,-0.550930215002848,0.01255835936820569,26.690032008451105,-132.7112335257062,4.779980468750182,4981.4500732421875,4968.275146484375,36.0,4.0,32.0,4985.22001953125,5000.24686479468,4970.19317426782,0.10504278619654836,0.6028558500751167,4985.423356119792,4990.728434244791,4980.118277994791,4997.7001953125,4970.0,5.141130425265208,54556.0,-0.011001158323595536,171.24783257068316,-6787567.292872947,70.33606671425296,4983.529163851084,4930.866518554688,4941.195703170569,33.579906370579366,0.7357722740342715,1.2867024890371195
286,4971.25,4974.85009765625,4971.0,4971.7998046875,4971.7998046875,314.0,4970.328017578125,4970.221769797371,41.22389973119294,0.0,-93.2968411864191,-4.158948471967051,0.27471511132080195,3.2011622718751465,-2.9264471605543445,1.9707968236555196,4974.508251095447,-0.36473337299599196,-0.4672156802737648,0.010320331666879418,26.709212921635267,-118.18478094529186,3.682397460937864,4980.3250732421875,4968.300048828125,32.0,100.0,-68.0,4984.717504882812,5000.796844212687,4968.638165552938,0.09831371394371412,0.6451454596624144,4984.840014648437,4989.982592773437,4979.697436523437,4997.7001953125,4970.0,5.0489137989069794,54242.0,0.08800734983630017,77.24214331951417,306536.4375995223,70.23818661680782,4982.734100132022,4931.187517089844,4941.500221593624,32.57858077866498,0.7728015691402419,1.2400172494140067
287,4974.0,4974.0,4969.0,4969.0498046875,4969.0498046875,1267.0,4970.820009765625,4970.175810381298,37.95797961449154,0.0,-99.82116871504462,-5.2310087316182035,-0.4535557714443712,2.470218663211243,-2.923774434655614,-1.7409980151008968,4972.70970792763,-0.387901893093185,-0.5869827324839416,0.0080713836957099,26.562517442986973,-118.15948260158284,5.322314453124818,4980.2000732421875,4969.8251953125,28.000000000000004,100.0,-72.0,4983.727490234375,5001.056781580087,4966.3981988886635,0.07650646947812634,0.6954349482257393,4984.011678059896,4989.149251302084,4978.874104817709,4997.7001953125,4969.0,5.045419956127909,52975.0,-0.05665965604439545,-431.54244858327354,-562371.2818172849,69.53738406302944,4980.644315987769,4931.5042651367185,4941.774346798538,32.03015827421442,0.713369104613367,1.3003518370973086
288,4969.0,4971.4501953125,4965.0,4968.7001953125,4968.7001953125,626.0,4971.196015625,4970.117943123698,37.55068431301522,0.0,-86.27024676595282,-6.823046874999818,-1.046858712113135,1.7668031881463673,-2.8136619002595022,-4.959145665035933,4971.4252091086655,-0.4078854726180598,-0.7261928401225463,0.0058823168044051756,26.395887981888162,-122.33606266452415,2.587499999999636,4977.8250732421875,4970.625,24.0,100.0,-76.0,4982.4125,5000.108193389328,4964.716806610672,0.1125524898682392,0.7103263083627849,4982.794181315104,4987.814274088541,4977.774088541666,4997.7001953125,4965.0,5.14576105301163,52349.0,-0.22515804269170278,-401.15859432137734,-3374402.5154235642,69.49334033689419,4978.4997479985,4931.812766113281,4942.042265689225,32.1918895112764,0.6398076704867809,1.3660005106093271
289,4968.75,4970.64990234375,4966.2001953125,4970.60009765625,4970.60009765625,435.0,4971.634013671875,4970.136851144583,41.24060090696827,0.14207097833432775,-78.58463262067033,-8.321290498621238,-1.3482080232543012,1.1438009458662337,-2.492008969120535,-6.8154211002501786,4971.240729508074,-0.2888646407973922,-0.5992334464073308,0.003890488139561399,26.226126997390654,-104.22428626270953,2.039892578124636,4976.737548828125,4970.625,20.0,96.0,-76.0,4981.110009765625,4998.248197709893,4963.9718218213575,0.19337738203266241,0.6881272612196043,4981.4341796875,4986.5267578125,4976.3416015625,4997.7001953125,4965.0,5.096042908600085,52784.0,-0.26229710704135145,-225.784863771002,204534.283999739,69.65967307725772,4977.0968315749005,4932.130766601563,4942.326423221236,32.342068517119664,0.718056595738432,1.3172900421457627
290,4966.5498046875,4967.14990234375,4966.5498046875,4966.89990234375,4966.89990234375,359.0,4972.0480078125,4970.009911975923,36.69330002450591,0.0,-92.73457193539352,-9.556182502297816,-1.8641159925446118,0.5422175581840647,-2.4063335507286765,-9.794236277221778,4970.349467663401,-0.32609895986386156,-0.6453008960960602,0.0019635546044687994,25.47793756104344,-113.10246722141319,3.737695312500364,4976.425048828125,4970.625,16.0,100.0,-84.0,4979.7125,4996.698752658334,4962.726247341665,0.12285390680437006,0.6822182067071023,4980.009171549479,4984.924235026041,4975.094108072916,4996.85009765625,4965.0,5.021346484325079,52425.0,-0.2397790352392546,-383.2970428305017,-263306.6894616257,69.39242765596263,4975.589269070808,4932.436267089844,4942.570935451311,32.481520451116985,0.6582767841846122,1.3035776802806724
291,4967.14990234375,4967.14990234375,4963.64990234375,4963.64990234375,4963.64990234375,1163.0,4972.366005859375,4969.7604998334855,33.22774375409641,0.0,-100.0,-11.086947093290291,-2.5063331651508634,-0.06749258648292095,-2.4388405786679423,-13.457117478212238,4968.871244838744,-0.3973209762861566,-0.7146062008042106,3.149980919773172e-05,24.894224632592017,-119.01929126798889,-0.2974853515625,4975.75,4970.625,12.0,100.0,-88.0,4978.2974853515625,4995.680606041835,4960.91436466129,0.07868373381284331,0.6983560440661274,4978.634993489583,4983.372566731771,4973.897420247396,4996.85009765625,4963.64990234375,4.912678878301859,51262.0,-0.30989069687109444,-868.50460814043,-436356.75851784175,68.63143990216943,4973.592585915984,4932.727016601562,4942.780676415416,33.08849341325261,0.60890996879415,1.3235161695983606
292,4962.0498046875,4962.0498046875,4954.10009765625,4957.5498046875,4957.5498046875,3065.0,4972.405,4969.281649043447,27.90118273504318,0.0,-88.87191280241936,-13.610192153032585,-3.467550043159463,-0.7475040778182294,-2.7200459653412334,-18.58943866543213,4965.402423793105,-0.41081147674768986,-0.6811427034830236,-0.0020604384481512908,24.642947019464184,-161.64737497390882,-0.4347900390621362,4970.837646484375,4970.625,8.0,100.0,-92.0,4976.634985351562,4995.234687305211,4958.035283397913,-0.013050712092672738,0.7474810593260746,4977.032495117188,4981.9300537109375,4972.134936523437,4996.85009765625,4954.10009765625,5.2439021503874415,48197.0,-0.31001742960689055,-3415.403852178404,-1899876.5362028584,64.8646957352253,4968.979932989484,4932.984516601562,4942.9276329156355,34.76989641299302,0.5753711592623519,1.2565138627453756
293,4957.7998046875,4957.7998046875,4954.4501953125,4955.89990234375,4955.89990234375,299.0,4972.475,4968.756874663067,26.65650917413589,0.0,-93.89896716101696,-15.706682272519174,-4.312740091319938,-1.4605512805185712,-2.852188810801367,-23.181789775860516,4962.508537734095,-0.40794767436954305,-0.7458417063282214,-0.004230423418159989,24.338540501961315,-162.9756240151809,2.2125244140625,4970.3126220703125,4972.0,4.0,100.0,-96.0,4974.7874755859375,4993.910720694591,4955.664230477284,0.0061619213979357485,0.7688065149517207,4975.219995117188,4979.987524414063,4970.452465820314,4996.85009765625,4954.10009765625,5.108595523574053,47898.0,-0.32969541022428817,-2997.963416264525,-2184473.15254339,64.7651867398109,4968.215812047594,4933.2455151367185,4943.056710223378,36.331199198466265,0.5754556671954874,1.3212973735237088
294,4956.25,4956.89990234375,4954.35009765625,4954.39990234375,4954.39990234375,619.0,4972.535,4968.1938561407405,25.54096233356077,0.0,-98.80792901935659,-17.890952435661347,-5.045436110918672,-2.1775282465985915,-2.8679078643200806,-27.30978953825834,4960.061335162695,-0.4540907706700824,-0.7122320730502,-0.0064102184928524495,24.14425178345821,-152.87421203233026,1.9925292968746362,4970.1876220703125,4973.625,4.0,100.0,-96.0,4973.007470703125,4992.752629165029,4953.2623122412215,0.028806811166478492,0.7940932555692359,4973.366658528646,4977.919173177083,4968.814143880209,4991.9501953125,4954.10009765625,4.925824749568763,47279.0,-0.30640520122516657,-2702.3257853695936,-205961.60642164783,64.57783428752246,4966.518889855618,4933.4925146484375,4943.169577806665,37.790933544047014,0.6148047618345159,1.327036834884716
295,4956.2001953125,4956.75,4954.0,4954.0,4954.0,397.0,4972.59599609375,4967.6372343313,25.23772538388556,0.0,-100.0,-19.743274643842597,-5.593888893170515,-2.8608003759129765,-2.7330885172575385,-30.752036509149715,4958.106971945868,-0.4221105527638191,-0.6102180102180103,-0.008506315278844991,23.99448361546719,-137.68412161840754,1.7125244140625,4969.925048828125,4973.625,12.0,100.0,-88.0,4971.2874755859375,4991.360072528457,4951.214878643418,0.06937620888212473,0.8075411869096746,4971.68749186198,4976.03749186198,4967.337491861979,4991.14990234375,4954.0,4.770408696028137,46882.0,-0.33999577863002683,-2338.959420383759,-173173.80352644838,64.54578979503133,4965.278262062824,4933.744013671875,4943.277343201624,39.18332361190967,0.6685308685308685,1.2787488787488788
296,4954.0,4954.9501953125,4950.39990234375,4950.85009765625,4950.85009765625,771.0,4972.602001953125,4966.978915246003,22.928586915678693,0.0,-98.36886333480761,-21.67795122931966,-6.211114605910552,-3.530863221912492,-2.68025138399806,-34.46853164471683,4955.714187895216,-0.44540322428614515,-0.6664015030986258,-0.010563522884662425,23.86308216969945,-142.22864246493856,3.972607421875182,4967.2750244140625,4973.625,8.0,100.0,-92.0,4969.377490234375,4989.595160430265,4949.159820038484,0.04180198809725734,0.8136902553940237,4969.866658528646,4974.194173177084,4965.539143880209,4991.14990234375,4950.39990234375,4.754686144079699,46111.0,-0.4013895602966112,-2351.761604190544,-1593458.9926525466,64.05556478351916,4964.071915720315,4933.967763671875,4943.352693992218,40.83301470701447,0.5989135869812264,1.2653150900798522
297,4950.5,4952.7001953125,4950.0,4951.39990234375,4951.39990234375,941.0,4972.56099609375,4966.367973563562,24.231703644706528,0.06438447624867186,-94.90020989718596,-22.414099839154915,-6.580055008560521,-4.140701579242098,-2.439353429318423,-37.150590854009124,4954.4754780412395,-0.4413563268518798,-0.7274068522985411,-0.012464368562824,23.74286540515153,-130.39820762194367,4.102319335937864,4966.875,4973.85009765625,4.0,96.0,-92.0,4967.697485351562,4988.027037572954,4947.36793313017,0.09916522434117464,0.8184698154965595,4968.082495117187,4972.237524414062,4963.927465820312,4985.10009765625,4950.0,4.607936798966863,47052.0,-0.3538023689288519,-1941.886202029395,-380194.14915921964,64.16006526338263,4961.499628158278,4934.221513671875,4943.432765717109,42.40203806329745,0.5963248323614592,1.3237316846600002
298,4951.39990234375,4952.0,4948.0,4950.9501953125,4950.9501953125,419.0,4972.47,4965.763354808619,23.87610556109091,0.046815062965409535,-89.21321836002356,-23.01336741727937,-6.829998562889159,-4.678560975971511,-2.1514375869176483,-39.47493441708087,4953.461119645473,-0.41935737950153634,-0.7608683687028723,-0.0141723830607538,23.650453455166936,-120.95005868546627,2.962304687500364,4965.0,4972.85009765625,4.0,92.0,-88.0,4966.0875,4986.36708058599,4945.807919414009,0.12678457221258443,0.8167226447778264,4966.440006510416,4970.632535807292,4962.247477213541,4985.10009765625,4948.0,4.5645127418978015,46633.0,-0.34558000981181897,-1691.3920654671601,-1288876.0441527446,64.1220099154386,4960.594866261699,4934.4720141601565,4943.507566011591,44.042754486581224,0.5676319576037301,1.3285003263066024
299,4950.9501953125,4952.89990234375,4948.60009765625,4952.89990234375,4952.89990234375,614.0,4972.418994140625,4965.25890569235,28.75744819684114,0.318308039953172,-81.75089563367219,-23.081751206342233,-6.792456358655727,-5.101340052508354,-1.6911163061473733,-40.15209656259696,4953.301051759137,-0.3250098706701463,-0.6658481964328561,-0.015573879005016198,23.567349737299256,-99.68479691145458,4.140209960937682,4965.0,4972.85009765625,8.0,88.0,-80.0,4964.559985351562,4983.961482547001,4945.158488156124,0.19950558736895382,0.78159986998584,4964.8375,4969.090014648437,4960.584985351563,4983.60009765625,4948.0,4.54560502372653,47247.0,-0.29863854511011406,-1278.747467945066,525220.4422842019,64.36380594851542,4959.879295395753,4934.736513671875,4943.601022094498,45.18326533379618,0.6191634007838119,1.285011597216668
300,4950.9501953125,4952.60009765625,4949.0,4952.60009765625,4952.60009765625,326.0,4972.41099609375,4964.762481847796,28.455289535297,0.3018074703441782,-82.30731670673077,-22.97909150965097,-6.709552084157622,-5.422982458838208,-1.286569625319414,-40.795804206448885,4953.118239848991,-0.32403037058744105,-0.6718505258447081,-0.01669137339536957,23.467928572621158,-88.96619054793739,7.310107421874818,4962.5,4972.85009765625,4.0,84.0,-80.0,4963.289990234375,4982.328044941217,4944.2519355275335,0.2192493470910243,0.7671546391325258,4963.41416829427,4967.566682942708,4959.261653645833,4979.25,4948.0,4.499483403728207,46921.0,-0.2244413147628263,-1110.031590827914,55270.14381315079,64.34407279621028,4959.282638453939,4934.997014160156,4943.690565134914,46.242311120495785,0.6047453888693539,1.276595914714062
301,4952.60009765625,4952.60009765625,4949.9501953125,4951.4501953125,4951.4501953125,588.0,4972.22,4964.240431395431,27.271692112518053,0.23717244858513287,-85.28713613459377,-22.224518899356553,-6.659866562224124,-5.670359279515392,-0.9895072827087326,-41.657846179557914,4952.715050139636,-0.38526338807218896,-0.6340395116315793,-0.017583330549956845,23.371579646788614,-80.56121725473955,4.847412109375,4961.2374267578125,4972.85009765625,4.0,80.0,-76.0,4962.052490234375,4980.788107964977,4943.316872503773,0.21705510129624156,0.755155966909853,4962.1750081380205,4966.142513020833,4958.2075032552075,4978.0,4948.0,4.367370470872621,46333.0,-0.22679502109047764,-1048.0474461560693,214109.2504773821,64.20755004759489,4957.482723783161,4935.249265136718,4943.767775385438,47.225710779573994,0.639150923794247,1.2731904354258263
302,4951.4501953125,4952.0,4946.89990234375,4952.0,4952.0,394.0,4971.997998046875,4963.760414477963,28.796704112994846,0.3204517646233464,-78.52590460526316,-21.364838005514684,-6.501184180369819,-5.836524259686278,-0.6646599206835413,-41.995004837100076,4952.626751368534,-0.2999839464596242,-0.5984398659339538,-0.018230107137752204,23.35023267115128,-80.74718532456602,2.847412109375,4960.46240234375,4972.300048828125,8.0,76.0,-68.0,4960.802490234375,4978.6993691268235,4942.9056113419265,0.254077504595252,0.7215316041176623,4960.881673177084,4964.969173177084,4956.794173177083,4978.0,4946.89990234375,4.419708126971005,46727.0,-0.21879191920440635,-867.3802328659166,-2362607.6993603394,64.2512994620755,4956.553573726866,4935.499265136718,4943.84968806817,48.48364476443878,0.6472089422733383,1.245648808207292
303,4952.0,4957.64990234375,4951.2001953125,4957.64990234375,4957.64990234375,1425.0,4971.8369921875,4963.520786551132,42.20759758354733,1.0,-46.91358024691358,-19.251147460937318,-5.85206834744713,-5.839633077238448,-0.01243527020868207,-38.28722043744866,4952.714083867986,-0.12087879117273971,-0.41750924784217014,-0.018427403613613762,23.510389612359333,-36.18113912231748,-2.385180664062318,4959.137451171875,4972.300048828125,4.0,72.0,-68.0,4959.934985351562,4976.637138523437,4943.232832179688,0.4315931609446545,0.6734827460925202,4959.8833414713545,4964.063321940104,4955.703361002605,4977.4501953125,4946.89990234375,4.564708048705219,48152.0,-0.09180125460727051,406.6899203783214,2251784.0234856857,65.87712959936209,4955.940145228631,4935.787014160156,4943.987003633101,47.36700199244085,0.71127825729552,1.12878750513769
304,4957.60009765625,4957.9501953125,4953.5,4954.5498046875,4954.5498046875,212.0,4971.645986328125,4963.168983340794,37.980542594821614,0.7807431583732282,-62.22270447530864,-17.08260139016602,-5.524112811638588,-5.776529024118476,0.2524162124798881,-36.28066921683657,4952.723014574017,-0.06051376422206424,-0.31855408307408406,-0.018400881251710372,23.706569204491224,-32.86721432328292,-3.112573242187864,4959.2125244140625,4972.300048828125,4.0,68.0,-64.0,4959.012475585938,4974.735672974199,4943.289278197677,0.3580864060839889,0.6341261477227085,4958.925838216146,4963.105818684896,4954.745857747396,4975.35009765625,4946.89990234375,4.556528567547703,47940.0,-0.07323258732918042,254.7026884492755,2728995.849501412,65.74456261378,4955.5794919237915,4936.051013183594,4944.092106131155,46.22587924445789,0.803517624868334,1.122071707942418
305,4954.5498046875,4954.5498046875,4953.0,4954.5,4954.5,851.0,4971.455986328125,4962.829023209782,37.91484702250956,0.7773355368181687,-49.83401553485674,-15.349389648437864,-5.208187762225862,-5.662860771739954,0.4546730095140923,-34.688364775360384,4952.735060230963,-0.028247187621524728,-0.3465878877400296,-0.0181915997721431,23.734327141953113,-40.944556730402056,-3.670068359375364,4958.8375244140625,4972.300048828125,8.0,64.0,-56.0,4958.069970703125,4972.444416088955,4943.6955253172955,0.37582231497277124,0.5798403600904146,4957.981665039062,4961.971630859375,4953.99169921875,4974.85009765625,4946.89990234375,4.341762576115724,47089.0,-0.02065166851390729,212.26176309045044,-355161.2029204497,65.73600809505817,4954.474030853449,4936.320012207031,4944.195667264178,45.26093016015638,0.8383794049377505,1.1849672926777801
306,4956.4501953125,4958.9501953125,4955.0498046875,4958.9501953125,4958.9501953125,651.0,4971.373994140625,4962.676912311848,46.77400174884218,1.0,-0.0,-13.247804170496238,-4.546314234055899,-5.439551464203143,0.8932372301472444,-30.40668102659226,4953.422298524718,0.09184347364849209,-0.059714341253899406,-0.01765843272302478,23.722227818917652,5.029764406667143,-3.427490234375,4958.0,4972.300048828125,4.0,60.0,-56.0,4957.427490234375,4970.366842859765,4944.488137608985,0.558840079647305,0.5220188354092522,4957.236669921875,4961.229150390625,4953.244189453125,4974.0,4946.89990234375,4.349507771571743,47740.0,0.03391332134937622,595.806818140029,1932279.6717583677,66.32074462718812,4953.482765093421,4936.6105126953125,4944.342478488539,42.89791900663907,1.001897603465672,1.0616119447195713
307,4958.9501953125,4964.35009765625,4958.14990234375,4962.85009765625,4962.85009765625,404.0,4971.33599609375,4962.683703893981,53.091119128114244,1.0,-8.595892327494544,-9.982650218290473,-3.664839183321419,-5.084609008026799,1.41976982470538,-24.532327089279235,4954.8159263182215,0.1786454916481631,0.16636661426727195,-0.016743278173049176,23.884965420339615,67.90274033027357,-6.267407226562682,4959.0374755859375,4972.300048828125,4.0,56.00000000000001,-52.00000000000001,4957.117504882813,4969.196734092176,4945.03827567345,0.7372913318423435,0.48734891587559603,4956.791674804687,4960.844165039062,4952.739184570312,4971.4501953125,4946.89990234375,4.481699738780905,48144.0,0.13553764085441353,735.7716365307392,6522482.692605198,66.63846521013818,4953.783026265735,4936.920263671875,4944.526633903144,40.32431679670112,1.0512606591785296,0.8848940449112577
308,4962.64990234375,4965.0,4960.85009765625,4965.0,4965.0,169.0,4971.375,4962.774539035394,56.17877791287051,1.0,-0.0,-7.385591394760922,-2.760958096966533,-4.619878825814746,1.8589207288482132,-18.646053450437627,4956.685031677036,0.28580752930589864,0.2377631331842316,-0.015494121681251482,24.01624951314706,102.56859317357653,-5.5325927734375,4959.199951171875,4972.300048828125,8.0,52.0,-44.0,4956.9324951171875,4968.393990053509,4945.471000180866,0.8519394689625832,0.462443051125324,4956.553336588542,4960.490812174479,4952.615861002605,4970.64990234375,4946.89990234375,4.457999924850126,48313.0,0.14537475530749291,682.5661878968837,4113188.7915571765,66.71167586307837,4953.8779156887485,4937.244763183594,4944.730348988684,38.07778376673573,1.0987827155856793,0.8610195824014477
309,4964.75,4964.89990234375,4953.89990234375,4953.89990234375,4953.89990234375,491.0,4971.112998046875,4962.426514067094,41.12684248700551,0.5473128131162848,-61.32617551053441,-5.793273207720631,-2.9068031204424187,-4.277263684740281,1.3704605642978622,-18.486372540444407,4956.665798031327,0.05049077128301882,0.1075480271439957,-0.014480965902961896,24.373688720301033,27.605427550845064,-5.147290039062682,4959.0625,4972.300048828125,4.0,48.0,-44.0,4956.097485351563,4965.744015965897,4946.450954737228,0.3860946439880097,0.3892792925420139,4955.974161783854,4960.239152018229,4951.709171549479,4967.14990234375,4946.89990234375,4.932435477092974,47822.0,0.08008281795766564,-193.5358316910639,-7897476.848905295,65.61396227814004,4954.047337278223,4937.514013671875,4944.821588325551,36.269449949070506,0.983984744538053,0.8764367173940573
310,4956.2998046875,4958.60009765625,4954.35009765625,4954.35009765625,4954.35009765625,446.0,4970.83,4962.109791854904,41.807836688442436,0.5551160266888459,-58.838922010305104,-4.32014303768392,-2.9520301866077716,-4.012216985113779,1.0601867985060078,-18.125741698974352,4956.644058991886,0.06867171370394691,0.10045780876079502,-0.013623532865394519,24.583147296857234,7.2693456635859555,-2.570092773437864,4958.5374755859375,4972.300048828125,4.0,44.0,-40.0,4955.469995117188,4963.761726365442,4947.178263868934,0.43246902079866206,0.3346496399503686,4955.419173177083,4959.866658528646,4950.971687825521,4967.14990234375,4946.89990234375,4.915846893907761,48268.0,0.04408076649658812,-137.2039829673405,-2787089.6685818387,65.65449339772927,4954.336570831133,4937.777014160156,4944.916399363668,34.590282832667086,1.0388171291823358,0.9383593204215408
311,4956.4501953125,4956.4501953125,4951.2001953125,4951.2998046875,4951.2998046875,224.0,4970.45099609375,4961.685870789516,38.55382695781091,0.4543810257206595,-75.69127842671774,-3.947758214613714,-3.1971513420894553,-3.8492038565089146,0.6520525144194593,-18.967986722392766,4956.619964835636,-0.032306278903250635,0.05787831959706957,-0.013000699338665421,24.77547796770844,-43.600292650404256,-2.252392578125182,4959.487548828125,4972.300048828125,12.0,40.0,-28.0,4954.852490234375,4962.4237172927205,4947.28126317603,0.2653824459696234,0.305608575563759,4954.8275146484375,4959.3625,4950.292529296875,4965.0,4946.89990234375,4.9397149729143495,48044.0,0.1184000089240867,-215.21278897200614,-6210708.6181640625,65.51658113647764,4954.681946291499,4938.033513183594,4944.979915834552,33.6203395004272,0.9970738896520146,0.939195570054945
312,4951.2998046875,4954.85009765625,4951.2998046875,4952.5,4952.5,215.0,4969.99599609375,4961.325640562476,40.51564604898904,0.45815597006009884,-69.0604008740457,-4.6974781709559466,-3.2570209820860327,-3.7307672816243382,0.4737462995383055,-18.981683217397954,4956.597953187776,-0.002021113239031147,0.07595693349177202,-0.012489272995424221,24.85778335396317,-40.853818357455744,-3.149804687500364,4959.2750244140625,4972.300048828125,8.0,36.0,-28.0,4954.6,4962.13128242094,4947.068717579061,0.3605815130394229,0.3040117232850092,4954.576684570313,4958.89169921875,4950.261669921875,4965.0,4946.89990234375,4.840470544045467,48259.0,0.18274038691320443,-147.6049630920767,-1238877.4406078248,65.56869714689239,4954.887697518241,4938.320263671875,4945.054742542666,32.71967783477588,1.02802203737712,0.952065103885348
313,4955.0,4955.0,4952.2998046875,4952.2998046875,4952.2998046875,360.0,4969.6019921875,4960.971686214438,40.284604608357505,0.45016341618499606,-70.16644635679408,-5.673091394761286,-3.2827803433992813,-3.641169893979327,0.35838955058004585,-19.06363199648747,4956.469066913768,0.017158798765749855,0.07250385384167168,-0.012057993086883493,24.790776394234616,-29.985382145957423,-2.419995117187682,4958.6375732421875,4972.300048828125,4.0,32.0,-28.0,4954.419995117188,4961.990387336028,4946.849602898347,0.35996825736378846,0.3056015528074487,4954.4341796875,4958.716723632812,4950.151635742188,4965.0,4946.89990234375,4.687593741792219,47899.0,0.15127125443953207,-136.81429872178003,431244.57200368244,65.55414483745271,4955.108673679916,4938.600512695312,4945.126832713261,31.83846851601219,1.0347398933463148,0.9622360395046431
314,4953.89990234375,4955.0,4953.85009765625,4954.9501953125,4954.9501953125,47.0,4969.237998046875,4960.735549316322,44.77460722853222,0.6054887454549555,-55.52348323396908,-5.89232680376881,-3.0541244046171414,-3.5237607961068904,0.469636391489749,-17.743367856424317,4956.461023219816,0.059575834258885296,0.09615240155646687,-0.01157112986713889,24.637126636663822,4.839365726019851,3.202392578125,4958.4375,4972.300048828125,4.0,28.000000000000004,-24.000000000000004,4954.447509765625,4962.021409146332,4946.873610384918,0.5331853858631578,0.30574143194688846,4954.403352864583,4958.615901692709,4950.190804036459,4965.0,4946.89990234375,4.545636711128489,47946.0,0.22409923637214238,-99.4739189936686,1896473.9556008196,65.57929847602223,4955.291644703936,4938.894763183594,4945.224577614746,31.02020272001733,1.0338411382040533,0.9376887366475865
315,4955.0,4955.0,4952.4501953125,4954.7001953125,4954.7001953125,100.0,4968.532001953125,4960.498868767153,44.435214627828664,0.5711222104333394,-56.90469125145,-5.784978170956492,-2.860116197257412,-3.391031876336995,0.530915679079583,-16.781462143592808,4956.452732919779,-0.05949809061457755,0.06009013143540709,-0.01105518195525075,24.60649534290109,-7.66973415749965,0.0672851562503638,4957.5625,4972.300048828125,72.0,24.0,48.0,4954.48251953125,4962.054293834104,4946.910745228395,0.5143741593808668,0.30565348744315846,4954.360026041666,4958.562565104166,4950.157486979167,4965.0,4946.89990234375,4.4030772808693115,47846.0,0.28007369521430164,-88.83478770885881,-1784738.7790679932,65.5742530166302,4955.659525808165,4939.1820141601565,4945.318862367957,30.563172296107705,0.9976827644319387,0.9375926329965316
316,4952.5,4954.60009765625,4951.0,4951.0498046875,4951.0498046875,79.0,4967.91599609375,4960.1283172346175,39.70286865976517,0.09789905842226247,-99.64425223214286,-5.31500890395273,-2.966720800353869,-3.3061696611403697,0.3394488607865007,-17.360060552534797,4956.164817627931,-0.07064213981033453,0.08976547481737807,-0.010664010194230598,24.601169147986987,-53.35191256699118,0.007495117187318101,4957.512451171875,4972.300048828125,68.0,20.0,48.0,4954.492504882813,4962.045595360789,4946.9394144048365,0.27209989703213927,0.30489865391994714,4954.367521158854,4958.522550455729,4950.212491861979,4965.0,4946.89990234375,4.352871425985789,47767.0,0.36219014757353934,-117.34136937545041,-4215526.731708382,65.51604952337992,4955.983755196629,4939.450512695313,4945.375886669644,30.44066482051224,1.0212533640907344,0.9314878892733564
317,4951.0498046875,4955.0,4951.0498046875,4955.0,4955.0,39.0,4967.238994140625,4959.927206754828,46.360201287757334,0.46240616633656506,-71.42857142857143,-4.658105468750364,-2.7013188456539865,-3.1851994980430933,0.4838806523891068,-15.769202277698326,4956.103469256608,0.010091835704914724,-0.06229838871056825,-0.01019695528045775,24.469359797638045,-20.554357593216736,4.277685546874636,4956.949951171875,4972.300048828125,64.0,16.0,48.0,4954.672509765625,4962.092633814657,4947.252385716593,0.522067706160341,0.29952026231428897,4954.483349609375,4958.70087890625,4950.2658203125,4965.0,4946.89990234375,4.32410884645109,47806.0,0.4032855427049033,-78.57008558074322,2277475.1369769755,65.54716567515881,4956.123594786991,4939.727263183594,4945.47164899134,30.176176440323186,0.9524457500540299,1.0147441387645981
318,4956.5,4957.9501953125,4955.0,4957.9501953125,4957.9501953125,98.0,4966.497998046875,4959.849676894344,50.73500832630204,0.7019387765291261,-50.355747767857146,-3.5415958180146845,-2.227255365097335,-2.993610671453942,0.7663553063566071,-13.024604762398267,4956.183865925776,-0.020165558447133844,0.008403154465406737,-0.009563051079051905,24.381481672800277,55.89022418003976,7.827587890625182,4955.375,4972.300048828125,60.0,12.0,48.0,4955.022509765625,4962.367287531784,4947.677731999465,0.6993038891090939,0.2964578970805486,4954.815852864584,4958.980891927084,4950.650813802084,4965.0,4946.89990234375,4.225972165454584,47904.0,0.4069566588615726,-26.043053265637056,10386479.630762218,65.6055146440034,4956.183529917033,4940.019763183594,4945.595813631352,28.88828636394522,0.9789839076309506,0.9705807531655438
319,4957.9501953125,4958.0,4956.7998046875,4956.7998046875,4956.7998046875,119.0,4965.70099609375,4959.730074062703,49.054914505963396,0.5958080436608497,-58.572823660714285,-2.4973561006436285,-1.9222253334346533,-2.7793336038500844,0.8571082704154311,-11.302895653443661,4956.198483490165,-0.12191166063241168,0.10566025275913593,-0.008871172673919295,24.27780792957737,54.91716760527294,9.782495117187864,4955.2249755859375,4972.300048828125,56.00000000000001,8.0,48.00000000000001,4955.217504882812,4962.5335373489615,4947.901472416663,0.608139200585086,0.29528602766438716,4955.102514648437,4959.112573242188,4951.092456054687,4965.0,4946.89990234375,4.0098452473864,47785.0,0.33351697195033725,-41.87925770983176,932727.9419458214,65.5779031354198,4956.754419072986,4940.322263183593,4945.707296129423,27.67565586945336,1.0177393658733893,0.9120791131142534
320,4958.0,4962.60009765625,4958.0,4962.4501953125,4962.4501953125,176.0,4965.052998046875,4959.836745484265,56.648512837291555,1.0,-18.212890625,-0.8110423368561896,-1.2105925769083115,-2.4655853984617297,1.2549928215534183,-7.226657796904486,4956.627507426729,-0.05135558282980866,0.10908900151725476,-0.007930333167838246,24.309120265692904,134.6566292056942,-1.810107421874818,4956.375,4972.300048828125,52.0,4.0,48.0,4955.710009765625,4963.561524578691,4947.858494952558,0.9292283532126981,0.3168674033627612,4955.583349609375,4959.643408203125,4951.523291015625,4965.0,4946.89990234375,4.137734370340943,47961.0,0.3177942012483577,106.17045767728705,7580089.230429042,65.77853031206298,4956.810741013563,4940.645515136719,4945.873892141196,26.223156369784636,0.9925509248797495,0.8834619233624947
321,4960.5498046875,4964.5,4960.0,4961.75,4961.75,177.0,4964.448994140625,4959.9117750731175,55.54365801958695,0.9389403703903194,-23.214285714285715,1.3510067210472698,-0.695105654964209,-2.111489449762226,1.416383794798017,-4.330314607039922,4957.240864586368,0.15846298494113745,0.03401258864364831,-0.006875137486572572,24.357577075657222,137.46347983424803,-1.8749023437503638,4956.8499755859375,4972.300048828125,48.0,8.0,40.0,4956.225,4964.240766817034,4948.209233182967,0.8446332787687407,0.3234625876360811,4956.120841471355,4960.273404947917,4951.9682779947925,4965.0,4946.89990234375,4.163610486745161,47784.0,0.3198303214505975,73.29831082160318,4957502.979343221,65.75355584069608,4956.418152835596,4940.957514648438,4946.0318633636725,25.34483528306531,0.9736269576337335,0.9396143689900852
322,4963.7001953125,4965.0,4963.64990234375,4965.0,4965.0,202.0,4963.932998046875,4960.111313305545,59.492758758632746,1.0,-0.0,3.7257266773895026,-0.02405344369708473,-1.694002248549198,1.6699488048521132,-0.5925318676674008,4958.320184259959,0.21496063325819748,0.048354317229282406,-0.005647199867281043,24.345714964354777,166.30646306547172,-5.5751953125,4956.9749755859375,4971.875,44.0,4.0,40.0,4956.875,4965.500109719016,4948.249890280984,0.9710085010331232,0.3480059399930847,4956.833341471354,4960.798404947916,4952.868277994791,4965.0,4951.0,4.098352594834792,47986.0,0.2996926840903068,156.61283784708843,1386825.1059314993,65.88586802893613,4956.571803110725,4941.283264160156,4946.220601041646,24.650655912176774,0.9568066248956427,0.9084523076663603
323,4965.5,4965.5498046875,4954.0,4955.14990234375,4955.14990234375,977.0,4963.178994140625,4959.916748169789,46.1206054665173,0.36137366417179867,-71.47795154037183,4.640103687959709,-0.28378894940124155,-1.4119595887196066,1.128170639318365,-1.8266504470741924,4958.278319385814,0.07775933205670622,0.012853126255188085,-0.004733169494048229,24.68442643280578,27.192744116914685,-4.25,4957.2498779296875,4971.875,40.0,72.0,-32.0,4956.75,4965.3989950469,4948.1010049531,0.4074980591633336,0.34897846560348544,4956.970003255208,4961.190071614584,4952.749934895834,4965.5498046875,4951.0,4.630599172882307,47009.0,-0.04372238904082164,-1240.5526261533885,-5378932.9870452415,63.94759100775661,4956.920004878318,4941.559013671875,4946.309449810821,24.17704564201231,0.9125886999598339,0.8997355737046459
324,4955.5,4959.35009765625,4955.5,4959.35009765625,4959.35009765625,93.0,4962.56599609375,4959.894526581023,51.161558676700984,0.6021191452753684,-42.61024229814082,4.9223331227021845,-0.14899305060043844,-1.159366281095773,1.0103732304953346,-1.015969133943596,4958.299007342162,0.13831595469459868,0.03284098582039163,-0.003894064397721146,24.8876932275443,20.848266355627562,-4.690209960937864,4957.2498779296875,4971.875,36.0,68.0,-32.0,4956.990014648438,4965.647879100901,4948.3321501959745,0.6362970638296739,0.34931942274963157,4957.106673177083,4961.296736653646,4952.916609700521,4965.5498046875,4951.0,4.599856039997856,47102.0,-0.009965192108992193,-1007.5282275511187,-9728134.960256597,64.0264217539017,4957.133697544771,4941.853764648437,4946.439207500825,23.737264676859592,0.9317099932478056,0.8988690074274139
325,4959.64990234375,4960.25,4956.0,4959.60009765625,4959.60009765625,131.0,4961.99,4959.882980348679,51.45270426180093,0.5937291992696874,-40.89200617491107,4.701291073069115,-0.02174278173242783,-0.931841581223104,0.9100987994906762,-0.304609144835844,4958.327271973631,0.14741217730477574,0.15126425724886627,-0.00312375602703895,25.043385506904723,28.619829124204344,-2.294824218750364,4957.2623291015625,4971.875,32.0,64.0,-32.0,4957.24501953125,4965.894931611027,4948.595107451474,0.6361330672080411,0.34898061506728223,4957.336678059896,4961.661751302084,4953.011604817709,4965.5498046875,4951.0,4.574866322855152,47233.0,-0.14704557959634643,-858.9170521866732,2270833.954556298,64.03302544175499,4957.533249702368,4942.1517651367185,4946.570161631726,23.071682561395587,0.9947093582520269,0.8434451010031606
326,4959.60009765625,4959.60009765625,4957.10009765625,4959.60009765625,4959.60009765625,19.0,4961.401005859375,4959.87188690976,51.45270426180093,0.5937291992696874,-40.89200617491107,3.913218060662075,0.07820250335407763,-0.7298327643076676,0.8080352676617453,0.2489436826269184,4958.392082850402,0.0938435738092568,0.18906904909827538,-0.002426535257744882,25.136390282177043,30.161894147234985,-2.577319335937318,4957.9998779296875,4969.425048828125,28.000000000000004,60.0,-31.999999999999996,4957.277514648437,4965.957636131647,4948.597393165228,0.6337874713104779,0.350197117573515,4957.392513020834,4961.647566731771,4953.137459309896,4965.5498046875,4951.0,4.426661585508355,47252.0,-0.3058131674861605,-736.2146161600057,2961811.266447368,64.03302544175499,4957.92422249405,4942.453266601562,4946.699812736448,22.453642025607586,1.012539267244774,0.8234702181464986
327,4962.10009765625,4964.75,4959.64990234375,4962.0498046875,4962.0498046875,608.0,4960.942001953125,4959.9572954500645,54.53297213619405,0.7493777581552861,-24.055305725216456,3.3095430261946603,0.3510342419876906,-0.513659363048596,0.8646936050362867,1.6553746489013463,4958.544184827331,0.14833610683353265,0.29184898321849484,-0.0017070028785221268,25.18583117431695,103.38854860186073,-6.187695312500182,4957.9998779296875,4969.02490234375,24.0,56.00000000000001,-32.00000000000001,4957.2375,4965.821340541535,4948.653659458465,0.7803118641483491,0.3463154848455499,4957.41083984375,4961.610888671875,4953.210791015625,4965.5498046875,4951.0,4.478321639668472,47860.0,-0.34395474980726704,-418.2665459942906,3229379.7519646194,64.33333632280852,4959.414617021615,4942.7632666015625,4946.852548974767,21.19620409128112,1.0377625777464836,0.7459135945279888
328,4964.75,4965.25,4963.10009765625,4965.25,4965.25,35.0,4960.58400390625,4960.164852491238,58.25889929143979,0.9376520303534398,-2.060540975904423,3.938100298712925,0.816077147703254,-0.24771206089822606,1.06378920860148,4.012997271401146,4958.833438872468,0.2868118050247787,0.3302139259653264,-0.0008740434554899866,25.038405438732372,152.10548226512896,-2.25,4959.02490234375,4969.02490234375,100.0,52.0,48.0,4957.25,4965.87962591556,4948.62037408444,0.9635195127969308,0.3481618201849695,4957.456673177083,4961.556722005208,4953.356624348958,4965.5498046875,4951.0,4.387026902013582,47895.0,-0.3828007240251648,-342.51320571832053,12132191.65802002,64.35590901763148,4959.5567265976415,4943.0895166015625,4947.035608188949,20.146183977964625,1.0782899220425193,0.7480759960771929
329,4966.0,4967.7001953125,4963.7998046875,4967.4501953125,4967.4501953125,784.0,4960.26400390625,4960.450552209719,60.646649758076414,1.0,-1.496988480205836,5.2979434742646845,1.3466411341178173,0.07115857810498258,1.2754825560128347,6.715004706057805,4959.4454135457045,0.25126529389505553,0.3984953854153127,8.748923447762062e-05,24.91979432447142,158.65404440477198,0.022680664062136202,4960.10009765625,4966.0,100.0,48.0,52.0,4957.927514648438,4967.4773054874295,4948.377723809446,0.9985805880261385,0.38523317699890897,4957.894181315105,4961.639249674479,4954.14911295573,4967.7001953125,4951.0,4.352267167941183,48679.0,-0.12176240834081167,-47.16087275856046,783536.3246956649,64.70331410800958,4961.210813025324,4943.426767578125,4947.238738409084,19.7300151034107,1.1114649681528663,0.7129695827375536
330,4964.0498046875,4964.9501953125,4961.10009765625,4963.5498046875,4963.5498046875,313.0,4959.975,4960.572091522574,54.67560668166387,0.5889422504458263,-24.926686217008797,5.97355813419108,1.4358365592670452,0.3440941743373951,1.0917423849296501,7.203815385880935,4959.476185022569,0.1129420255228493,0.32430455588841767,0.000940011749206382,24.935239497453466,89.28808234355478,-1.587695312499818,4960.10009765625,4966.0,96.0,44.0,52.0,4958.3875,4968.088768245098,4948.686231754901,0.7660633927996136,0.3913073855199344,4958.265844726562,4961.99091796875,4954.540771484375,4967.7001953125,4951.0,4.494969345677527,48366.0,-0.014358009474261234,-214.82678602519468,-3351741.8958889414,64.45754973843883,4961.564344143284,4943.743515625,4947.401037576034,18.606049637068473,1.0486013305839785,0.7242967746955609
331,4963.14990234375,4965.0,4963.14990234375,4965.0,4965.0,291.0,4959.75099609375,4960.745734992277,56.39464779995801,0.7072842493954679,-19.709173854159243,6.744268439797452,1.6050413012299032,0.5962835997158967,1.0087577015140066,8.122979696881224,4959.566907989776,0.1654332560444607,0.36273688956156325,0.0017381436386351458,24.861513164205938,98.49891714652972,3.377685546875,4960.10009765625,4965.25,92.0,40.0,52.0,4959.072509765625,4968.608525617583,4949.536493913667,0.8107949025251449,0.38458868400004975,4958.83583984375,4962.39091796875,4955.28076171875,4967.7001953125,4951.0,4.306049939289847,48657.0,0.08999362257072653,-123.85055431623832,667436.8356921009,64.5425709133123,4961.844651958919,4944.068015136719,4947.576151630004,17.574650569190265,1.08325953596213,0.7205226464005667
332,4962.9501953125,4962.9501953125,4962.9501953125,4962.9501953125,4962.9501953125,115.0,4959.47,4960.8321844166,53.316519455249036,0.4953801492201965,-34.67103856297669,6.513429170496238,1.5558008669977426,0.7881870531722659,0.7676138138254767,7.973777850166513,4959.605127012605,0.010075667872138988,0.2217536978017488,0.0023813814764123546,24.553288985177907,64.83382789252113,2.154980468750182,4960.47509765625,4963.074951171875,88.0,36.0,52.0,4959.59501953125,4968.7716880239195,4950.41835103858,0.682810122427888,0.3700571702540756,4959.339184570313,4962.716748046875,4955.96162109375,4967.7001953125,4951.0,4.144889564162001,48542.0,0.10650329890093277,-139.83298070856142,-0.0,64.49509306053032,4961.994445841069,4944.373767089844,4947.7291271890335,16.55981404912801,0.9874397319604479,0.7656860341586991
333,4960.0498046875,4962.7001953125,4960.0498046875,4962.7001953125,4962.7001953125,287.0,4959.22400390625,4960.905439745851,52.93701186309672,0.4692541382749565,-36.495830066291255,5.640919404871056,1.4795492348566768,0.9264594895091481,0.5530897453475286,7.744588594963145,4959.869746057279,0.01915040686249811,0.1423894733496488,0.002878698352107995,24.29730841114533,38.65347064207625,4.884960937500182,4960.60009765625,4962.449951171875,84.0,32.0,52.0,4960.1150390625,4968.741391407266,4951.488686717734,0.6498406363825788,0.34782872077888205,4959.77002766927,4963.145100911458,4956.394954427083,4967.7001953125,4951.0,4.055996782793287,48255.0,0.24611411783904963,-130.10684060733837,-1454663.0274543364,64.48063593378589,4962.1179131917615,4944.680017089844,4947.8780930410085,15.927824295342175,0.9153688459460319,0.772979372596383
334,4960.25,4960.25,4957.0498046875,4959.5,4959.5,737.0,4958.95400390625,4960.8503244617,48.20672513378167,0.14361237136503743,-59.85458692707962,3.9900218290440534,1.1476607319264076,0.9706997379926001,0.1769609939338075,6.155038809131852,4959.867971420429,-0.1107754279959718,-0.040790154924528976,0.003125204341030813,23.86589525610133,-21.195449275917316,-5.192626953125,4960.862548828125,4962.449951171875,80.0,28.000000000000004,52.0,4960.342529296875,4968.6459912234695,4952.0390673702805,0.44926638405021607,0.3347938928633441,4959.986686197916,4963.464274088541,4956.509098307291,4967.7001953125,4951.0,4.169882057236623,47518.0,0.2793492350737925,-448.4549984223614,-1183289.6534105816,64.00538176720532,4961.666396912351,4944.977016601562,4947.993733906272,16.044050070845007,0.8262535345891912,0.8670436895137201
335,4960.0498046875,4960.39990234375,4957.0,4958.85009765625,4958.85009765625,30.0,4958.66400390625,4960.77188419482,47.28269409570218,0.0800003501201053,-64.5983320265165,2.906606158087925,0.8227113106777324,0.9411020525296266,-0.11839074185189424,4.580133392990959,4959.8601150339855,0.07467373107622505,-0.10465399214872007,0.003161399300100254,23.601474397202622,-31.871583110387657,-1.1999267578121362,4960.85009765625,4962.175048828125,76.0,24.0,52.0,4960.550024414062,4968.478047304666,4952.6220015234585,0.39278999434859707,0.3196428965169078,4960.2216796875,4963.741772460938,4956.701586914062,4967.7001953125,4951.0,4.1148835062732925,47488.0,0.2691270242822365,-387.175294406667,567203.7601470947,64.00145050995913,4961.631500838382,4945.258518066406,4948.101757426172,16.104057764418993,0.7890292963047075,0.8936832884534276
336,4956.0,4957.0,4952.89990234375,4955.0,4955.0,596.0,4958.3280078125,4960.545535795023,42.13058822806958,0.0,-85.81043185642176,0.9198414522061285,0.25161538343763823,0.803204718711229,-0.5515893352735908,1.6260159166296182,4959.695737157784,-0.08771507497133187,-0.28537051124807866,0.002897342754658185,23.45287881615154,-122.2444830627021,-1.1474365234371362,4959.8250732421875,4961.125,72.0,20.0,52.0,4960.747534179687,4967.875452932914,4953.61961542646,0.09682942674642231,0.2873727680804444,4960.3591796875,4963.904272460937,4956.8140869140625,4967.7001953125,4951.0498046875,4.245977206718058,46892.0,0.2609282856557182,-659.6728527950003,-2579759.431365352,63.53871052832318,4960.722052907258,4945.5252685546875,4948.1703966557625,17.014097862664574,0.6756687522317617,0.9610392634798404
337,4955.0,4955.0,4952.0,4952.85009765625,4952.85009765625,96.0,4958.004013671875,4960.243753907228,39.53970600328636,0.0,-94.58543260558562,-0.9429902918191146,-0.3701940386408751,0.5685249672408081,-0.9387190058816832,-1.666892512093203,4959.053015183217,-0.1360996827786546,-0.21618513727181254,0.0023531811139945328,23.385128180472687,-158.8693223098386,-1.0399414062503638,4959.60009765625,4960.875,68.0,16.0,52.0,4960.6400390625,4968.165201907964,4953.114876217037,-0.01759287913261106,0.3033948355940625,4960.339184570313,4963.836767578125,4956.8416015625,4967.7001953125,4952.0,4.1569788348096255,46796.0,0.24470349600881539,-594.918248824286,-4531097.412109375,63.497057526305014,4961.137400060774,4945.789519042969,4948.216960844823,18.026322493172504,0.7856385654736237,1.0018237027454362
338,4952.85009765625,4954.85009765625,4952.85009765625,4954.0,4954.0,94.0,4957.710009765625,4959.998900812827,41.60808342413259,0.09799511690918415,-87.26130496983268,-2.392823701746238,-0.7614178257972526,0.30253640863319603,-1.0639542344304487,-3.829653890872938,4958.2867816351445,-0.11291429845112773,-0.12176282231335323,0.0016854709726296046,23.34913966886582,-134.56241349183395,1.6072753906246362,4958.925048828125,4960.449951171875,64.0,12.0,52.0,4960.442529296875,4968.432711227913,4952.452347365837,0.09684714613010072,0.3221560126479523,4960.185847981771,4963.635921223959,4956.735774739584,4967.7001953125,4952.0,4.00290891803751,46890.0,0.23059969231774996,-494.48838180474525,744888.6303191489,63.51888148991814,4961.041960666443,4946.0595190429685,4948.274503522984,18.96624536435844,0.7708462071419209,0.8926090294552741
339,4953.2998046875,4955.5498046875,4953.2998046875,4955.39990234375,4955.39990234375,46.0,4957.406005859375,4959.818547931686,44.114648505069255,0.21675058951842074,-78.34484045530883,-3.2569580078125,-0.9475819412955389,0.05251273864744907,-1.000094679942988,-4.96122815016358,4957.761871894311,-0.13401522768812268,-0.13161328010904494,0.001015534231036932,23.403874790374314,-109.44339961044814,4.877465820312864,4958.925048828125,4959.175048828125,60.0,8.0,52.0,4960.372534179687,4968.512260147255,4952.232808212119,0.19454550093269196,0.328190107153468,4960.063346354166,4963.565909830729,4956.560782877604,4967.7001953125,4952.0,3.8777011381776876,46936.0,0.2608570433185108,-414.6478261451388,2811067.000679348,63.53188017942409,4961.048939578319,4946.32876953125,4948.345403013738,19.569085497964476,0.760704897283614,0.892318177392659
340,4953.9501953125,4955.60009765625,4953.25,4955.60009765625,4955.60009765625,187.0,4957.180009765625,4959.653118509121,44.48168007164667,0.23413972793852583,-77.06972693910555,-4.036204618566444,-1.0666683665003802,-0.17132348238211678,-0.8953448841182634,-5.798173546658281,4957.485904447684,-0.19434877083228438,-0.14100172846498638,0.000378790901253573,23.475564818262963,-96.22054122200899,7.420166015625,4958.41259765625,4958.77490234375,56.00000000000001,4.0,52.00000000000001,4960.030029296875,4968.365363445279,4951.694695148471,0.23426790325658362,0.3361001485543829,4959.753344726562,4963.143408203125,4956.36328125,4967.7001953125,4952.0,3.7685866037542817,47123.0,0.26422609059449537,-350.0643476333333,306.8204869561017,63.53943487211796,4960.7829851981,4946.555769042969,4948.417589030082,20.108617293479504,0.7369901272423659,0.8779918557073523
341,4955.7001953125,4955.7001953125,4951.10009765625,4951.10009765625,4951.10009765625,392.0,4956.929013671875,4959.317705926655,38.37994834500563,0.0,-100.0,-4.115287511489441,-1.506788290903387,-0.4384164440863708,-1.068371846817016,-8.372987436646708,4955.91519135692,-0.3291446720830469,-0.33770747553738756,-0.00038632566477055384,23.638401396731705,-124.2964082927233,4.052270507812864,4958.1251220703125,4957.300048828125,52.0,100.0,-48.0,4959.497534179687,4968.646341049632,4950.348727309743,0.04106384347098921,0.3689408778568049,4959.280851236979,4962.675919596354,4955.885782877604,4967.7001953125,4951.10009765625,3.8279802503611187,46731.0,0.19635351042799717,-552.0551551142858,-1202717.0585126292,63.18347394604681,4959.777314922337,4946.753520507813,4948.444280658204,21.09326871161326,0.6400367309458218,0.9777442064832094
342,4950.0,4950.0,4947.89990234375,4947.9501953125,4947.9501953125,608.0,4956.737021484375,4958.871921196689,34.78319498847965,0.0,-99.745998865626,-4.61426499310619,-2.0857144780038652,-0.7678760508698697,-1.3178384271339956,-11.730897968714043,4953.883000376468,-0.31428332521752816,-0.5530772041035971,-0.001327876214615197,23.705754426771954,-177.3567399991762,6.354956054687136,4955.9749755859375,4957.300048828125,48.0,100.0,-52.0,4958.645043945313,4968.7151228778075,4948.574965012818,-0.031021092511110904,0.4061625239657187,4958.484187825521,4961.916756184896,4955.051619466146,4967.7001953125,4947.89990234375,3.783138469085325,46123.0,0.06269939400898047,-746.781650812245,-1537145.51737434,62.79666281574738,4958.258058774722,4946.947021484375,4948.439364386107,22.61970134794318,0.5490387748452265,1.1021159789488235
343,4949.5498046875,4949.85009765625,4945.0498046875,4945.0498046875,4945.0498046875,427.0,4956.52001953125,4958.329877412015,31.82567317350555,0.0,-100.0,-5.542825137868022,-2.7468904923644004,-1.1636789391687758,-1.5832115531956246,-15.551290035038063,4951.461229889683,-0.4018166226082578,-0.6653316524437549,-0.0024588293321158253,23.891697477457583,-172.00402752105305,4.810156249999636,4954.5499267578125,4956.375,44.0,100.0,-56.0,4958.1400390625,4969.75508418133,4946.524993943671,-0.06350338036049875,0.468524286418735,4957.905021158854,4961.000113932291,4954.809928385416,4967.7001953125,4945.0498046875,3.855792361918516,45696.0,0.12891501392238158,-817.0223859640671,-1686285.5862119438,62.54636385395747,4955.585699821183,4947.11126953125,4948.405637423932,24.491575138691413,0.48659813809154384,1.1519297905352988
344,4947.25,4949.0,4945.0,4949.0,4949.0,825.0,4956.412021484375,4957.963999866446,39.385034549486654,0.30767915596454054,-80.0,-6.749106732536347,-2.9184869972914385,-1.5146405507933083,-1.4038464464981302,-16.524736450492377,4951.194734941488,-0.28108674807327183,-0.6031208357492346,-0.003507745472753418,24.178985677993932,-131.7337196021935,5.077661132812864,4953.675048828125,4956.35009765625,40.0,96.0,-56.0,4957.622534179687,4969.880317109329,4945.364751250046,0.14828328951574477,0.49450246948539583,4957.385017903646,4960.487605794271,4954.282430013021,4967.7001953125,4945.0,3.8660929074957653,46521.0,0.2252198334071749,-234.74616899598618,-218158.14393939392,63.205388790313776,4953.701005571078,4947.309018554687,4948.411551479416,26.23733475770496,0.5687489192020914,1.171869754951326
345,4949.0,4949.0,4949.0,4949.0,4949.0,10.0,4956.312021484375,4957.612470459919,39.385034549486654,0.3517479617544329,-77.7161199064251,-7.692198988970631,-3.01966959235142,-1.8156463591049308,-1.204023233246489,-17.29564737552279,4950.970530420232,-0.2760633278923532,-0.5861211621066887,-0.0044498324736862785,24.168620082287873,-99.87886191904676,2.407470703125,4953.35009765625,4956.35009765625,36.0,92.0,-56.0,4957.092529296875,4969.868173676795,4944.316884916955,0.18328293054264874,0.5154490986163615,4956.904182942709,4959.794270833334,4954.014095052084,4967.7001953125,4945.0,3.5899434141032107,46531.0,0.2154223207697863,-201.2110019965596,0.0,63.205388790313776,4952.991891422343,4947.512768554688,4948.417406688576,27.858397261074686,0.5937175987642566,1.1798387608709453
346,4948.5,4949.60009765625,4948.5,4948.64990234375,4948.64990234375,14.0,4956.268017578125,4957.260997200461,38.941207604333236,0.3370479975453173,-79.37931034482759,-8.443839039521663,-3.092459534365844,-2.0710089941571135,-1.0214505402087304,-18.050684627608828,4950.815919819198,-0.21877402270894242,-0.5552914996813325,-0.005285020784182738,24.018523998168376,-90.30935115540329,2.305078125000364,4953.35009765625,4956.35009765625,32.0,88.0,-56.0,4956.54501953125,4969.77438201426,4943.31565704824,0.2016062868623075,0.533813873610738,4956.411678059895,4959.231770833333,4953.591585286458,4967.7001953125,4945.0,3.412097288542267,46517.0,0.21109475632101415,-173.16676845240823,393275.70370265417,63.20439841504857,4952.7154467008095,4947.711767578125,4948.41972007818,29.063656325859736,0.6150497445259417,1.1703412442072743
347,4950.9501953125,4950.9501953125,4950.9501953125,4950.9501953125,4950.9501953125,45.0,4956.2590234375,4957.013514773483,43.450321511452096,0.7096399160527784,-61.362123085703416,-7.9643870634190534,-2.9307478329174046,-2.2429567619091717,-0.6877910710082329,-17.411552207577046,4950.817918454109,-0.1593091581349436,-0.4786740234717113,-0.005911826729743071,23.847523008732807,-60.433878596425245,-0.9900390624998181,4953.35009765625,4956.35009765625,28.000000000000004,84.0,-56.0,4955.9900390625,4969.180334666031,4942.799743458969,0.3089563759037112,0.5322970990484943,4955.851692708333,4958.416780598958,4953.2866048177075,4967.7001953125,4945.0,3.3326826942713907,46562.0,0.23716442838326288,-133.64106101724278,0.0,63.22531587448427,4952.060100918592,4947.914267578125,4948.444898936234,29.521615786905716,0.6726550183920126,1.1513290418637239
348,4950.0,4950.9501953125,4950.0,4950.9501953125,4950.9501953125,58.0,4956.2590234375,4956.775737539719,43.450321511452096,0.7520626643684803,-61.362123085703416,-7.243182732077003,-2.770651795224694,-2.3484957685722763,-0.4221560266524178,-16.88871831219978,4950.821409437416,-0.08173167885973764,-0.4222815046868499,-0.0063605778292697744,23.272876109154023,-60.00570567823219,-2.424951171875364,4953.35009765625,4956.35009765625,24.0,80.0,-56.0,4955.275048828125,4967.919007213835,4942.631090442415,0.3289754923381729,0.5103231712112597,4955.156697591146,4957.661800130209,4952.651595052083,4967.7001953125,4945.0,3.162505024144863,46620.0,0.24011072865986827,-114.54948087192238,-778337.182669804,63.22531587448427,4950.558272075022,4948.109018554687,4948.469827258386,30.15995995075965,0.7468733938667124,1.1691548985535622
349,4952.35009765625,4952.9501953125,4950.2001953125,4952.9501953125,4952.9501953125,127.0,4956.260029296875,4956.625716275906,47.369513936827744,1.0,-33.748372395833336,-6.264911247702003,-2.4541018876843737,-2.369616992394696,-0.08448489528967773,-15.336196881425568,4950.863578325296,0.0020210112213444025,-0.375769714008484,-0.0065795681796947105,22.91627937378425,-36.02210763627968,-0.550048828125,4953.35009765625,4956.35009765625,20.0,76.0,-56.0,4954.550048828125,4965.916725301491,4943.183372354759,0.42962527263911765,0.4588378908819247,4954.442537434896,4956.8901204427075,4951.994954427083,4965.0,4945.0,3.133040379563087,46747.0,0.16484751666680109,-61.89955503307633,2382101.2241633856,63.27661915768846,4950.541706329417,4948.325769042969,4948.514408035045,29.814532704837656,0.7490514635451005,1.1248211775535846
350,4950.14990234375,4950.9501953125,4949.0,4950.7998046875,4950.7998046875,819.0,4956.2240234375,4956.397249154792,43.85055958970874,0.7736110141180513,-45.79720726476225,-5.986804917280097,-2.3496668602647333,-2.3656269659687035,0.015960105703970218,-14.952812334464372,4950.861021963315,-0.06459820977997578,-0.280518016541925,-0.006707088834078497,22.644209224287373,-57.486604375672385,1.487353515624818,4952.66259765625,4956.35009765625,16.0,72.0,-56.0,4953.912548828125,4964.598495401421,4943.226602254829,0.3543533734108361,0.4314144211457172,4953.795035807291,4956.147623697916,4951.442447916666,4965.0,4945.0,3.191408589058581,45928.0,0.2551241855302539,-304.6524645819226,-381013.7910575075,62.92103917960958,4949.77431987164,4948.522019042969,4948.537148300244,29.801893240212987,0.8094008467578089,1.0899188632997339
351,4949.0498046875,4951.14990234375,4949.0498046875,4951.14990234375,4951.14990234375,100.0,4956.218017578125,4956.1914708484765,44.572492076869295,0.8200559371041422,-42.52532627544036,-5.690813131894174,-2.21313969685707,-2.3351295121463767,0.12198981528930686,-14.437295031946654,4950.862290439054,-0.08576502570438124,-0.20082473672899204,-0.006740968949180659,22.514422502404244,-48.66558687731129,2.380053710937318,4952.66259765625,4956.35009765625,12.0,68.0,-56.0,4953.220043945313,4962.6652189324805,4943.774868958145,0.3904127449001644,0.3813751419629867,4953.098364257812,4955.463452148438,4950.7332763671875,4962.9501953125,4945.0,3.1134578081436826,46028.0,0.22977744037370276,-256.1292888380765,261999.4878768921,62.92811071693813,4949.702541240158,4948.7235180664065,4948.563145852915,29.695289508877842,0.8308080808080808,1.0316328175370728
352,4946.5498046875,4946.5498046875,4940.4501953125,4945.9501953125,4945.9501953125,1059.0,4956.097021484375,4955.789852200007,36.9697243805551,0.330938233694959,-63.9344262295082,-6.799231675092415,-2.4957444494211813,-2.3672524996013378,-0.12849194981984358,-16.242422014315476,4950.782768138505,-0.19472722079237023,-0.35959464585704226,-0.006902382338050005,22.65927520182513,-152.35297829324648,-1.269946289062318,4950.3876953125,4954.0751953125,8.0,64.0,-56.0,4952.370043945312,4961.199330509997,4943.540757380628,0.13644578835562263,0.35656812743542954,4952.166691080729,4954.836759440104,4949.496622721354,4962.7001953125,4940.4501953125,3.6553327526512764,44969.0,0.3264503890882708,-1006.1807827317441,-3801371.8958954634,61.81594690556021,4948.409740843458,4948.890520019531,4948.53714634505,31.245586204718517,0.6626022868910204,1.0221969327480627
353,4945.9501953125,4945.9501953125,4939.39990234375,4939.39990234375,4939.39990234375,535.0,4955.732021484375,4955.147109068389,30.022410816034025,0.0,-100.0,-7.926157513787075,-3.211247390398057,-2.5360514777606817,-0.6751959126373754,-20.335548642080887,4950.2644111837035,-0.23631506295012364,-0.3849829824283679,-0.007386986373836463,23.077882537601273,-189.5100170091612,-3.254833984375182,4949.862548828125,4953.550048828125,4.0,100.0,-96.0,4951.205029296875,4960.415337320829,4941.994721272921,-0.1408649375472918,0.37204308726685664,4951.155021158855,4954.020084635417,4948.289957682292,4960.39990234375,4939.39990234375,3.8621156252297566,44434.0,0.19375976506271733,-1363.0702049531021,-1010032.1234943711,61.10740626121597,4947.652197153075,4949.01376953125,4948.446228494291,32.826229869267834,0.6616075668830141,1.046590549311382
354,4940.7001953125,4940.7001953125,4935.0,4935.0,4935.0,188.0,4955.341025390625,4954.357026359825,26.429644241400936,0.0,-100.0,-10.01088436351074,-4.086220566557131,-2.8460852955199716,-1.2401352710371594,-25.106258486644258,4947.490238334699,-0.2617284896029981,-0.5436242854363355,-0.008226362272660222,23.504723591340955,-238.4345149161182,-4.930224609374818,4947.66259765625,4951.35009765625,8.0,100.0,-92.0,4949.980029296875,4960.8237630175745,4939.136295576175,-0.1907228489150071,0.438132423020704,4950.053361002604,4953.043424479167,4947.063297526041,4960.39990234375,4935.0,3.993407031463345,44246.0,0.11812385978253653,-1286.5146957633733,-14629342.581363434,60.93994024166317,4947.006687493248,4949.115520019532,4948.312435175941,34.80998144052614,0.600576283435094,1.1442005688714294
355,4938.39990234375,4939.39990234375,4935.7001953125,4939.39990234375,4939.39990234375,716.0,4955.0390234375,4953.770472476841,34.82859791836883,0.401098660074384,-75.48827593710897,-11.769424977022027,-4.374184884371061,-3.1517052132901897,-1.2224796710808716,-26.12563253266751,4946.886387009381,-0.11425369949549058,-0.5180845028505529,-0.00907803449481005,23.812826877994617,-183.70976904246334,-0.007519531250181899,4946.987548828125,4951.35009765625,4.0,96.0,-92.0,4949.00751953125,4959.982748674977,4938.032290387523,0.062304483046196575,0.4435325305291372,4949.024194335938,4952.029248046875,4946.019140625,4957.0,4935.0,4.022442410912392,44962.0,0.20920961493103582,-652.6797280650344,-155040.88814698116,61.57830499913539,4945.463539577354,4949.232019042969,4948.223753257213,36.65203647098027,0.6400026040940078,1.1580871069445606
356,4939.9501953125,4940.9501953125,4937.39990234375,4938.75,4938.75,66.0,4954.63501953125,4953.181434340494,34.207396974911575,0.37143271885828744,-79.10886241227354,-13.214682904411347,-4.6017937547021575,-3.4417229215725835,-1.160070833129574,-27.11652480199164,4946.260224714053,-0.2071125479894928,-0.3263858093126387,-0.009909350032613014,24.114541102218404,-141.63613842162988,0.8049804687498181,4946.987548828125,4951.35009765625,4.0,92.0,-88.0,4948.19501953125,4959.670053592656,4936.719985469845,0.08845352960576185,0.46380686355779654,4948.22753092448,4951.2050944010425,4945.249967447917,4955.7001953125,4935.0,3.9887174507579353,44896.0,0.22176846286365084,-565.5674175825295,8741251.627604168,61.569621038424465,4944.994204535134,4949.35501953125,4948.1294870556485,37.67945930414552,0.7142830746489283,1.040668883961567
357,4939.0,4941.75,4939.0,4941.75,4941.75,219.0,4954.213017578125,4952.73314279773,39.56581532380125,0.6273282151927244,-62.39595234209238,-13.26909754135977,-4.488361459324551,-3.6510506291229774,-0.8373108302015737,-26.160045527336724,4945.961069252825,-0.14649424126086077,-0.2321215077520491,-0.010553814195052648,24.455623706657793,-98.67291167658152,1.0098876953125,4946.47509765625,4951.35009765625,4.0,88.0,-84.0,4947.6400146484375,4959.233891908108,4936.046137388767,0.24598598395869561,0.4686629271872724,4947.605029296875,4950.570092773438,4944.639965820313,4955.7001953125,4935.0,3.9180947757037967,45115.0,0.257471022782208,-390.9149293564539,1506788.0012128996,61.70265065118072,4944.655736901276,4949.500520019531,4948.066009572508,38.288021166753765,0.78648149742236,1.018603005174409
358,4943.85009765625,4943.85009765625,4943.0,4943.0,4943.0,10.0,4953.773017578125,4952.351450923309,41.696539918932636,0.7290826494906955,-55.43223981285023,-12.707332835478155,-4.248625484776312,-3.7705656002536445,-0.47805988452266757,-24.712186060925838,4945.8120229421,-0.11417058097147118,-0.14954004490274375,-0.010975581447785232,24.610042563826035,-55.147195492148754,3.860180664062682,4945.9625244140625,4951.35009765625,4.0,84.0,-80.0,4947.090014648437,4958.4664839761945,4935.71354532068,0.3202423559276779,0.45992570557928747,4947.074194335937,4949.981762695313,4944.1666259765625,4955.7001953125,4935.0,3.788237838599954,45125.0,0.2570891820755277,-333.28422516267483,25928393.602371212,61.705180119486485,4944.025948508283,4949.638269042969,4948.01560151706,37.986005969523994,0.8351910353460095,0.9847310802487532
359,4942.10009765625,4945.0,4941.64990234375,4943.85009765625,4943.85009765625,313.0,4953.572021484375,4952.01806452068,43.16414938705723,0.7991694976645938,-50.696371252924216,-11.177066578584345,-3.94456671179978,-3.8053658225628717,-0.13920088923690832,-23.094458061118875,4945.684669704324,-0.1434087877307327,-0.21999944197985544,-0.011175112597101878,24.73258667108788,-45.14271606239482,4.437670898437318,4945.387451171875,4951.35009765625,4.0,80.0,-76.0,4946.512524414063,4957.300417637658,4935.724631190467,0.37660117213667793,0.4361817814207687,4946.511702473958,4949.474275716146,4943.549129231771,4955.7001953125,4935.0,3.7569421112892427,45438.0,0.25554341229386185,-247.66068350997134,-107136.39731605213,61.75900989217641,4943.975734781881,4949.794770507812,4947.97415371745,37.961606766843474,0.7438036513118124,0.9638030932916678
360,4945.9501953125,4947.10009765625,4945.0498046875,4946.9501953125,4946.9501953125,94.0,4953.4240234375,4951.819324551732,48.27730018367545,1.0,-33.42582014036233,-9.111052389705947,-3.4140904616842818,-3.727110750387154,0.31302028870287213,-20.100676775394792,4945.7103438355525,-0.08079257197511605,-0.11436127441345167,-0.011073126044593797,24.751949714727353,4.501546676465399,6.870166015624818,4944.375,4951.35009765625,20.0,76.0,-56.0,4946.080029296875,4956.037536302887,4936.122522290863,0.543693969539738,0.40264237323419844,4946.089200846354,4949.036783854167,4943.1416178385425,4955.7001953125,4935.0,3.720731960482868,45532.0,0.24301818360256125,-170.65070305318974,5998197.514960106,61.81795366553751,4944.011507973576,4949.955021972656,4947.963965076605,37.11835215772887,0.8032896735342995,0.9176509479477511
361,4944.60009765625,4944.64990234375,4943.10009765625,4943.7998046875,4943.7998046875,549.0,4953.2740234375,4951.504833576664,43.95016501167937,0.8019405292984674,-50.97655187421794,-7.632093003217051,-3.210881364452689,-3.623864873200261,0.41298350874757217,-18.867992836803925,4945.633550265513,-0.1847462676620488,-0.19483927019982616,-0.01087609213476856,24.638618647351997,-30.471187924490458,5.084790039062682,4943.5250244140625,4951.35009765625,16.0,72.0,-56.0,4945.715014648437,4955.442227537428,4935.9878017594465,0.4015540225759357,0.39335921540890834,4945.6500244140625,4948.445092773438,4942.854956054687,4952.9501953125,4935.0,3.7299723673233776,44983.0,0.2873372698743104,-393.35266734916263,-621037.2747619295,61.46833129522056,4943.92889009805,4950.104521484375,4947.9225306448725,36.74158015069829,0.7446568201563858,0.939496090356212
362,4941.5498046875,4943.85009765625,4940.39990234375,4940.39990234375,4940.39990234375,407.0,4953.032021484375,4951.069346077335,39.80378952823229,0.61215470081405,-69.91730591371525,-6.633562155331674,-3.2862979981509852,-3.5563514981904065,0.2700535000394213,-19.127111935110626,4945.476548282495,-0.21006509562158415,-0.22997837298286483,-0.010736704825661154,24.598351046899147,-62.52331568572582,5.812402343750364,4943.2000732421875,4951.35009765625,12.0,68.0,-56.0,4945.3375,4955.272261123987,4935.402738876012,0.251498924099549,0.40178293691734085,4945.296687825521,4948.159261067709,4942.434114583333,4952.9501953125,4935.0,3.7099882919788505,44576.0,0.32223076959061775,-534.8394654287465,-1483499.2129914004,61.18843317867583,4943.668012209097,4950.246020507812,4947.847678621976,36.893335694610876,0.7257195142239228,0.9556978872067876
363,4942.0,4942.4501953125,4940.14990234375,4942.4501953125,4942.4501953125,30.0,4952.835029296875,4950.731340164988,43.27903805842963,0.7712220414651283,-53.868480725623584,-6.3394459443934466,-3.144378280628189,-3.473956854677963,0.3295785740497741,-18.250467480909442,4945.421812436933,-0.17571083895342732,-0.29784826360656846,-0.010540133305193353,24.59603375345767,-54.93973355061435,0.74267578125,4943.3751220703125,4951.35009765625,8.0,64.0,-56.0,4945.20751953125,4955.221642101639,4935.193396960861,0.3623282170070923,0.4050031280118419,4945.048364257813,4947.7859375,4942.310791015625,4952.9501953125,4935.0,3.6092957688910756,44606.0,0.4168177061248149,-449.64685764428276,-6325431.26742045,61.2008833426865,4943.448235906638,4950.388271484375,4947.793972320389,37.07865697444797,0.7158735613877736,1.013721824994342
364,4942.4501953125,4942.4501953125,4938.75,4940.2998046875,4940.2998046875,57.0,4952.542021484375,4950.322260342341,40.629648041210814,0.6499554843471023,-67.18367346938776,-6.224856387868385,-3.1688953805105484,-3.41294455984448,0.24404917933393167,-18.33625485363076,4945.222061109674,-0.11424277240711259,-0.26809330987397606,-0.010377955887847063,24.684468651182744,-67.99761433659144,-5.372607421874818,4943.800048828125,4951.35009765625,4.0,60.0,-56.0,4944.772509765625,4954.845556387494,4934.699463143756,0.2779864798593169,0.40742204426899714,4944.690030924479,4947.412613932292,4941.967447916666,4952.9501953125,4935.0,3.61578859343457,44549.0,0.3218886471940862,-402.92191592724237,-4543782.535352205,61.17608344369283,4942.12686951494,4950.5352709960935,4947.719403488221,37.50048310390921,0.745687659424011,1.0137809692979871
365,4940.0,4940.0,4935.10009765625,4935.10009765625,4935.10009765625,273.0,4952.15001953125,4949.725312786024,35.04339426603933,0.39426426557601824,-99.1727533190751,-7.149692670036529,-3.5667826107692235,-3.443712170029429,-0.12307044073979467,-20.252593664209062,4944.933264489324,-0.08705115545432429,-0.35841291405282294,-0.010430703859812214,24.88682726852903,-118.52577212608215,-9.0775146484375,4943.22509765625,4951.35009765625,36.0,56.00000000000001,-20.000000000000007,4944.0775146484375,4954.785967938295,4933.36906135858,0.08082569213376416,0.4331830663305657,4944.076700846354,4947.044278971354,4941.109122721354,4952.9501953125,4935.0,3.728925624707101,44276.0,0.2589098279984453,-548.1502164421006,-5474337.50970023,60.888748651139466,4941.616524600899,4950.635771484375,4947.593838256063,38.46066275976553,0.693131418068486,1.051544332121309
366,4937.0,4939.4501953125,4935.5,4935.5,4935.5,446.0,4951.8390234375,4949.167457382651,35.77477412995198,0.427740619553996,-95.86780194503854,-7.680405560661711,-3.8059694832845707,-3.5161636326804575,-0.28980585060411324,-21.53837560574554,4944.737036340747,0.010131712259371832,-0.2529541340039776,-0.01058912640052645,24.97948716380639,-107.93428803670628,-4.020117187499636,4943.22509765625,4951.35009765625,32.0,52.0,-20.0,4943.42001953125,4954.531958075271,4932.308080987228,0.14362565992093365,0.4495648154564543,4943.471704101563,4946.581787109375,4940.36162109375,4952.9501953125,4935.0,3.773295055531594,44722.0,0.16929038715460562,-444.3635504771577,-66383.80444103292,60.9248890417664,4940.335400594961,4950.718271484375,4947.473501556998,39.35225815448927,0.8073057406069686,1.0602598746109462
367,4937.0,4937.0,4932.0,4934.2998046875,4934.2998046875,405.0,4951.42501953125,4948.58441217892,34.51858419056593,0.37024292082122895,-84.7696038803557,-8.41496438419108,-4.045735810232145,-3.6220780681907954,-0.42365774204134965,-22.971498579062626,4944.022219566411,-0.1032533861821959,-0.34115606299790746,-0.01083830537836987,25.179986881372,-133.9599362538616,-3.837499999999636,4941.0125732421875,4949.85009765625,28.000000000000004,100.0,-72.0,4942.5875,4953.8123731585865,4931.362626841413,0.13083345373218527,0.45421039722966516,4942.645857747396,4946.005940755209,4939.285774739584,4952.9501953125,4932.0,3.8609168372793374,44317.0,0.1548604412419711,-450.3229149179209,-3672960.069444445,60.82640274826779,4939.524902947685,4950.81126953125,4947.342419996107,40.651045315158576,0.755644480340688,1.0968005433385954
368,4937.10009765625,4937.2001953125,4937.10009765625,4937.2001953125,4937.2001953125,162.0,4951.01001953125,4948.137972301805,40.0014592332101,0.41180540991138537,-65.56184316895715,-8.612599092371056,-3.9561114773823647,-3.6888847500291093,-0.26722672735325537,-22.550513576927784,4943.728099561348,-0.03138050493545938,-0.06745654996027972,-0.011002040610099809,25.057959845810736,-83.71581613153107,-0.1499999999996362,4941.0125732421875,4949.85009765625,24.0,96.0,-72.0,4941.9,4952.666839285863,4931.1331607141365,0.28174631557515367,0.43573683343908903,4941.972526041666,4945.290104166666,4938.654947916666,4952.9501953125,4932.0,3.7923078221165274,44479.0,0.1682284281789802,-318.8677440367894,163749.0443241449,60.921626650310316,4939.554649839664,4950.935771484375,4947.241502337564,41.76468262350448,0.8749975780356901,0.9424541279959698
369,4934.2998046875,4936.64990234375,4933.14990234375,4934.60009765625,4934.60009765625,109.0,4950.566025390625,4947.607075256882,37.00971872256993,0.19917135932483465,-82.78092158447858,-9.052636718750364,-4.04822428915395,-3.7607526578540775,-0.2874716312998724,-23.099975373802717,4943.025172211699,-0.1446836109424799,-0.12786568591106862,-0.011182678388549418,24.94831126642233,-117.76825585572007,2.017504882812318,4940.4000244140625,4949.85009765625,20.0,92.0,-72.0,4940.982495117188,4950.922008129625,4931.04298210475,0.17893812036106785,0.4023294161539773,4941.110847981771,4944.465926106771,4937.755769856771,4951.14990234375,4932.0,3.810735332590347,44370.0,0.14647374808138663,-313.80244410742665,-7225554.579988532,60.86422354058827,4939.7060942890785,4951.014272460938,4947.115717216358,43.26304280884294,0.8021969445690984,0.930062630480167
370,4934.9501953125,4935.4501953125,4932.0,4932.0,4932.0,285.0,4949.957021484375,4946.9950330899455,34.25100820336641,0.0,-100.0,-9.19336655560619,-4.281674034041316,-3.8649369330915255,-0.41673710094979066,-24.413685863322016,4941.122122309708,-0.22253692089823993,-0.2402224807186636,-0.011447748392541954,25.05492771698002,-134.9538446843636,3.807592773437136,4940.2000732421875,4949.85009765625,16.0,100.0,-84.0,4940.042504882813,4949.640458968331,4930.444550797295,0.08103024815736197,0.38857779365384204,4940.25585123698,4943.68592936198,4936.825773111979,4951.14990234375,4932.0,3.784982474012465,44085.0,-0.00286504410103488,-374.8346423822586,-1422212.5003212376,60.71405375633703,4939.163055217016,4950.883271484375,4946.965312069926,44.772788973763234,0.744753228218688,0.9849757089373515
371,4934.0,4934.39990234375,4930.85009765625,4933.39990234375,4933.39990234375,546.0,4949.39001953125,4946.461890707742,36.974940897028986,0.19420191006194637,-84.30889423076923,-9.549415498620874,-4.3041091282939306,-3.952771372132007,-0.35133775616192375,-24.690425998294742,4940.298776609014,-0.21137767339374156,-0.32869560172875556,-0.011680472240273897,25.251799116764058,-128.50340497551534,7.795190429687864,4939.275146484375,4949.275146484375,12.0,96.0,-84.0,4939.155004882812,4947.706032637125,4930.6039771284995,0.16348474683878642,0.3462546830726761,4939.377522786459,4942.880086263021,4935.874959309896,4947.10009765625,4930.85009765625,3.768184060690146,44631.0,0.01872333914361488,-212.09445351515024,-715225.6074842516,60.869030779793576,4938.133609522659,4950.837521972656,4946.830332868671,46.29097107583002,0.6980285612074216,1.0267241629361772
372,4931.5,4934.9501953125,4930.4501953125,4934.89990234375,4934.89990234375,98.0,4948.788017578125,4946.00847939935,39.8504696659842,0.3992118138192655,-73.2748760960732,-9.287320484834709,-4.152978685007838,-3.992812834707173,-0.1601658503006651,-24.079477298222304,4940.0491043337015,-0.2435903434032608,-0.378994295840948,-0.011799558328796533,25.622059017870576,-106.35056870227113,5.197314453124818,4939.0751953125,4949.0751953125,8.0,92.0,-84.0,4938.602490234375,4946.744065194817,4930.460915273933,0.27261230728605046,0.32971169380573917,4938.833357747396,4942.255940755209,4935.410774739584,4947.10009765625,4930.4501953125,3.820456627783707,44729.0,-0.11508055296089283,-160.79524587012878,345284.5982142857,60.89882767501996,4937.9979139583065,4950.797021484375,4946.711622117179,47.42768082234757,0.6521847482970593,1.0311790441380073
373,4934.9501953125,4940.4501953125,4934.9501953125,4940.2998046875,4940.2998046875,54.0,4948.491015625,4945.784609802807,48.89077468247597,1.0,-40.842839965981405,-8.685410443474211,-3.556482809598492,-3.905546829685437,0.3490640200869448,-20.629065918279625,4940.052454196252,-0.07079574696130393,-0.17874486034311643,-0.011601153984750985,26.090521757110213,-2.3784218020531704,1.7524169921871362,4938.5751953125,4949.0751953125,4.0,88.0,-84.0,4938.647485351563,4946.816092739015,4930.47887796411,0.6011383738723443,0.3308034198302796,4938.682527669271,4942.052596028645,4935.3124593098955,4947.10009765625,4930.4501953125,3.9440163664241568,44783.0,-0.009511997355997153,-96.16810695118183,50925925.92592593,60.95791595083767,4937.51670861857,4950.82751953125,4946.647822938775,46.1822744396305,0.7713295760669219,0.9500744364100383
374,4940.5,4941.60009765625,4938.64990234375,4940.0,4940.0,97.0,4948.104013671875,4945.55776235956,48.45533337493869,0.9702562668497041,-32.74646676524191,-7.21980124080892,-3.0725290610917,-3.73894327596669,0.6664142148749899,-18.008516009443927,4940.052180774913,-0.008094533876909123,-0.18977315252062665,-0.011187698550862745,26.36307049471687,25.653882013271282,3.552709960937136,4938.8626708984375,4949.0751953125,8.0,84.0,-76.0,4938.897485351563,4946.908800845738,4930.886169857387,0.5688098383616711,0.3244171606289269,4938.84169108073,4942.0742594401045,4935.609122721355,4947.10009765625,4930.4501953125,3.8730291482867174,44686.0,0.026734885437896795,-86.58424234208442,7374894.250299513,60.952029454908846,4937.351007504561,4950.85251953125,4946.581675446847,44.62841462579212,0.7974410606411604,0.987214213161787
375,4941.7001953125,4943.7001953125,4940.5,4941.7001953125,4941.7001953125,174.0,4947.746015625,4945.406485220459,51.11439719210304,1.0,-16.044164267754983,-5.212446863511104,-2.522720326522176,-3.4956986860777874,0.9729783595556114,-15.010933609180691,4940.166366460047,-0.01517465974085712,-0.05214112769930401,-0.01055888449267422,26.562152861458546,58.7580037446055,1.287304687500182,4938.9376220703125,4949.0751953125,4.0,80.0,-76.0,4939.0125,4947.114895604265,4930.910104395734,0.6658580649336147,0.32809779705013664,4939.031697591146,4942.239290364583,4935.824104817709,4947.10009765625,4930.4501953125,3.860683874301952,44860.0,-0.14281368482982665,-31.953067096786654,3632585.2076212564,61.01191487684712,4936.471349920293,4950.898271484375,4946.533103505211,42.495458107758225,0.8847195046771557,0.9368606323764597
376,4942.0,4942.0,4939.9501953125,4939.9501953125,4939.9501953125,495.0,4947.353017578125,4945.192513067206,48.34960873944419,0.8360478754000455,-28.30188679245283,-3.3078728170949034,-2.2028106874540754,-3.2371210863530453,1.03431039889897,-13.272737538338328,4940.158560629536,-0.007076683375941689,-0.030038786345005897,-0.009861251274174322,26.64151933356409,29.819509633540626,-3.972412109375,4938.9376220703125,4949.0751953125,36.0,76.0,-40.0,4939.072509765625,4947.1840128994445,4930.9610066318055,0.5541012887744347,0.328462605794156,4939.111702473958,4942.244270833333,4935.979134114583,4947.10009765625,4930.4501953125,3.7313353609589552,44365.0,-0.22946713722823742,-151.13834322581712,-465864.70170454547,60.83662095658425,4936.469260446085,4950.9730224609375,4946.4676019311555,40.64527478714501,0.9220697053888263,0.9521084917338322
377,4941.25,4941.25,4938.0,4938.0,4938.0,72.0,4946.872021484375,4944.910453731238,45.402327857784925,0.6612739385817814,-43.02034198113208,-1.6927662568941741,-2.0826371126868253,-3.006224291619801,0.9235871789329759,-12.643834679527014,4940.099557578222,0.058760760397285665,-0.04889013008540233,-0.009205243214795569,26.416996973420524,1.186148411551646,-3.385009765625,4937.9251708984375,4949.0751953125,32.0,72.0,-40.0,4938.885009765625,4946.913217706279,4930.856801824971,0.4448812379943865,0.3251020392165503,4939.024202473958,4942.181770833334,4935.866634114584,4947.10009765625,4930.4501953125,3.696954263747601,44293.0,-0.2989136019785691,-149.60630312212896,-6094190.809461805,60.80819677072236,4936.478972676937,4951.024521484375,4946.383347185572,39.37788963122915,0.8920669525422508,0.9409570826276531
378,4937.89990234375,4939.4501953125,4937.89990234375,4939.4501953125,4939.4501953125,19.0,4946.356025390625,4944.696325950111,47.94351402840507,0.8119664341600693,-32.075471698113205,-1.2529440487132888,-1.8490651746187723,-2.7747924682195952,0.925727293600823,-11.381251124072644,4940.088562324201,0.08003637549387094,-0.06051537978067756,-0.008530035177026147,25.934770855962043,2.701170599772378,-4.40771484375,4937.9251708984375,4949.0751953125,28.000000000000004,68.0,-40.0,4938.70751953125,4946.517984921985,4930.897054140515,0.5475436317873578,0.3162959280275897,4938.806705729166,4941.999283854167,4935.614127604166,4947.10009765625,4930.4501953125,3.543621314104915,44312.0,-0.2921494136289838,-124.29772968503912,-7751066.433755975,60.81377670408354,4936.422538720376,4951.0580224609375,4946.31436059977,38.223961298978715,0.9125805574056528,0.9730959371863304
379,4939.39990234375,4939.39990234375,4935.0,4935.7001953125,4935.7001953125,65.0,4945.721025390625,4944.343536513342,42.44238768901989,0.48574930526269966,-60.37735849056604,-1.490893554687318,-1.9441405487868906,-2.608662084333054,0.6645215355461636,-11.906537397381552,4940.049038847215,0.028380736486049205,0.0,-0.008002471989729781,25.52758729570123,-39.15067760164336,-1.0998291015621362,4937.9251708984375,4949.0751953125,24.0,64.0,-40.0,4938.300024414062,4945.8404977662285,4930.759551061896,0.32760836222468664,0.305387413275323,4938.466707356771,4941.711775716145,4935.2216389973955,4947.10009765625,4930.4501953125,3.6083765997045636,44247.0,-0.3405816869176338,-141.36233973003354,-9985054.823068472,60.76442910660572,4936.400461547031,4951.060024414062,4946.208747014823,37.782951873337346,0.9307863628576324,0.9307863628576324
380,4939.4501953125,4940.0,4937.89990234375,4940.0,4940.0,25.0,4945.250029296875,4944.173201748114,49.58538311797438,0.9093293717443204,-27.926002358490567,-1.823861155790837,-1.6534699916674072,-2.417623665799925,0.7641536741325177,-10.106199729172603,4940.045477049752,0.056708348390616274,0.07121557120128041,-0.007410978199032089,25.18120897940202,29.403980000482903,-3.3524169921875,4937.9251708984375,4949.0751953125,20.0,60.0,-40.0,4937.9525146484375,4944.432374084415,4931.47265521246,0.6579884079116384,0.2624512656512888,4938.113370768229,4941.360929361979,4934.865812174479,4944.64990234375,4930.4501953125,3.6577643202613808,44272.0,-0.35861166836775304,-105.81127445610018,14700683.59375,60.78620820844209,4936.357035272169,4951.080773925782,4946.146968437561,37.13781655093819,0.9443804007126321,0.8731648295113517
381,4939.5,4939.5,4939.0,4939.0,4939.0,181.0,4944.730029296875,4943.9703310913255,48.09061479302607,0.820689518512761,-35.47317216981132,-1.824757295496056,-1.4866657660986675,-2.2314320858596735,0.7447663197610059,-9.10329832788185,4939.999154365162,0.08916431436540903,0.21587045705841623,-0.006827092417209037,24.80054027734968,34.61492555470694,-5.7125244140625,4939.0501708984375,4947.72509765625,16.0,56.00000000000001,-40.00000000000001,4937.7125244140625,4943.640380857314,4931.784667970811,0.6085953749270694,0.24010536919441328,4937.879207356771,4941.074275716146,4934.684138997396,4943.85009765625,4930.4501953125,3.467924011671282,44091.0,-0.42353541633773756,-116.55252096237157,82886.41660911603,60.74956853232872,4936.897618368231,4951.0865234375,4946.075854323754,36.53876232299612,1.0264438726477974,0.8105734155893811
382,4939.0498046875,4941.9501953125,4939.0498046875,4941.9501953125,4941.9501953125,13.0,4944.310029296875,4943.891110080392,52.62773051498439,1.0,-13.20754716981132,-1.356372070312318,-1.103693418959665,-2.005884352479672,0.9021909335200071,-6.828948551868634,4940.109149897695,0.2017476746248986,0.16067428488846225,-0.00614345509654054,24.568595561034368,85.09661810117844,-4.39013671875,4939.0626220703125,4947.72509765625,12.0,52.0,-40.0,4937.7900390625,4943.894350557682,4931.685727567318,0.8407555670515595,0.2472487265311385,4937.85087890625,4941.01845703125,4934.68330078125,4943.7001953125,4930.4501953125,3.430943390301905,44104.0,-0.35333934147280927,-94.42322667310422,27888371.39423077,60.75733377611542,4936.901874055363,4951.115024414063,4946.034802990309,35.00968464921482,0.9777956706202967,0.8171213857318345
383,4940.0,4940.85009765625,4936.64990234375,4936.64990234375,4936.64990234375,676.0,4943.7890234375,4943.607141149543,45.015231503538814,0.5857531673843237,-53.20975825471698,-0.9641702090993931,-1.2138815499738485,-1.8474837919785074,0.633602242004659,-7.297683778619321,4940.0266806542,0.06587748944609166,0.15859925779167883,-0.0056198235373548025,24.604376549040502,11.081946432059038,-2.600122070312864,4939.0626220703125,4946.7001953125,8.0,48.0,-40.0,4937.500024414063,4943.230884378987,4931.769164449139,0.4258294500724095,0.2321360986972017,4937.669205729167,4940.931778971354,4934.406632486979,4943.7001953125,4930.4501953125,3.5644683601910545,43428.0,-0.46569653465450384,-592.7910581305179,-1087328.668176775,60.03231674735754,4937.260880824498,4951.078024902344,4945.9414208943235,34.1983277479168,0.9804290326149266,0.8218297748232478
384,4938.7001953125,4938.7001953125,4936.10009765625,4936.10009765625,4936.10009765625,33.0,4943.321025390625,4943.312747287061,44.29941153334781,0.46793388367763394,-57.35922759433962,-0.5542796415438715,-1.3302369376633578,-1.7440344211154777,0.41379748345211986,-7.8926022814348,4939.926677747955,0.024320560421701498,0.1540863120828727,-0.005236657807290119,24.602845396134004,-16.04729436018416,3.009765625,4938.6375732421875,4946.5751953125,4.0,44.0,-40.0,4937.2900390625,4942.901686379966,4931.678391745034,0.3939757491043374,0.2273168994759591,4937.492545572916,4940.700113932291,4934.284977213541,4943.7001953125,4930.4501953125,3.495584738480979,43395.0,-0.4739569261774518,-510.6985576386582,-10635608.976537531,60.02864147059163,4937.716876786021,4951.033525390625,4945.843497280015,33.57671898973834,0.9926606068050609,0.8385742947221881
385,4936.85009765625,4937.2998046875,4936.60009765625,4937.2998046875,4937.2998046875,453.0,4942.89001953125,4943.07694561649,46.30583618526018,0.5052230361080176,-48.30483490566038,-0.5675178079045509,-1.310536045894878,-1.657334746071358,0.34679870017647985,-7.776269067995909,4939.847140248845,-0.06072505958349963,0.1907320276919433,-0.004906425764041821,24.534691424831678,-13.61427432544761,2.5999755859375,4938.6251220703125,4945.425048828125,4.0,40.0,-36.0,4937.4000244140625,4942.921170029451,4931.878878798674,0.49092400983926504,0.22364586981358028,4937.509204101562,4940.506762695312,4934.511645507812,4943.7001953125,4930.4501953125,3.3315934736787662,43848.0,-0.28990242374733804,-360.10343723938564,-69537.48909316579,60.13874201037084,4938.671884149058,4951.019775390625,4945.758485413423,32.99951085714405,1.017635848792515,0.8269038211005717
386,4935.10009765625,4937.10009765625,4935.10009765625,4937.10009765625,4937.10009765625,51.0,4942.532021484375,4942.842559421971,46.00873376645355,0.35014492279457937,-75.4296875,-0.9798540900737862,-1.2960970357944461,-1.5850872040159758,0.2889901682215297,-7.767363466649859,4939.793077745571,-0.058702476594129555,0.15794846202703927,-0.004624161697651601,24.52478099552393,-32.21361280446571,4.220166015625182,4938.0125732421875,4945.425048828125,8.0,36.0,-28.0,4937.480029296875,4942.934698712928,4932.025359880821,0.4651737244142929,0.220949528248738,4937.4900390625,4940.390087890625,4934.589990234375,4943.7001953125,4930.4501953125,3.2507444420767118,43797.0,-0.19459005329635337,-310.1150974328663,-3332758.8848039214,60.136679130052315,4938.8376679108915,4951.015275878906,4945.672332301412,32.84155919122492,0.9883858089102622,0.8304373468832229
387,4937.10009765625,4938.0,4936.35009765625,4936.35009765625,4936.35009765625,63.0,4942.202021484375,4942.587953078217,44.84504325070806,0.23589344048030614,-84.48198451004602,-1.4830796185660802,-1.3298431442826768,-1.534038392069316,0.2041952477866391,-8.083664596914343,4939.750784113807,-0.10826431075937973,-0.02682713893739086,-0.004406783456443625,24.429298453170414,-23.04733206593465,2.367651367187136,4937.8126220703125,4943.72509765625,4.0,32.0,-28.0,4937.582543945313,4942.868749088432,4932.2963388021935,0.38342806836894616,0.21412118566408642,4937.61337890625,4940.345922851562,4934.880834960937,4943.7001953125,4930.4501953125,3.1363985779105183,43734.0,-0.22104555795512562,-272.56294065674257,2815181.679195828,60.12710873466527,4938.793216762667,4951.005275878906,4945.579573747729,32.28495765309277,0.9055001247193813,0.9323272636567722
388,4934.39990234375,4936.0498046875,4931.5,4933.64990234375,4933.64990234375,268.0,4941.79501953125,4942.237441284708,40.840047569778314,0.0,-82.37813175378211,-2.3582404641547328,-1.556527691311203,-1.5385362519176935,-0.017991439393509445,-9.517448514871452,4939.459835925291,-0.1275375807377233,-0.29475086534001016,-0.004340363724949426,24.52431640645834,-110.61737025952101,0.594970703125,4936.900146484375,4943.0751953125,76.0,28.000000000000004,48.0,4937.405029296875,4942.962170190478,4931.847888403272,0.16213498766536125,0.22510370774237945,4937.44169921875,4940.396728515625,4934.486669921875,4943.7001953125,4930.4501953125,3.258805654934767,43466.0,-0.26163202279593034,-337.00428395577933,-5772388.959998515,59.98051209353694,4938.22087663968,4951.028774414062,4945.46087054968,32.85484810973771,0.7089127047376622,1.0036635700776724
389,4934.7001953125,4934.7001953125,4930.75,4933.4501953125,4933.4501953125,56.0,4941.356025390625,4941.892843403445,40.55159236637049,0.0,-75.99826388888889,-3.1513399011946603,-1.7323223823150329,-1.5772934779971615,-0.15502890431787142,-10.777355448625748,4939.349876477978,-0.092138612545565,-0.4394500076847594,-0.004377369909016687,24.622183003140194,-125.59429079762266,2.1026611328125,4936.712646484375,4943.0751953125,72.0,24.0,48.0,4937.3475341796875,4943.041672062144,4931.653396297231,0.15777621233980482,0.23065574554102328,4937.350040690104,4940.327579752604,4934.372501627604,4943.7001953125,4930.4501953125,3.308190630475141,43410.0,-0.25482059251632305,-290.45847106923947,-7405238.492148262,59.97824529431702,4937.83787316285,4951.026774902344,4945.34136134334,33.52355466075237,0.6598252603951149,1.0992752680798743
390,4932.89990234375,4933.39990234375,4931.0,4931.0,4931.0,58.0,4940.8640234375,4941.465673073898,37.09025456974811,0.0,-97.76789606766064,-3.896189970128944,-2.0457688758961012,-1.6709885575769494,-0.3747803183191518,-12.884113431111818,4938.1582189235305,-0.17107562539084148,-0.40646113134199036,-0.004570418075155575,24.56265738238996,-152.66421025437208,-1.597338867187318,4936.712646484375,4943.0751953125,68.0,100.0,-32.0,4937.297534179687,4943.192635527103,4931.402432832271,-0.03413281710988545,0.23879870745507253,4937.282535807291,4940.207560221354,4934.357511393229,4943.7001953125,4930.4501953125,3.246905250619774,43352.0,-0.2064489238006254,-269.26602207720526,-2172931.514937302,59.94943962637696,4936.984938697045,4951.001525878906,4945.198661230472,34.144496458123115,0.6810650679718511,1.0875261993138414
391,4930.0,4931.5,4927.4501953125,4931.5,4931.5,629.0,4940.472021484375,4941.074862365117,38.24859678933136,0.07455150525516271,-72.0703125,-4.9006046070771845,-2.22814696772366,-1.7824202396062916,-0.44572672811736846,-14.330195021885253,4937.418402948512,-0.08509826663477213,-0.46350570420836157,-0.004831046286523525,24.55343840966671,-184.2819735317461,2.797460937499636,4934.8626708984375,4941.5751953125,64.0,96.0,-32.0,4937.2025390625,4943.39932027006,4931.00575785494,0.039878941058677994,0.2510239820437528,4937.1458740234375,4940.0958984375,4934.195849609375,4943.7001953125,4927.4501953125,3.3042552103969336,43981.0,-0.09255009164004603,-185.87087606617598,-1754391.8188122385,60.01321979267176,4935.266707073982,4950.987775878906,4945.062356143601,35.34917799296532,0.6494295791638424,1.112935283372204
392,4927.75,4930.4501953125,4927.2998046875,4928.35009765625,4928.35009765625,111.0,4940.08001953125,4940.575851984378,34.00118141962932,0.0,-92.83095587255033,-6.132671760110497,-2.5969180589108873,-1.9453198034672108,-0.6515982554436766,-16.883077163489588,4934.712481643171,-0.23582798266700405,-0.4208050352554398,-0.005240892045175178,24.474875098851022,-196.2273128528172,2.124951171875182,4934.25,4941.5,60.0,100.0,-40.0,4936.875048828125,4944.126518645922,4929.623579010327,-0.08780849855789528,0.2937676058671462,4936.909204101563,4939.791748046875,4934.02666015625,4943.7001953125,4927.2998046875,3.368250931975724,43870.0,-0.1291754301600554,-209.26634522190085,-1703191.0183193448,59.94232064228015,4934.968955908313,4950.962026367188,4944.8960650143745,36.491939045440326,0.6456395726089026,1.0664446078643424
393,4928.0498046875,4930.0,4928.0498046875,4930.0,4930.0,156.0,4939.7790234375,4940.161112690872,37.891676470124445,0.2088682681144251,-81.56912411678442,-6.66208208869466,-2.7246306293263842,-2.101181968639046,-0.6234486606873384,-17.96191585375274,4934.086451887795,-0.1822231220894918,-0.3692700462517746,-0.005657665444568154,24.529875777028714,-147.86044325671176,5.590136718749818,4934.074951171875,4940.125,56.00000000000001,96.0,-39.99999999999999,4936.36005859375,4944.01710916763,4928.70300801987,0.08469266120261747,0.310230634839929,4936.4483642578125,4939.15341796875,4933.743310546875,4943.7001953125,4927.2998046875,3.2669612448703154,44026.0,-0.0972054656468414,-142.60190081520074,187396.69750898314,59.994545983525164,4934.61227099674,4950.945026855468,4944.747845461993,37.55307430845283,0.7116247653065897,1.0808948115583643
394,4929.64990234375,4931.5,4929.0,4929.0,4929.0,193.0,4939.3790234375,4939.723421997112,36.48775662813552,0.13349629047101821,-88.39488068257566,-6.691661879594903,-2.8734124935626824,-2.2556280736237735,-0.6177844199389089,-19.268324271754768,4933.373693449323,-0.2620462530112792,-0.41123807702421644,-0.006089703718460102,24.529561795031995,-116.17998377711696,0.83984375,4934.074951171875,4940.125,52.0,92.0,-40.0,4935.81005859375,4943.909730272494,4927.710386915006,0.07960897281666061,0.3282002987388731,4935.935864257813,4938.618408203125,4933.2533203125,4943.7001953125,4927.2998046875,3.21217829880815,43833.0,-0.14348572956875105,-149.80162927017207,1586914.0625,59.95539791050285,4934.258810479801,4950.913776855468,4944.591150482272,37.73985596544655,0.7050393249025843,1.1162774019268007
395,4929.0498046875,4929.39990234375,4929.0,4929.0,4929.0,50.0,4938.9790234375,4939.302895644284,36.48775662813552,0.13349629047101821,-88.39488068257566,-6.860042796415655,-2.9572340396898653,-2.395949266836992,-0.5612847728528734,-20.343852424695065,4932.443490708842,-0.15496141097869007,-0.48445404146397675,-0.00650155351980093,24.371982001340616,-111.95453496831614,0.925048828125,4934.074951171875,4940.125,48.0,88.0,-40.0,4935.175048828125,4943.319271884416,4927.030825771834,0.12089392779122579,0.33004799123486245,4935.294189453125,4937.83671875,4932.75166015625,4942.0,4927.2998046875,3.011301444875425,43883.0,-0.15011390104483732,-128.40139651729035,-839833.9748382568,59.95539791050285,4933.85148042473,4950.918776855468,4944.436014656578,37.91329607551215,0.6857326556112237,1.1701866970752004
396,4929.0,4929.0,4928.9501953125,4929.0,4929.0,216.0,4938.586025390625,4938.898860520979,36.48775662813552,0.20208411010861183,-87.4527044070484,-6.573280962776153,-2.9892055183972843,-2.5146005171490504,-0.4746050012482339,-21.24246765280365,4931.721598480751,-0.1438402284350201,-0.6010484619507667,-0.006869523680696964,24.077547715001497,-101.14812110093598,2.672265625000364,4933.58740234375,4940.125,44.0,84.0,-40.0,4934.6275390625,4942.885574072918,4926.3695040520815,0.1592688784075088,0.3346973989443991,4934.7116861979175,4937.154215494792,4932.269156901042,4941.9501953125,4927.2998046875,2.799765962205752,44099.0,0.047382622452355826,-110.05833987196317,-5184.6106847127285,59.95539791050285,4933.471719175673,4950.918776855468,4944.28242247094,38.08646972421473,0.659995032225171,1.2610434941759376
397,4929.0,4931.25,4928.9501953125,4931.25,4931.25,422.0,4938.192021484375,4938.598905206431,42.477057787907384,0.6888349595920991,-65.35035120781224,-5.998851102941444,-2.8007021980856734,-2.571820853336375,-0.22888134474929833,-20.452960631831115,4931.683170529771,-0.12253265806861237,-0.48615454597145624,-0.0070899122861543176,23.799175976725355,-67.19648248368654,2.81005859375,4933.25,4940.125,40.0,80.0,-40.0,4934.2900390625,4942.520857533468,4926.059220591532,0.3153258346528446,0.333617132588826,4934.281689453125,4936.676708984375,4931.886669921875,4941.9501953125,4927.2998046875,2.7640544425839124,44521.0,0.17510228059619623,41.307137252602985,613099.5908619668,60.1480333335095,4931.892898159527,4950.917277832032,4944.152746625458,37.03171674922206,0.7321885483595838,1.21834309433104
398,4928.9501953125,4931.5,4928.9501953125,4931.5,4931.5,20.0,4937.803017578125,4938.320516766962,43.11890085131382,0.7409975822443995,-60.74655471388154,-5.4536649816182035,-2.6011545574083357,-2.5776875941507673,-0.023466963257568363,-19.61989314739201,4931.677394215429,-0.11342888629923646,-0.40086838920919643,-0.0071782347205221345,23.520391293143774,-58.35193540095341,2.457568359374818,4932.9249267578125,4940.125,36.0,76.0,-40.0,4933.892529296875,4941.851532861149,4925.933525732601,0.3496966814027685,0.3226257368604796,4933.867521158854,4936.312516276042,4931.422526041666,4941.9501953125,4927.2998046875,2.7487508886493472,44541.0,0.17532290047300925,36.12040335937399,1593627.9296875002,60.149047275207856,4931.822870731006,4950.895278320312,4944.026848649086,35.92631794502732,0.7478254680048402,1.1486938572140366
399,4931.5,4935.10009765625,4929.9501953125,4935.10009765625,4935.10009765625,292.0,4937.446015625,4938.194225821444,51.50967138106885,1.0,-27.101396367618875,-4.850844439338289,-2.1279837488873454,-2.487746825098083,0.3597630762107378,-16.397273206332176,4931.736506078321,-0.025322353059875,-0.21566349652135064,-0.007017856412656406,23.550096085163304,-6.0125719089926015,-0.2126220703121362,4933.3499755859375,4940.125,32.0,72.0,-40.0,4933.862524414062,4941.7985340881905,4925.926514739934,0.5779720094232235,0.3216956141302647,4933.701692708333,4936.184187825521,4931.219197591146,4941.9501953125,4927.2998046875,2.9202617068708223,44833.0,0.2500868070920768,181.13584796874915,4056516.044760403,60.36221335360692,4931.080239311331,4950.888527832031,4943.938025256122,33.396660818697406,0.8000127656858365,1.015676262207187
400,4933.14990234375,4938.0,4933.14990234375,4937.35009765625,4937.35009765625,52.0,4937.177021484375,4938.1611227561425,55.889239902305334,1.0,-6.073742812813727,-3.519957778033131,-1.5535281724232846,-2.3009030945631235,0.7473749221398389,-12.237304019226833,4932.331348956977,0.07499914638738771,-0.01099530819096739,-0.00659500354590207,23.72868356946984,52.07624330461254,-0.2798339843748181,4934.074951171875,4940.125,28.000000000000004,68.0,-40.0,4933.730029296875,4941.333248472583,4926.126810121166,0.7380615549621997,0.3082138313430218,4933.545027669271,4936.165022786458,4930.925032552083,4941.9501953125,4927.2998046875,3.058107131826478,44885.0,0.25166754502140665,171.97358397321358,28445866.47473849,60.385921079424996,4931.076945207265,4950.916027832031,4943.872473737715,32.014541478360655,0.9327626756443775,0.9437579838353449
401,4937.64990234375,4938.35009765625,4935.5,4937.85009765625,4937.85009765625,149.0,4936.911025390625,4938.148925693401,56.82250665333297,1.0,-4.524766912641951,-2.001292509191444,-1.0458660749382034,-2.04989569063814,1.0040296156999364,-8.531065667013987,4932.916141832854,0.08918509703271255,0.002389209125387093,-0.005981767268523588,23.92124711850356,77.64590691856405,-2.672534179687318,4933.9249267578125,4939.224853515625,24.0,64.0,-40.0,4933.672534179687,4941.131501500617,4926.213566858758,0.7800363171481349,0.3023697770476176,4933.4483642578125,4936.185864257813,4930.710864257812,4941.9501953125,4927.2998046875,3.0432493121424438,45034.0,0.3238145914848016,158.0487862627545,2582490.0441521765,60.40101014512347,4931.282953806742,4950.93677734375,4943.812549597602,30.83785865130694,0.9608100114821215,0.9584208023567344
402,4937.60009765625,4937.60009765625,4932.2001953125,4933.60009765625,4933.60009765625,172.0,4936.6640234375,4937.97054028018,47.60315111776817,0.5960201504008538,-42.985285670098534,-0.9751062729783371,-0.9752377526929195,-1.8349641030490957,0.8597263503561763,-7.898871746327675,4932.964257120285,0.052729621907321035,0.052459053711059744,-0.005423766583605543,24.202322058288104,30.71717670424741,-1.7550292968753638,4934.1375732421875,4939.224853515625,20.0,60.0,-40.0,4933.255029296875,4939.676560798787,4926.8334977949635,0.5268680733927645,0.2603364903608939,4933.122534179687,4935.985009765625,4930.26005859375,4940.85009765625,4927.2998046875,3.2294388144001265,44862.0,0.28806072179053077,31.041816796646742,-6357136.576674706,60.25297000912441,4931.240618972304,4950.936027832031,4943.710933160375,28.762777561268233,0.9848507267326057,0.9323916730215459
403,4935.89990234375,4938.4501953125,4933.2001953125,4938.4501953125,4938.4501953125,92.0,4936.645029296875,4937.989350281448,56.314137357308105,0.9777239362386334,-0.0,0.11769875919162587,-0.5218859749056719,-1.572348477420411,1.0504625025147392,-4.329302983162745,4933.572677527658,0.14093471180168304,0.14027684183780564,-0.0047242439426073155,24.588857030134726,85.26617362914358,-4.994946289062682,4934.16259765625,4937.199951171875,16.0,56.00000000000001,-40.00000000000001,4933.345043945313,4940.000611063704,4926.689476826921,0.8835248955029064,0.2698196480929228,4933.055045572917,4935.9700113932295,4930.140079752605,4938.7001953125,4927.2998046875,3.373764613371546,44954.0,0.5528309314980165,90.35141216498292,5278811.247452446,60.343412885632986,4931.395908046097,4950.958278808594,4943.658587510147,26.871092222318367,1.0248892522177175,0.8846124103799119
404,4938.64990234375,4939.5,4936.5498046875,4936.5498046875,4936.5498046875,422.0,4936.676025390625,4937.932897513058,52.62256606765808,0.8159642114265907,-24.181541663331465,1.091185087316262,-0.31234652963121334,-1.3203480878625715,1.0080015582313582,-2.658612420407364,4933.829191621762,0.1663783389729048,0.26062592167786325,-0.004025909675280184,24.77235278275426,103.06501927298568,-3.367529296874636,4934.425048828125,4937.199951171875,12.0,52.0,-40.0,4933.367529296875,4940.063093903103,4926.671964690646,0.7376405559334707,0.27143992684376717,4933.083365885417,4936.015836588542,4930.1508951822925,4939.5,4927.2998046875,3.3435096633092924,44532.0,0.3989325283508246,-37.122338680014636,1537811.6996367394,60.18102087760764,4932.258308273917,4950.960026855469,4943.5878533527075,25.46663060651162,1.095078922934076,0.8344530012562128
405,4939.5,4944.89990234375,4937.2998046875,4940.7001953125,4940.7001953125,297.0,4936.70203125,4938.041418995389,58.95139054420725,1.0,-23.861839367457346,1.9469051585474517,0.18646734805770393,-1.0189850006785164,1.2054523487362203,1.0172631376136567,4934.710089704006,0.21704250126774846,0.474479830994898,-0.0031862684514753215,25.147760980986387,166.77329040138983,-4.537548828125182,4936.512451171875,4937.199951171875,8.0,48.0,-40.0,4933.537548828125,4940.774675264906,4926.300422391344,0.9948543145503279,0.29338487303092414,4933.278369140625,4936.555859375,4930.00087890625,4944.89990234375,4927.2998046875,3.7011230913764854,44829.0,0.2869658082712018,144.27599764927314,7868663.028434471,60.430722807983074,4933.738057792998,4951.010026855469,4943.559120436885,25.61004631796636,1.1591796875,0.684699856505102
406,4940.7001953125,4942.10009765625,4940.7001953125,4940.7001953125,4940.7001953125,105.0,4936.74103515625,4938.145684733315,58.95139054420725,1.0,-24.923932887072937,2.5860437729779733,0.5751509576648459,-0.7001578090098439,1.2753087666746898,3.8287288802944937,4935.4780521124785,0.23737462593832423,0.542217571895114,-0.0022817951220224547,25.434874838431536,153.50396440183562,-4.717553710937864,4936.512451171875,4937.199951171875,4.0,44.0,-40.0,4933.717553710938,4941.461502453801,4925.973604968075,0.9508450296754396,0.313919419121921,4933.5150390625,4936.762524414063,4930.267553710937,4944.89990234375,4927.2998046875,3.5367501808317363,44934.0,0.2421067568334187,123.66514084223412,400362.6959664481,60.430722807983074,4934.245730963325,4951.08302734375,4943.530673420722,25.743218050031476,1.2684084255472061,0.7261908536520921
407,4940.0498046875,4940.0498046875,4939.5498046875,4940.0,4940.0,11.0,4936.70603515625,4938.218402979068,57.449840078814525,0.9331563864064562,-30.720955150772998,3.504222196691444,0.817264690032971,-0.39667330920128097,1.2139379992342518,5.627190362369918,4935.882846437078,0.22316899979711907,0.5033179535163855,-0.0013959987082890774,25.494463305399265,118.6192137524023,-4.900048828125364,4936.762451171875,4937.199951171875,92.0,40.0,52.0,4933.900048828125,4942.045188054136,4925.754909602115,0.874453462526163,0.33017041875200265,4933.663362630208,4936.853352864584,4930.473372395833,4944.89990234375,4927.2998046875,3.366295926843755,44923.0,0.2644875961612728,104.89838523084354,-7274280.894886363,60.42916388958426,4934.576887420194,4951.123776855468,4943.49554234191,25.400695298861102,1.2456038460297487,0.7422858925133632
408,4940.0,4942.10009765625,4940.0,4941.60009765625,4941.60009765625,378.0,4936.678037109375,4938.351018456605,59.95973095397968,1.0,-20.688810653604776,4.521985581342051,1.1252844963473763,-0.09228174809154954,1.2175662444389257,7.901492706649904,4936.468437289227,0.25563192648103067,0.5089084201388889,-0.000494731557969604,25.402294007821858,123.02876538816062,-3.047558593750182,4937.324951171875,4937.199951171875,100.0,36.0,64.0,4934.29755859375,4943.104196584176,4925.490920603324,0.9146042491152044,0.3569560970269339,4934.0383707682295,4937.105875651042,4930.970865885417,4944.89990234375,4927.2998046875,3.2758531932299157,45301.0,0.3118054630552951,176.31817506393733,694612.3781658355,60.5516005118641,4935.8583165103,4951.1932763671875,4943.476682195784,25.587872465234124,1.2366753472222223,0.7277669270833333
409,4941.39990234375,4941.39990234375,4939.2998046875,4940.0,4940.0,18.0,4936.60103515625,4938.415684399483,56.37834869654657,0.8474187894160322,-30.720955150772998,5.038453584558738,1.2261436826038334,0.17140333804752705,1.0547403445563064,8.738663615306013,4936.6094898372585,0.17743979721166034,0.5032065964269354,0.0003158070925272967,25.299344016253176,93.56674749198585,-3.125048828124818,4937.324951171875,4937.199951171875,96.0,32.0,64.0,4934.625048828125,4943.762216659145,4925.487880997104,0.7941256673444945,0.3703287581369745,4934.401692708334,4937.376692708333,4931.426692708334,4944.89990234375,4927.2998046875,3.2061703200527787,45283.0,0.30797842250953084,147.01532751016057,-8169325.192769368,60.545772084382456,4936.015156771621,4951.237275390625,4943.442088343089,25.470348302049334,1.2078873943280724,0.7046807979011369
410,4939.64990234375,4940.0,4937.60009765625,4937.60009765625,4937.60009765625,99.0,4936.414033203125,4938.383700605631,51.41773187445731,0.5114020036650129,-45.76764120618399,4.642464671415837,1.099746063985549,0.35707188323513145,0.7426741807504176,7.932412022090079,4936.614536234721,0.12369659649700902,0.4253903732712041,0.0009351301639801264,25.31496370451283,57.97519165089388,0.1450439453128638,4937.324951171875,4937.199951171875,92.0,28.000000000000004,64.0,4934.955053710937,4944.021155981826,4925.888951440048,0.6458754747233543,0.36742390446177203,4934.731697591146,4937.706697591146,4931.756697591146,4944.89990234375,4927.2998046875,3.1485797503168658,45184.0,0.2941712352482304,92.07166186138764,-3756949.3958444307,60.497676875469246,4936.709093396806,4951.270275878906,4943.383959082524,24.680571023178267,1.164467357358846,0.7390769840876419
411,4937.4501953125,4938.9501953125,4936.60009765625,4936.60009765625,4936.60009765625,9.0,4936.2700390625,4938.3137553919305,49.46469787140919,0.37681022737061226,-52.03734884432879,3.9718721277567965,0.9084117922602672,0.4673398650401587,0.4410719272201086,6.678489164831454,4936.614397448601,0.030394520279586053,0.33774067031138577,0.0013583304007828117,25.3334728439198,37.36804571112975,2.140039062500364,4937.574951171875,4937.199951171875,88.0,24.0,64.0,4935.21005859375,4944.159240406212,4926.260876781287,0.5776629133048017,0.36266670339104007,4935.09336751302,4937.9833821614575,4932.2033528645825,4944.89990234375,4927.2998046875,3.0915453150263756,45175.0,0.1545836635122938,77.63285302404655,-26762451.065911185,60.49585412761158,4937.953570052822,4951.318525390625,4943.316457973805,23.5676001963438,1.1440159258378892,0.8062752555265035
412,4939.0,4939.0,4936.7001953125,4936.7001953125,4936.7001953125,89.0,4936.196044921875,4938.250478526071,49.67077307661392,0.16732963216783417,-54.848613515367276,3.6061939912688104,0.7561387508958433,0.5250996422112957,0.23103910868454758,5.719305454784062,4936.616776412994,-0.013162978741542096,0.3367341870237728,0.001633262804225063,25.372827813785744,33.975831242205615,2.2225341796875,4938.412353515625,4936.099853515625,84.0,20.0,64.0,4935.6275634765625,4944.0193989420095,4927.2357280111155,0.5639092508637719,0.3400514061290294,4935.531705729167,4938.379191080729,4932.684220377604,4944.89990234375,4928.0498046875,3.0421422456494915,45264.0,0.13958963861575746,67.81511565007563,193677.59147386873,60.49765874844982,4938.000593982409,4951.357275390625,4943.250624514489,22.550263408230588,1.1444551514489225,0.8077209644251497
413,4936.7001953125,4939.0,4936.7001953125,4937.9501953125,4937.9501953125,71.0,4936.106044921875,4938.238702713775,52.28735967296094,0.379086172491314,-54.72336498904225,2.947081801470631,0.727934644403831,0.5656666426498028,0.16226800175402822,5.625846058271724,4936.62640941414,0.002027150566954459,0.2581097612418798,0.0018433286026223344,25.242935735034923,36.90555255750059,-2.424975585937318,4938.4249267578125,4936.099853515625,80.0,16.0,64.0,4936.025073242187,4944.058495677028,4927.991650807347,0.6198195467702206,0.3255016867069548,4935.958382161459,4938.823347981771,4933.093416341146,4944.89990234375,4928.9501953125,2.9891181343530993,45335.0,0.09589169321621184,70.80581341435054,0.0,60.51563634410861,4938.682816908785,4951.379775390625,4943.197883925414,21.60559353355404,1.131749346157091,0.8736395849152113
414,4937.39990234375,4939.10009765625,4936.7001953125,4938.85009765625,4938.85009765625,207.0,4936.07705078125,4938.262678986029,54.136018053586135,0.5286954013499031,-47.6373562997424,2.4880170036767595,0.7693289400212961,0.6063991021241015,0.16292983789719462,6.055406391173681,4936.687401411625,0.10641316474949113,0.13571476293343432,0.002032920567939513,25.053710676440332,39.07983608347214,1.9326171875,4937.7249755859375,4936.099853515625,76.0,12.0,64.0,4936.517578125,4943.953400443656,4929.081755806344,0.6568434149776371,0.3012578077957816,4936.377555338541,4939.237516276042,4933.517594401042,4944.89990234375,4928.9501953125,2.9470312921671638,45542.0,0.2080111386475668,87.30209509176476,58025.26566141469,60.55336045589352,4938.69903855371,4951.414025878907,4943.154622370497,20.765702163893092,1.066142573992829,0.9304278110593946
415,4936.60009765625,4937.7998046875,4935.14990234375,4937.7998046875,4937.7998046875,597.0,4936.131044921875,4938.244527052753,51.62205847407766,0.32524431594994463,-55.90757045638048,2.104599896599211,0.7092090323576485,0.626961088170811,0.08224794418683756,5.73151915227669,4936.745873832744,-0.013169933871507718,0.008957147694626855,0.002155113499083257,24.941189872358926,3.7635717903571697,-0.4077636718748181,4937.3624267578125,4936.099853515625,72.0,8.0,64.0,4936.957568359375,4943.556288898062,4930.3588478206875,0.563818154079058,0.26731931345645155,4936.766715494791,4939.739176432291,4933.794254557291,4944.89990234375,4928.9501953125,3.000828722190938,44945.0,0.35142639070775533,-14.74461882759448,-632644.4184959834,60.42640278559669,4938.369551679064,4951.4282739257815,4943.101340602508,19.298143553987767,0.9541328497930025,0.9451757020983756
416,4937.5498046875,4937.89990234375,4935.14990234375,4937.0,4937.0,65.0,4936.161044921875,4938.1957220702925,49.72826145377166,0.02511317308757947,-67.52222361337174,1.9714657054228155,0.590222303050723,0.6196133311467934,-0.029391028096070415,4.93873380671581,4936.763046759109,0.00911963477148589,0.10885664891131663,0.0021910452022581746,24.793796350366385,-14.349553548928867,3.342626953124636,4937.3624267578125,4936.099853515625,68.0,4.0,64.0,4937.357568359375,4942.8565586301165,4931.858578088634,0.467487816692648,0.2227503353607994,4937.151708984375,4940.2591796875,4934.04423828125,4944.89990234375,4928.9501953125,2.982912384891585,44880.0,0.31204443021677947,-20.065002521866695,211745.0420673077,60.415874350515516,4938.597870948192,4951.428522949219,4943.040630745766,17.9785808546001,1.035872815624708,0.9270161667133913
417,4935.2001953125,4940.85009765625,4935.2001953125,4938.64990234375,4938.64990234375,282.0,4936.248046875,4938.213533061408,53.51664994272944,0.38608282979588504,-64.1025641025641,2.0277946920950853,0.621889043372903,0.6200684735920153,0.0018205697808876264,5.278402525988433,4936.795102861123,-0.04149802432244765,0.13508510072083957,0.002228653445505931,24.850046879973902,25.223793078658403,2.972631835937136,4937.1873779296875,4936.099853515625,64.0,8.0,56.0,4937.727563476563,4942.477811430438,4932.977315522688,0.5970832339851534,0.19240623921870237,4937.539208984375,4940.814184570312,4934.264233398438,4944.89990234375,4928.9501953125,3.173411667667186,45162.0,0.21985076458013647,49.26892082947139,3005756.342664678,60.51011629115508,4938.624967140821,4951.447021484375,4942.996941905945,17.895594125121413,1.013028336052391,0.8779432353315515
418,4940.89990234375,4942.0,4940.2998046875,4942.0,4942.0,49.0,4936.34404296875,4938.362021960961,60.09272274913886,1.0,-29.742588141025642,2.5774686925551578,0.9068563704104236,0.677426052955697,0.22943031745472653,7.572144919082844,4936.829754990763,0.026308106869815585,0.17724594823831463,0.0023939720723664903,24.873505287620503,131.21855807596225,1.7474365234375,4937.52490234375,4936.099853515625,100.0,4.0,96.0,4938.2525634765625,4942.418687457165,4934.08643949596,0.949750960471351,0.16872867181461562,4938.078369140625,4941.310864257813,4934.845874023437,4944.89990234375,4929.9501953125,3.1860320954231014,45211.0,0.22639715573383323,65.68118716186834,10842235.234318947,60.54335508888366,4938.887738843942,4951.520021972657,4942.987022085986,18.195212453652207,1.0152557137289961,0.8380097654906815
419,4942.0,4942.0,4939.2001953125,4939.2001953125,4939.2001953125,340.0,4936.436044921875,4938.394891504158,53.30544365790439,0.3613790737866291,-41.72404102852325,3.0101016773896845,0.8964405818169325,0.7212289587279441,0.1752116230889884,7.479846903975064,4936.851598165075,-0.016190378289473683,0.008131367044900362,0.0025222716765742705,24.907181024158906,71.02362686972981,3.142529296875182,4937.75,4936.099853515625,96.0,4.0,92.0,4938.457568359375,4942.379363112227,4934.5357736065225,0.594679477117597,0.15882670645908448,4938.415869140625,4941.530859375,4935.30087890625,4944.89990234375,4932.2001953125,3.158444423428594,44871.0,0.04293052802971682,-79.69235296839855,-452748.74743293313,60.350733965097724,4938.804167508531,4951.5702734375,4942.949342217594,17.93897527954949,0.9878622543786818,0.9797308873337814
420,4940.89990234375,4940.89990234375,4937.60009765625,4939.7998046875,4939.7998046875,116.0,4936.592041015625,4938.449986138799,54.490931577479294,0.47292265156456753,-33.09681045384291,3.47248678768392,0.9258963034972112,0.7621624276817975,0.16373387581541365,7.760187164513933,4936.92957850231,-0.036431377148544664,-0.07700890058919396,0.0026390534785533716,25.098309177324865,35.961465844036226,1.4199462890628638,4937.75,4936.099853515625,92.0,4.0,88.0,4938.580053710937,4942.5088556706405,4934.651251751234,0.6552319242702366,0.15910654143395758,4938.57919921875,4941.616674804687,4935.541723632812,4944.89990234375,4932.2001953125,3.1685415851479806,44987.0,0.04232611079364206,-58.371347187198765,-3840567.736790098,60.364816141310385,4938.729047895553,4951.6292724609375,4942.918003535702,16.98372474635573,0.8600727090384856,0.9370816096276796
421,4939.85009765625,4940.0,4937.75,4939.2001953125,4939.2001953125,17.0,4936.708046875,4938.479406106396,53.04074078406653,0.3364729527638481,-41.72404102852325,3.8925077550557035,0.8905905363972124,0.7878480494248805,0.1027424869723319,7.569248173530302,4937.006485456316,-0.016190378289473683,-0.04618273146229057,0.002714217948020871,25.361364690827138,13.665784550028096,-1.0474609374996362,4937.75,4936.099853515625,88.0,4.0,84.0,4938.64755859375,4942.570262400386,4934.724854787113,0.5704407910961062,0.15885741025640054,4938.66669921875,4941.674169921875,4935.659228515625,4944.89990234375,4932.2001953125,3.102931471923125,44970.0,0.017232984927500743,-51.4887774997418,-4963235.294117647,60.36275262461375,4938.725544080842,4951.690773925781,4942.881010419054,16.096706394104384,0.8801419131452537,0.9263246446075443
422,4939.2001953125,4939.2001953125,4936.7998046875,4937.35009765625,4937.35009765625,113.0,4936.75705078125,4938.435119500507,48.731309913920605,0.0,-67.88081830493977,3.7632108800553397,0.7051940051342172,0.7713172405667479,-0.06612323543253074,6.123085431140621,4937.009322815268,-0.005063188493508587,-0.15117925384512998,0.002679770760001376,25.530032221767094,-50.11298851958417,-2.234960937499636,4937.75,4936.099853515625,84.0,4.0,80.0,4938.83505859375,4942.073621353425,4935.596495834075,0.27073766239925295,0.13114682799701077,4938.83252766927,4941.690022786458,4935.975032552083,4944.89990234375,4933.2001953125,3.052749982857187,44857.0,0.023939230415028573,-73.99910002210012,-1858709.5547566372,60.32042572412597,4938.216646840059,4951.737275390625,4942.825976461216,15.045917913949983,0.8463279160666529,0.9975071699117829
423,4938.75,4938.75,4935.7001953125,4937.35009765625,4937.35009765625,15.0,4936.698056640625,4938.392569624262,48.731309913920605,0.0,-67.88081830493977,2.845897001378944,0.5519039136315769,0.7274345751797137,-0.1755306615481368,4.9496443995611505,4937.012150209552,0.015192642409015014,-0.15205769139381264,0.0025681442957149756,25.646918467920024,-77.55820072194685,-2.079858398437864,4937.75,4936.099853515625,80.0,16.0,64.0,4938.780053710938,4942.079687697905,4935.480419723971,0.2833159586281404,0.13362141869377667,4938.860856119792,4941.608341471354,4936.113370768229,4944.89990234375,4935.14990234375,3.052539604617388,44872.0,-0.003008373319033241,-63.42780001894297,-15755338.668823244,60.32042572412597,4938.192216276104,4951.754274902344,4942.771490104948,14.536708954194692,0.8442831345340494,0.996340825927862
424,4935.7001953125,4939.4501953125,4935.7001953125,4939.35009765625,4939.35009765625,108.0,4936.68505859375,4938.430119743163,53.47088927004138,0.41716461014680933,-38.68415425190676,2.082821116728155,0.585059495346286,0.6989595592130282,-0.11390006386674223,5.26457861219787,4937.02904129497,0.05367760323517595,-0.05770845554827064,0.002483724472860804,25.587849580739796,-36.058603570682045,-0.9698730468753638,4938.0,4936.099853515625,76.0,12.0,64.0,4938.920068359375,4942.063212632146,4935.776924086605,0.5684075020990929,0.12728062933866705,4938.8925374348955,4941.680013020833,4936.105061848958,4944.89990234375,4935.14990234375,3.1023582042875746,44980.0,0.17223936471774628,-23.509542873379694,1215616.8619791665,60.36417388776187,4938.18099451784,4951.776774902344,4942.737446398991,13.728984843771556,0.8892761424939899,0.9469845980422605
425,4938.10009765625,4940.0,4938.10009765625,4940.0,4940.0,12.0,4936.6510546875,4938.491683674804,54.928990428092156,0.5455026240187225,-29.196664053033004,1.7612146714154733,0.6562128076402587,0.6904102088984743,-0.034197401258215576,5.93902781122893,4937.102431589844,0.041511246700014104,0.060710341219554764,0.0024420157718203486,25.348760532327024,29.4673525577442,-0.0349609374998181,4938.5750732421875,4936.099853515625,72.0,8.0,64.0,4938.88505859375,4941.963034107059,4935.807083080441,0.6811160292583959,0.12464252465050683,4938.8125406901045,4941.315006510417,4936.3100748697925,4942.10009765625,4935.14990234375,3.0164684999634623,44992.0,0.20642087576824034,-19.036918445039742,23350647.09186554,60.36575280562977,4938.19128103163,4951.809523925781,4942.710208126364,12.779015377247353,0.9690402836714527,0.9083299424518979
426,4940.0,4940.0,4938.10009765625,4938.10009765625,4938.10009765625,21.0,4936.614052734375,4938.476327360351,49.996457483524594,0.11135477496973518,-56.93206928505239,1.496958295037075,0.5529223347775769,0.6629126340742948,-0.10999029929671789,5.104924939702675,4937.113968098221,-0.015185721072115863,0.057829652551446675,0.0023507770729063572,25.129724226517272,2.5317669902240882,-0.9552490234373181,4938.7000732421875,4936.099853515625,68.0,4.0,64.0,4938.755053710937,4941.733411757821,4935.7766956640535,0.39004746165885307,0.12061169320984765,4938.690869140625,4941.218334960938,4936.163403320313,4942.10009765625,4935.14990234375,2.9367137745196437,44971.0,0.2451443582155205,-22.017065698426922,0.0,60.35767629769075,4938.228967845074,4951.838774414063,4942.664336380392,11.896900872617735,0.9686672706521867,0.91083761810074
427,4938.10009765625,4938.10009765625,4936.10009765625,4937.9501953125,4937.9501953125,562.0,4936.613056640625,4938.455694731024,49.61786820835735,0.07803239854893586,-59.1203934706679,1.0794720818012138,0.4537376196740297,0.6210776311942419,-0.16734001152021216,4.314708309327444,4937.121488048279,0.003045701141168841,-0.03640802588383085,0.0022197588028012617,24.793795332732554,-71.60544169440472,-1.6525634765621362,4938.7000732421875,4936.099853515625,64.0,8.0,56.0,4938.652563476562,4941.593342424161,4935.711784528963,0.3805812717348956,0.11909236010434669,4938.566715494791,4941.169181315104,4935.964249674479,4942.10009765625,4935.14990234375,2.8698056477682408,44409.0,0.3505331674597592,-30.906787339723078,-693932.8013790036,60.34061606895468,4938.048998750438,4951.883024902344,4942.617429504095,11.949398665865663,0.9198952321130166,0.9563032579968475
428,4938.64990234375,4940.0,4935.0,4940.0,4940.0,411.0,4936.624052734375,4938.516255721965,54.672395894847504,0.5229178859261804,-28.571428571428573,0.9212172564339198,0.5343751812633855,0.6037371412080706,-0.06936195994468519,5.059041887084276,4937.195275581109,0.06076564715414219,-0.018271610443468367,0.002144476045439853,24.594781187707753,-6.291603663730343,0.0773437500001819,4938.5,4936.099853515625,60.0,4.0,56.0,4938.57255859375,4941.26478874409,4935.88032844341,0.7651038964982045,0.10902867654157321,4938.421712239583,4941.1691731770825,4935.674251302083,4942.0,4935.0,3.0219623872133665,44820.0,0.41345851432865965,93.86128607488021,486499.2016423358,60.51122729289177,4938.079326409885,4951.933024902344,4942.591385429427,11.138297245310673,0.8995340126195626,0.9178056230630309
429,4940.89990234375,4940.89990234375,4937.9501953125,4940.35009765625,4940.35009765625,90.0,4936.71705078125,4938.588171091937,55.49366832702933,0.5952040042191481,-23.570033482142858,0.9904497931984224,0.6193910305146346,0.6068679190693835,0.01252311144525109,5.905480352400863,4937.250864518163,0.034426317842314216,0.13706119208302614,0.0021194232854834984,24.488423864594246,98.54023356738237,3.409936523437864,4938.949951171875,4936.099853515625,56.00000000000001,28.000000000000004,28.000000000000004,4938.590063476562,4941.323429300743,4935.856697652382,0.8219536448648508,0.11069417744935621,4938.396720377605,4941.186661783855,4935.606778971354,4942.0,4935.0,3.0168012903588406,44910.0,0.42344246186501866,84.95378650168304,6309255.62646654,60.51760559027285,4938.462366626675,4951.979775390625,4942.569084058549,10.786397028477252,1.0267226223558101,0.889661430272784
430,4938.4501953125,4940.9501953125,4938.2001953125,4940.9501953125,4940.9501953125,88.0,4936.7360546875,4938.680799492743,56.934044661509674,0.721981928353323,-14.997209821428571,0.7837115119482405,0.7268113404770702,0.6308566033509209,0.09595473712614933,7.018002686169032,4937.316073096289,-0.021242506829218938,0.14171156354562475,0.0021486914985519886,24.217878283567213,103.4349306356021,0.442626953125,4938.9625244140625,4936.099853515625,52.0,24.0,28.0,4938.757568359375,4941.634562481243,4935.880574237507,0.8810621190462147,0.1165067967822384,4938.4783935546875,4941.28583984375,4935.670947265625,4942.0,4935.0,2.9977440553332095,44998.0,0.4821971728032514,80.36161610858547,469207.763671875,60.52829483146145,4938.576531938513,4952.019025878906,4942.552975712818,10.482341102580952,1.032529915499348,0.8908183519537232
431,4940.7001953125,4942.4501953125,4939.89990234375,4942.4501953125,4942.4501953125,107.0,4936.80505859375,4938.828618936655,60.38520839984654,1.0,-0.0,0.8829776539523664,0.9223479213251267,0.6891548669457621,0.23319305437936455,8.977827670007105,4937.615810155485,0.06580012697368252,0.15769338890450646,0.00226822506012759,24.12559895473799,172.53458284007263,0.7497314453121362,4938.72509765625,4936.099853515625,100.0,20.0,80.0,4939.050073242188,4942.169531776519,4935.930614707857,1.0449859379267787,0.12631815786727799,4938.6892252604175,4941.506681315104,4935.87176920573,4942.4501953125,4935.0,2.965783263434409,45105.0,0.5026568981202995,91.80995666450184,3813173.0578770144,60.56077846186765,4938.78164915622,4952.06552734375,4942.551953022267,10.855544837589802,1.0763411027048169,0.9186477138003104
432,4942.39990234375,4942.39990234375,4936.0,4936.0,4936.0,153.0,4936.6860546875,4938.717692703846,44.041245685988684,0.0,-86.57753309739154,1.0389820772061285,0.5504895147669231,0.6614217965099943,-0.11093228174307124,5.373336532868454,4937.593893938135,-0.07692224053076543,-0.09059047705464685,0.0021835134327534323,24.39575904170554,-35.8831442588955,0.1851318359376819,4938.72509765625,4936.099853515625,96.0,100.0,-4.0,4939.015063476562,4942.252705042936,4935.777421910188,0.03437349151358669,0.13110474557228527,4938.72255045573,4941.74501139323,4935.70008951823,4942.4501953125,4935.0,3.2146698383676657,44952.0,0.47456985329562096,-62.28859183221269,-8261720.339457194,60.36110424284395,4938.675227123732,4952.07052734375,4942.486759459856,10.7403871493913,0.8989519769525668,0.9895424540072136
433,4936.0,4941.4501953125,4935.0498046875,4941.4501953125,4941.4501953125,70.0,4936.782060546875,4938.824849668892,55.0998122077585,0.6766147668945294,-13.422466902608468,1.0206040326293078,0.687647488805851,0.6666669349691656,0.0209805538366854,6.31796080734959,4937.720962681148,0.04555393405870328,-0.1007536110529621,0.002176940187489227,24.795630586791194,31.99958933349521,-1.8399658203125,4938.72509765625,4936.099853515625,92.0,96.0,-4.0,4939.1900634765625,4942.554436743996,4935.825690209129,0.8358919561356449,0.1362317798746756,4938.794213867188,4942.021704101562,4935.566723632813,4942.4501953125,4935.0,3.4422213231271184,45022.0,0.4933528222591034,1.1117315545319784,-8685797.96382359,60.43839631575218,4938.435771437699,4952.08302734375,4942.476445388739,10.980600351268835,0.9099539459912078,1.01070755704417
434,4942.7001953125,4942.7001953125,4939.64990234375,4940.4501953125,4940.4501953125,120.0,4936.8690625,4938.888588713739,53.029109514411076,0.5499195015173208,-29.22003804692454,1.2058952780325853,0.7074989215843743,0.6748333322922073,0.03266558929216701,6.289408981165864,4937.746892765648,0.0627886942374536,0.08297467088993893,0.002179184101608037,25.100540128758116,114.4775696023685,-1.919970703124818,4938.85009765625,4936.099853515625,88.0,92.0,-4.0,4939.270068359375,4942.674165222645,4935.865971496105,0.6733392145591882,0.13783805364587182,4938.930045572916,4942.190055338541,4935.670035807291,4942.7001953125,4935.0,3.4142264406716096,44902.0,0.4400003866849054,-16.189944381829733,7435213.228066763,60.414111946739645,4938.533285755884,4952.083278808594,4942.456283696439,10.62893687109971,1.0430921087247051,0.9601174378347662
435,4940.4501953125,4942.4501953125,4938.5,4940.60009765625,4940.60009765625,60.0,4936.935068359375,4938.955706711485,53.312354810368284,0.5672497720836535,-27.273303741280913,1.2814625459559466,0.7269473943852063,0.6852561447108071,0.04169124967439919,6.361654133307071,4937.766525869139,0.06582478324846294,0.06653064124818542,0.002188908733047998,25.365608191597257,82.26302313850604,-0.0599853515623181,4938.85009765625,4936.099853515625,84.0,88.0,-4.0,4939.410083007812,4942.791047305252,4936.029118710373,0.6759874615267295,0.13689749345049185,4939.11005859375,4942.435083007813,4935.7850341796875,4942.7001953125,4935.0,3.4525099315164947,44962.0,0.3124825189618325,-12.59221795228263,-4608239.730199179,60.415932457071584,4938.590983578907,4952.076279296875,4942.437814183601,10.74054841583692,1.0145465988569804,0.948015957608795
436,4940.35009765625,4942.0,4938.5498046875,4939.89990234375,4939.89990234375,51.0,4936.991064453125,4938.992733991181,51.74279013810227,0.4712164722196495,-36.36651870640456,0.9433521943938104,0.6780444647329205,0.6838138087152298,-0.005769343982309327,5.922674126947657,4937.799019631722,0.01113111394474519,0.09256812469576103,0.002171255154718061,25.576995318133154,54.842915790742914,0.4449218749996362,4938.85009765625,4936.099853515625,80.0,84.0,-4.0,4939.555078125,4942.754001353212,4936.356154896789,0.5538969200180608,0.12952272735565964,4939.283390299479,4942.643424479166,4935.923356119792,4942.7001953125,4935.0,3.452344601586745,44911.0,0.3020082871610048,-15.89475266445654,-1354339.0760234757,60.4087045980602,4938.682399883175,4952.044777832031,4942.412561329474,10.844187707378614,1.0345814168347225,0.9420132921389615
437,4939.89990234375,4943.0,4939.89990234375,4943.0,4943.0,93.0,4937.1240625,4939.149881677801,57.68306346633395,0.8346701481874115,-0.0,1.2279181985295509,0.8793044386993643,0.7229119347120567,0.15639250398730753,7.494620249574238,4938.021738142807,0.06072874493927126,0.171737922273828,0.0022543902028363833,25.734893483431375,147.68279826120207,-1.6724853515625,4939.012451171875,4936.099853515625,100.0,80.0,20.0,4939.7725830078125,4943.273083690541,4936.272082325084,0.9609936241566022,0.14172719994316932,4939.470052083333,4942.7025960286455,4936.2375081380205,4943.0,4935.0,3.4271841054912633,45004.0,0.33579622192238945,27.562938006358678,3916952.8151071197,60.46706794301267,4938.850266438635,4952.037526855469,4942.418406490374,10.445275807480787,1.0843356754396412,0.9125977531658132
438,4943.0,4943.0,4941.0,4941.10009765625,4941.10009765625,45.0,4937.27306640625,4939.22636073578,53.34885394724598,0.5694829598066496,-23.748779296875,1.8610035615811285,0.8754070297563885,0.7534109537209231,0.12199607603546536,7.383592251829336,4938.049967547528,0.060752109934423516,0.1864992796871784,0.002321919335772426,25.803521761751288,129.4381332616356,-1.777392578124818,4939.012451171875,4936.099853515625,96.0,76.0,20.0,4939.727587890625,4943.134285488658,4936.320890292592,0.7014428528111218,0.13793058574259842,4939.48339029948,4942.730924479167,4936.2358561197925,4943.0,4935.0,3.3252423836704588,44959.0,0.30178680040191863,11.411717509914585,2444661.4583333335,60.44977164411144,4938.957568973076,4951.993527832031,4942.4052889895365,10.074857614718521,1.1106297592097139,0.9241304795225355
439,4941.0,4943.9501953125,4941.0,4943.9501953125,4943.9501953125,65.0,4937.48306640625,4939.411609150554,58.39873622857061,0.8784583514993203,-0.0,2.080564970128762,1.089735573335929,0.8206758776439245,0.2690596956920046,8.980837535132428,4938.193522129238,0.12150790839680163,0.14123486122157236,0.0024842735331883758,25.848959171557674,171.70050328958607,0.034912109375,4939.487548828125,4936.099853515625,100.0,72.0,28.0,4939.965087890625,4943.823898280631,4936.106277500619,1.0163647625958132,0.1562282453965002,4939.625056966146,4942.880110677083,4936.370003255209,4943.9501953125,4935.0,3.298453307158283,45024.0,0.5124002531902344,36.24666467367679,2156355.197613056,60.48726457969155,4939.0896403835495,4951.9697778320315,4942.420661191755,9.458855541489541,1.0587530579577373,0.917518196736165
440,4941.2998046875,4943.0,4941.0,4942.4501953125,4942.4501953125,54.0,4937.7120703125,4939.5307693921995,55.02292017596447,0.6719101531395781,-16.759410801963995,2.367902688418326,1.125580038267799,0.8816567097686994,0.2439233284990996,9.179318197061859,4938.2371439513845,0.04959909539473684,0.11906545003054736,0.002638990179907863,25.816641561088012,112.4114955851169,0.2524902343748181,4939.487548828125,4936.099853515625,96.0,68.0,28.0,4940.097607421875,4944.103835073116,4936.091379770634,0.7936163512695261,0.16219224677755165,4939.760896809896,4942.950960286458,4936.570833333333,4943.9501953125,4935.0,3.273577736111263,44970.0,0.5201271441587076,19.497141148865822,-1759620.9490740742,60.47088091950079,4939.17737223514,4951.951027832031,4942.420955063603,8.886853616348345,1.038331920931791,0.9192664709012436
441,4941.0,4943.0,4941.0,4943.0,4943.0,16.0,4937.9420703125,4939.666817651329,56.02631091661545,0.7333022866275123,-10.616475722858702,2.648210592831674,1.1846952489604519,0.9422644176070499,0.24243083135340193,9.64841302987096,4938.266504649267,0.05363794652948056,0.1977690624938413,0.0027985249555522182,25.725624784856354,106.41337949684436,0.66259765625,4939.487548828125,4936.099853515625,92.0,64.0,28.0,4940.28759765625,4944.462424799215,4936.112770513285,0.8248520538533667,0.1690115022836208,4939.928393554687,4943.10595703125,4936.750830078125,4943.9501953125,4935.0,3.182607897817601,44986.0,0.52527624116144,17.968531699027846,0.0,60.47266078063289,4939.921344169998,4951.927277832031,4942.426716704761,8.355708971574376,1.0786937584990441,0.8809246960052028
442,4941.0,4944.14990234375,4941.0,4944.14990234375,4944.14990234375,225.0,4938.25806640625,4939.84262489417,58.130172714276384,0.8620263809303641,-0.0,2.828360523896663,1.3092398859107561,1.015659511267791,0.29358037464296505,10.675095410006177,4938.914807439782,0.0647589411908174,0.21277880707931984,0.00299443293472211,25.489792393656057,124.82315024858609,1.8226074218746362,4940.449951171875,4936.099853515625,100.0,60.0,40.0,4940.627587890625,4944.8966049303635,4936.358570850887,0.9125439674212059,0.17281274347418715,4940.194222005209,4943.409261067709,4936.979182942709,4944.14990234375,4935.0,3.180271786812772,45211.0,0.6213701715010731,52.36274536255958,804906.686147054,60.52500308841031,4941.027128622044,4951.8700268554685,4942.443862830522,8.481164714932719,1.1048079186840407,0.8920291116047209
443,4941.7001953125,4943.60009765625,4941.64990234375,4941.64990234375,4941.64990234375,55.0,4938.491064453125,4939.913498519643,52.274486279520154,0.5037481263066392,-27.4722326554703,2.8864444508271845,1.192467280832716,1.051021065180776,0.14144621565193982,9.7471500478046,4938.929114407761,-0.0161922313250422,0.13544207002025377,0.0031015673420337845,25.335695399666164,81.81344824489109,-4.842578124999818,4940.449951171875,4936.099853515625,96.0,56.00000000000001,39.99999999999999,4940.842578125,4944.855091078624,4936.830065171375,0.6006008239825019,0.16242221403245943,4940.445882161459,4943.605940755208,4937.285823567709,4944.14990234375,4935.0,3.131680944897574,45156.0,0.5876692596990442,25.23949602505107,177463.61819180576,60.49719244295743,4941.182238315914,4951.8162768554685,4942.435962726177,8.597659333765467,1.0454883644029265,0.9100462943826727
444,4941.5,4943.75,4941.10009765625,4943.75,4943.75,352.0,4938.786064453125,4940.063949558088,56.26046121632826,0.7476286959452645,-4.394484090787143,2.7698170381436285,1.254918559622638,1.0918005640691484,0.1631179955534896,10.204939501657728,4939.094000621765,0.1570097244732577,0.12087980365963524,0.003221614806345583,25.21252074392976,96.4517461172423,0.3876220703123181,4940.46240234375,4936.474853515625,92.0,52.0,40.0,4941.062573242188,4945.2040451542725,4936.921101330103,0.8244530948007135,0.16763487005862118,4940.680875651042,4943.7859293619795,4937.575821940105,4944.14990234375,4935.0,3.0972681876727473,45508.0,0.6278105146550568,127.23876445004377,-150525.87471225046,60.64678506679936,4941.655646698428,4951.77802734375,4942.449037723926,8.340334068303894,1.028622614350658,0.9077428106910228
445,4943.7998046875,4943.7998046875,4941.0498046875,4943.0,4943.0,64.0,4939.066064453125,4940.179088791105,54.50955437418008,0.7291182715492049,-12.636153887428234,2.7180233226099517,1.2297174981658827,1.1193839508884953,0.11033354727738742,10.047614794833917,4939.180746308231,0.03136335744049707,0.05278625639333445,0.0033091967963646226,25.091834649909384,77.48262804464164,-0.7623779296873181,4940.7999267578125,4936.925048828125,88.0,48.0,40.0,4941.212573242187,4945.406223407373,4937.018923077002,0.713111095037382,0.16974174266028977,4940.843367513021,4943.990926106771,4937.695808919271,4944.14990234375,4935.0,3.072463317124694,45444.0,0.6211956295738814,102.20465524289467,-1049.041748046875,60.63707583797509,4941.703040016873,4951.738276367188,4942.454519935628,8.067213278238814,0.9915442996205247,0.9387580432271903
446,4943.0,4943.0,4941.64990234375,4941.7998046875,4941.7998046875,55.0,4939.322060546875,4940.242646277237,51.73484045948172,0.0,-25.824971830230186,2.6514002182902914,1.1002171259624447,1.1155505859032853,-0.015333459940840566,9.088075355824857,4939.224680318073,0.02731753831423115,0.14792386543550862,0.00331734150359006,24.9566654317106,51.88063394628854,-0.7974609374996362,4941.074951171875,4936.925048828125,84.0,44.0,40.0,4941.39755859375,4945.3448729574975,4937.450244230002,0.5509518696363016,0.15976509952666965,4941.014192708333,4944.1342610677075,4937.894124348958,4944.14990234375,4935.0,2.9494371984907874,45389.0,0.6055131479034288,78.17388418140973,-245112.72257024594,60.62372144950908,4942.13379287048,4951.694526367188,4942.4480053560455,7.813601116035524,1.0982191353387802,0.9502952699032716
447,4941.7998046875,4943.64990234375,4941.7998046875,4943.64990234375,4943.64990234375,17.0,4939.57005859375,4940.376264162199,55.49560299416008,0.5643489431697015,-8.849710483104312,2.5380055147061285,1.1338047713061314,1.1192014229838545,0.014603348322276943,9.387750674984229,4939.259301469032,0.06172943827100647,0.2373853805108015,0.003338595005382689,24.833830211760784,87.5503431705559,-1.782641601562318,4941.074951171875,4936.925048828125,80.0,40.0,40.0,4941.682543945312,4945.410032622543,4937.955055268081,0.7638986417926678,0.15085909076851348,4941.2966796875,4944.409252929688,4938.184106445313,4944.14990234375,4935.0,2.8709129454735884,45406.0,0.5458371017121321,71.49928074924405,4352108.170004452,60.63008586356859,4942.3008402378555,4951.645524902344,4942.459964530053,8.014115243204733,1.139252965860229,0.9018675853494276
448,4943.9501953125,4943.9501953125,4941.85009765625,4943.7998046875,4943.7998046875,40.0,4939.8160546875,4940.510520653387,55.79614196482878,0.609448533721939,-6.19652579725175,2.4459759880519414,1.1591570476848574,1.1271925479240552,0.03196449976080218,9.71615897899993,4939.3997242821415,0.07894699125177981,0.09388037095102697,0.00336711699865206,24.70038075645016,92.5081013692086,1.1274658203128638,4941.074951171875,4936.925048828125,76.0,36.0,40.0,4941.872534179687,4945.624887370254,4938.12018098912,0.7568082493750468,0.15185957001580389,4941.540014648437,4944.507592773437,4938.572436523436,4944.14990234375,4935.0498046875,2.815854710529046,45446.0,0.4501099942832565,62.1416826064949,920330.8820724487,60.631298751590286,4942.468673125743,4951.587023925781,4942.473296272913,8.39713538928052,1.0190524273908537,0.9251720564398267
449,4941.85009765625,4946.9501953125,4941.85009765625,4946.9501953125,4946.9501953125,417.0,4940.053056640625,4940.763056914529,61.65657190590936,1.0,-0.0,2.6078986672800966,1.4171233876095357,1.1851787158611513,0.2319446717483844,11.808821800582328,4939.660242341674,0.07991493652640097,0.20712178405328452,0.0035172576432451544,24.71050896146563,188.54760334623467,-1.1024414062503638,4942.47509765625,4937.9501953125,100.0,32.0,68.0,4942.2025390625,4946.484770665112,4937.920307459889,1.0543437033046625,0.17329243667231925,4941.815852864584,4944.890950520834,4938.740755208333,4946.9501953125,4935.0498046875,2.979014920937686,45863.0,0.5494880886020189,240.93756946628133,1834567.5022482015,60.89702813840313,4943.293073194063,4951.5445239257815,4942.517842532014,10.293941385103542,1.0488141095837467,0.8416923255304621
450,4946.0,4948.0,4944.25,4946.89990234375,4946.89990234375,360.0,4940.244052734375,4941.003717519598,61.51635916588905,0.9858681178000647,-13.581288805835191,3.0655819163603155,1.5990722389024086,1.2679574204694029,0.3311148184330057,13.449556121726586,4940.163738074148,0.11737881388501047,0.30628235444494145,0.003733542951492719,24.831800568677277,222.22293142702793,1.4501708984371362,4943.0,4938.97509765625,96.0,28.000000000000004,68.0,4942.500024414063,4947.199267836828,4937.800780991298,0.9681474796956024,0.19015653614780073,4942.133341471354,4945.258439127604,4939.008243815104,4948.0,4935.0498046875,3.034085283727851,45503.0,0.5128285143565666,203.93142114966975,1796722.412109375,60.89336821298744,4943.978102066375,4951.5140234375,4942.561445117205,12.453961174992758,1.1099507892886815,0.8036684348437401
451,4946.89990234375,4948.7998046875,4946.89990234375,4948.60009765625,4948.60009765625,389.0,4940.459052734375,4941.301614779858,64.45885428509644,1.0,-2.5604106673344185,3.881600413603337,1.8590298283606899,1.3861719020476604,0.4728579263130295,15.741651467528166,4940.900228677468,0.09405237027182646,0.34593610198345137,0.004044750765425085,24.913908801064334,244.35843749338366,-0.3573242187503638,4943.412353515625,4940.5,100.0,24.0,76.0,4942.80751953125,4948.206256224419,4937.408782838082,1.0364753324911384,0.21844818645419337,4942.458333333333,4945.550911458333,4939.365755208333,4948.7998046875,4935.0498046875,2.953072216586576,45892.0,0.5334147349506968,269.28064335150265,842430.1380363406,61.0270632522279,4944.809327456428,4951.452023925781,4942.621531212121,14.73907309710951,1.1486466869894558,0.8027105850060045
452,4946.9501953125,4953.89990234375,4946.9501953125,4952.9501953125,4952.9501953125,1234.0,4940.8460546875,4941.758421859569,70.64366377985237,1.0,-7.362125742836595,5.148841050092415,2.388531116574086,1.5866437449529456,0.8018873716211403,19.93642435088694,4942.481025461595,0.21244523637199966,0.40166911097143654,0.0045702195284285305,25.241925213118186,291.78296470417445,-0.655029296875,4945.96240234375,4943.050048828125,100.0,20.0,80.0,4943.655029296875,4949.785247615819,4937.524810977931,1.258143146949676,0.24800348254945082,4943.115006510417,4946.235074869792,4939.994938151041,4953.89990234375,4935.0498046875,3.2385461319196773,47126.0,0.6585115017824409,997.6720525602165,1450312.2342077221,62.111818617761394,4947.234812159971,4951.401274414063,4942.72430398924,18.095639638656454,1.1060828270130596,0.7044137160416231
453,4951.4501953125,4953.0,4950.0,4950.9501953125,4950.9501953125,1022.0,4941.0960546875,4942.118883563606,65.03977382924145,0.7036362413639036,-22.866119080964456,6.548226390165837,2.6166186658401784,1.7926387291303922,0.8239799367097862,21.64541598689568,4943.7573360399165,0.16083745321667003,0.4297572544642857,0.005128602926480131,25.31760749597434,213.45490276733457,0.019873046874636202,4945.96240234375,4943.050048828125,96.0,16.0,80.0,4944.130029296875,4950.938017802836,4937.322040790915,1.0008943544523767,0.27539682272186344,4943.715006510416,4946.665055338542,4940.764957682291,4953.89990234375,4938.5,3.2215071224968432,46104.0,0.43216946331316525,563.1474736230427,315543.3968321918,61.699135283708394,4948.269496540394,4951.327524414062,4942.806153654149,21.21245142723576,1.1785714285714286,0.7488141741071429
454,4950.2001953125,4952.0,4950.2001953125,4952.0,4952.0,49.0,4941.40505859375,4942.506378325817,66.54016127558822,0.7829847772789006,-14.728036640296756,7.539684340532403,2.8492458243435976,2.0039601481730336,0.845285676170564,23.506957654215523,4944.887007215908,0.15877547831890576,0.44554147740855843,0.0057164795334266475,25.291188998527854,168.78765333928513,-3.0576171875,4946.1248779296875,4943.550048828125,92.0,12.0,80.0,4944.70751953125,4952.103043837019,4937.311995225481,0.9930333649949215,0.29912888786878306,4944.238338216146,4947.125862630209,4941.350813802083,4953.89990234375,4938.5,3.1199569485684973,46153.0,0.46148883010266734,490.04646734653664,-1468869.618007115,61.709525295253286,4948.382150127632,4951.267023925781,4942.897634712317,24.10663380234511,1.2117618933779584,0.7662204159693999
455,4950.25,4956.9501953125,4950.25,4956.9501953125,4956.9501953125,781.0,4941.73005859375,4943.072802521373,72.52741003626934,1.0,-0.0,8.601612764246056,3.3939209070813376,2.2819522999546944,1.1119686071266432,27.313231749731,4947.611701901888,0.309619120559174,0.5093368779881224,0.006483300994190897,25.45731719690726,192.6980891817998,-1.7750244140625,4947.6875,4945.97509765625,100.0,8.0,92.0,4945.5250244140625,4954.391983418629,4936.658065409496,1.1442553130421311,0.3585851435709626,4944.94833984375,4947.973364257812,4941.923315429687,4956.9501953125,4938.5498046875,3.37568826027789,46934.0,0.5440425583535312,972.3401918773885,2144748.819622279,62.490240670669706,4949.3790157755375,4951.231774902344,4943.037461185951,27.542750151637915,1.191004009176082,0.6816671311879596
456,4956.9501953125,4958.25,4955.0,4958.25,4958.25,208.0,4942.0810546875,4943.667986736221,73.8505519687896,1.0,-0.0,9.808847943474575,3.885671606154574,2.6026961611946704,1.2829754449599036,30.793758487627983,4950.789157332791,0.29329962073324906,0.6155565776384893,0.00737566606700392,25.577005721039892,190.6208640117604,-3.442529296875364,4948.3499755859375,4946.625,100.0,4.0,96.0,4946.442529296875,4956.507930541739,4936.377128052011,1.086537506845519,0.40697536402165685,4945.799178059896,4948.814192708333,4942.784163411458,4958.25,4939.89990234375,3.366710527400898,47142.0,0.5681666600025925,872.0572180377617,4726409.912109375,62.54478214563865,4949.980369054,4951.207775878906,4943.188829731364,30.876100674065206,1.2946379865441593,0.67908140890567
457,4960.0,4961.5,4956.60009765625,4958.39990234375,4958.39990234375,1278.0,4942.449052734375,4944.245708916908,74.00603904562585,1.0,-15.159256960030563,10.891937614889684,4.238623234204169,2.9298815757965704,1.308741658407599,33.56449833852134,4952.973086252191,0.31154971361015577,0.6836676625409019,0.008305196549232733,25.532643485490187,175.52352717447062,-5.4127197265625,4949.9749755859375,4948.25,100.0,16.0,84.0,4947.2125244140625,4958.400298309822,4936.024750518303,0.9999823036255758,0.45228596267285776,4946.642513020834,4949.747517903646,4943.537508138021,4961.5,4941.0,3.476224228568691,48420.0,0.4038160970049854,774.8455005055815,929773.2736023379,62.583419809191845,4951.853415724495,4951.176025390625,4943.3401836877065,34.27009097172144,1.3111395646606914,0.6274719021197894
458,4956.60009765625,4959.85009765625,4956.2001953125,4957.89990234375,4957.89990234375,158.0,4942.775048828125,4944.781167482667,72.45841012131926,0.9305098502749897,-17.604221383888067,11.595497759651153,4.426962848952826,3.229297830427822,1.197665018525004,35.35262872413767,4954.238059797863,0.3257942104611036,0.6360921416767874,0.009183587380567184,25.349256579970405,137.2536349018494,-4.402612304687864,4950.574951171875,4948.25,96.0,12.0,84.0,4948.052514648438,4959.787743985597,4936.317285311278,0.9195652003208153,0.4743372994695622,4947.456681315104,4950.644181315104,4944.269181315104,4961.5,4941.0,3.4886298082244984,48262.0,0.40147965045221173,652.867571861927,-2367590.8016253123,62.56748724998808,4952.5338935701275,4951.1502758789065,4943.485056510155,37.153596045521894,1.307852350329504,0.6717602086527167
459,4957.89990234375,4957.89990234375,4954.2998046875,4955.9501953125,4955.9501953125,369.0,4943.094052734375,4945.219168574033,66.60894359386879,0.6678627141172763,-27.958576242835708,12.093984087775425,4.368540472271889,3.4571463587966353,0.9113941134752532,35.13993011938046,4954.466898814503,0.24880995239809595,0.5480992220754439,0.009894891164619,25.24846762081084,98.29240671108207,-4.852709960937318,4952.0999755859375,4948.25,92.0,8.0,84.0,4948.652514648437,4960.710063105037,4936.594966191838,0.8026187574667494,0.4873063291838892,4948.11083984375,4951.330834960938,4944.890844726562,4961.5,4941.0,3.4965917973691774,47893.0,0.3709982122393791,456.8233623771875,-1878385.5567456584,62.42237704028194,4952.836879631921,4951.095026855469,4943.609087742019,38.61869374521011,1.2655315817799304,0.7174323597044865
460,4954.0,4957.89990234375,4953.85009765625,4957.89990234375,4957.89990234375,352.0,4943.500048828125,4945.716452251277,69.27971876517616,0.7446672640607276,-18.274426213255342,12.054113051470267,4.428516202752689,3.6514203275878465,0.7770958751648429,35.75918807218951,4955.008988162942,0.2852076988004427,0.5152148082135829,0.010521333954044552,25.178535317872203,92.21359755543907,-2.474804687500182,4952.112548828125,4948.25,88.0,4.0,84.0,4949.425,4961.770307736881,4937.07969226312,0.8432438674020205,0.4988582607830358,4948.830834960938,4952.1533203125,4945.508349609375,4961.5,4941.0,3.536107003807093,48245.0,0.4001786968352218,489.605292751875,-258696.82431221008,62.56085641314754,4953.1207859343,4951.042026367188,4943.751284902236,39.706934141931235,1.2319445991608184,0.7167297909472355
461,4956.4501953125,4957.89990234375,4956.4501953125,4957.89990234375,4957.89990234375,166.0,4943.926044921875,4946.194234607844,69.27971876517616,0.740453212916082,-18.32119871778943,11.57368307674642,4.425038314066114,3.8061439248835,0.6188943891826142,36.2564057952224,4955.409507389052,0.22134257671778124,0.5536556162538351,0.011043372680057692,25.038718379016366,91.8395538358784,-3.270092773437682,4952.887451171875,4948.25,84.0,8.0,76.0,4950.169995117188,4962.671803833009,4937.668186401366,0.8091515556776949,0.5051062378929662,4949.585001627604,4952.879972330729,4946.290030924479,4961.5,4941.0,3.3870784343387292,48411.0,0.41203131117782704,419.6616795016072,1135355.3777717683,62.56085641314754,4953.250436397342,4950.9802758789065,4943.892067165336,40.7174430817437,1.280663024769887,0.7270074085160518
462,4957.0,4957.89990234375,4956.5498046875,4956.5498046875,4956.5498046875,290.0,4944.323037109375,4946.600335395281,65.09813401550329,0.2867787552686034,-25.19195884998633,10.628501263786347,4.264185587513566,3.897752257409514,0.3664333301040523,35.48336258186489,4955.458425875465,0.19506969080126432,0.5568483790145017,0.011398061739498673,24.86425310466614,79.12178340840738,-2.189892578125182,4953.2750244140625,4948.25,80.0,4.0,76.0,4950.789990234375,4963.2659565703425,4938.314023898408,0.730836405694671,0.5039990127061192,4950.279996744792,4953.484977213541,4947.075016276041,4961.5,4941.0498046875,3.241579807332392,48121.0,0.34126563259546566,303.7773938138776,23186.617884142644,62.48188581510715,4953.461003681105,4950.886774902344,4944.018014802373,41.65577281156957,1.285712929921798,0.7288645509072963
463,4957.89990234375,4960.0,4957.89990234375,4960.0,4960.0,945.0,4944.764033203125,4947.125812438604,70.0698554026508,0.6848451136557072,-8.695652173913043,10.239200367646845,4.364795919700555,3.9911609898677223,0.37363492983283253,36.28675630930754,4956.155645976034,0.2303662069834499,0.5843375265960055,0.011739369076339538,24.75362681920671,98.24363830446485,1.2427001953128638,4953.5625,4948.25,100.0,20.0,80.0,4951.707495117187,4964.058166751685,4939.356823482689,0.8357106855488744,0.4988449599123957,4951.129996744791,4954.342472330729,4947.917521158854,4961.5,4941.0498046875,3.2564809148443636,49066.0,0.4227392561608805,726.156990456538,383372.8618722744,63.1396890651075,4954.637393817082,4950.8267749023435,4944.177039530708,42.93435072215954,1.295178891841277,0.7108413652452715
464,4961.2001953125,4962.2998046875,4958.14990234375,4960.10009765625,4960.10009765625,377.0,4945.189033203125,4947.634607937335,70.20247364274934,0.6016034571152893,-14.28390246995783,10.456857479319297,4.401865412714869,4.073301874437152,0.32856353827771745,36.96902094079193,4956.7108947223305,0.14435643529217612,0.5617558944829196,0.012037981781223476,24.74666796162372,98.80766656502475,-1.5748046874996362,4954.8624267578125,4948.64990234375,100.0,16.0,84.0,4952.525,4964.824944823341,4940.225055176658,0.8079321803897558,0.4967140932490526,4951.995825195312,4955.28330078125,4948.708349609375,4962.2998046875,4941.0498046875,3.320296731194766,49443.0,0.37779286705186266,627.811251306497,1403374.0648224119,63.14729729422169,4955.3019078819625,4950.7615258789065,4944.335477920016,44.48902310141805,1.25,0.6882441055170804
465,4959.9501953125,4960.0,4959.2001953125,4960.0,4960.0,80.0,4945.633037109375,4948.119525273127,69.86907477471522,0.5386078627976557,-14.982822242015523,10.659963809743203,4.372759756170126,4.133193450783747,0.23956630538637924,37.433950445821054,4956.890653725641,0.18278924914389658,0.47765978562921785,0.01226761841964444,24.68474943036193,85.6497191278232,-1.375,4954.8624267578125,4948.64990234375,96.0,12.0,84.0,4953.375,4965.267377502303,4941.482622497697,0.778539762075202,0.4801727106186442,4952.851668294271,4956.041634114584,4949.661702473959,4962.2998046875,4941.64990234375,3.1474114178058543,49363.0,0.3832875202316044,536.9799564769975,-624603.3310890198,63.14568284847617,4955.733716164361,4950.611525878906,4944.49134381136,45.93264745358666,1.2205339420404921,0.7428741564112743
466,4960.0,4961.5,4960.0,4961.2001953125,4961.2001953125,207.0,4946.117041015625,4948.632492725651,71.61003656621864,0.7327758635748463,-8.940055577610163,10.741129078583981,4.3958662353034015,4.185728007687678,0.21013822761572332,38.317320909406014,4957.1181695450105,0.18578746592285944,0.47200303574816693,0.012464541587755897,24.621211846237475,94.12807224601634,2.605175781250182,4954.8624267578125,4948.64990234375,100.0,8.0,92.0,4954.34501953125,4965.440721317281,4943.249317745219,0.808911320502528,0.4479180090320312,4953.789176432292,4956.986637369792,4950.591715494792,4962.2998046875,4941.7998046875,3.029739173676865,49570.0,0.3957352627215509,495.76002407849785,833262.5679347826,63.19577164478413,4956.781416387678,4950.508276367187,4944.657601040228,47.49444673603432,1.2651368876884788,0.7931338519403118
467,4959.2001953125,4959.7001953125,4957.85009765625,4959.0,4959.0,348.0,4946.52404296875,4949.03906163837,64.2778712278193,0.0,-27.271993543179985,10.447506893381615,4.188360104450112,4.186254427040165,0.0021056774099470488,36.98001012946005,4957.134356672125,0.04135213400849541,0.3435382435005978,0.01251980850647722,24.517242824578076,63.05978407208652,3.137475585937864,4954.8624267578125,4948.64990234375,96.0,4.0,92.0,4955.112524414062,4965.222668104732,4945.002380723392,0.6922561985704172,0.40806918675840453,4954.580021158855,4957.777482096355,4951.382560221355,4962.2998046875,4941.85009765625,3.0526219224320887,49222.0,0.388745262906046,315.5560251029982,-1049905.7070962314,63.041440446967655,4957.90566901961,4950.359025878906,4944.800311477638,47.51477162207207,1.1247065857655343,0.7811683422649365
468,4958.0498046875,4958.39990234375,4955.10009765625,4956.2998046875,4956.2998046875,150.0,4946.8100390625,4949.323796659905,56.61629033790853,0.0,-49.79333819596402,9.549429859834163,3.762653280653467,4.101534197762826,-0.33888091710935875,33.40771880233005,4957.1205232386565,-0.03933233121565068,0.2575647082448187,0.012346740813043454,24.53822069052245,23.487246885667567,2.662377929687864,4954.8748779296875,4948.64990234375,92.0,12.0,80.0,4955.737524414062,4964.417323191293,4947.0577256368315,0.5323901675527819,0.35029291743036345,4955.2500162760425,4958.507462565105,4951.99256998698,4962.2998046875,4941.85009765625,3.113141952526225,49072.0,0.37589533396504254,212.61526482042706,-4455058.574676514,62.95976484767848,4957.927198967639,4950.165524902343,4944.914734295647,46.04375209029872,1.042191149581999,0.7846264413371804
469,4956.2998046875,4959.14990234375,4956.2998046875,4959.14990234375,4959.14990234375,339.0,4947.209033203125,4949.709134137704,61.79295046876779,0.2976845852040365,-37.27824328228836,8.542084099264684,3.613601271275911,4.003947612465443,-0.3903463411895318,31.87339667557319,4957.190494689301,0.015125847345339935,0.20895401927777524,0.01211654884449765,24.57951887141788,47.66598178881536,1.5523925781253638,4955.1873779296875,4948.64990234375,88.0,8.0,80.0,4956.347509765625,4964.140841041524,4948.554178489725,0.6797942676190081,0.3144788076519739,4955.8975016276045,4959.042447916667,4952.752555338542,4962.2998046875,4944.25,3.0943530742207805,49411.0,0.37054704084806533,320.2678134844732,819595.1976607331,63.15470525555192,4958.420792938343,4949.978024902343,4945.056377758812,44.88558853098262,1.0731794493381912,0.864225430060416
470,4959.7001953125,4959.7001953125,4955.5,4957.4501953125,4957.4501953125,471.0,4947.562041015625,4950.012705164166,57.39457006076538,0.04475508737578604,-57.39381681594915,7.632519531250182,3.3200528252955337,3.8671686550314615,-0.5471158297359278,29.180242965787052,4957.192233178354,-0.009070514534539307,0.05888720990550078,0.011767219418092256,24.70575228780623,28.183520481494895,-0.9248291015628638,4955.1873779296875,4948.64990234375,84.0,4.0,80.0,4956.875024414063,4963.356895397209,4950.393153430917,0.5443676601966216,0.26153053894725986,4956.455843098958,4959.623299153646,4953.288387044271,4962.2998046875,4946.89990234375,3.1733418055264386,48940.0,0.3462844377466353,160.14926702686992,-111252.43646577158,62.99327395634066,4958.39380851134,4949.791025390625,4945.179699326511,43.404752189615614,0.9434019711766165,0.8845147612711157
471,4955.9501953125,4958.0,4955.9501953125,4956.2998046875,4956.2998046875,147.0,4947.904033203125,4950.259258086649,54.56373916963635,0.0,-71.00837908119041,6.420917107077003,2.9604603140542167,3.6858269868360125,-0.7253666727817958,26.076035878679992,4957.17898009545,0.007054335923929825,-0.0877705483999468,0.011284726829269036,24.836497052091172,-4.508626062520354,0.639892578125,4955.33740234375,4948.64990234375,80.0,4.0,76.0,4957.260009765625,4962.531924933363,4951.988094597887,0.4089320438992454,0.21269472076723378,4956.888346354167,4960.063297526042,4953.7133951822925,4962.2998046875,4946.9501953125,3.093089154238836,48793.0,0.3105831434760466,113.11259718374566,-871515.5984268707,62.959162182099355,4958.211186876041,4949.6127734375,4945.290347141048,42.029689872631955,0.9109861059137384,0.9987566543136852
472,4957.0498046875,4957.0498046875,4954.7001953125,4956.0,4956.0,179.0,4948.27703125,4950.484385220506,53.81874232687782,0.0,-74.55648656457672,5.432799574908131,2.6210748066532688,3.472876550799464,-0.8518017441461954,23.35104549013714,4957.170354431294,-0.03832070798468235,-0.0945271770311058,0.010699921254756177,24.9575331272086,-45.13160525424333,0.4874023437496362,4955.27490234375,4948.64990234375,76.0,4.0,72.0,4957.4125,4962.34227699773,4952.482723002271,0.35673794162991745,0.1988850836088091,4957.120841471355,4960.065787760417,4954.175895182292,4962.2998046875,4950.0,3.0399834557217766,48614.0,0.24110027773117723,89.28722057713915,-1444022.2159444287,62.94833454027436,4958.126406662424,4949.438774414062,4945.396910851088,40.10174626384278,0.8863154481279154,0.9808426251590212
473,4955.9501953125,4956.2998046875,4951.7001953125,4954.2001953125,4954.2001953125,559.0,4948.614033203125,4950.630103263329,49.45340184610766,0.0,-76.41422517044407,4.543831858915837,2.1817305188706086,3.214647344413693,-1.0329168255430843,19.66908918800337,4956.880873854226,-0.07462246322280601,-0.08966859227728796,0.009979833710545156,25.183674263160736,-130.00356346702827,-1.025195312499818,4954.3375244140625,4948.64990234375,72.0,8.0,64.0,4957.575,4961.80685304017,4953.34314695983,0.10126159208917826,0.17072270374809786,4957.2583414713545,4960.283268229167,4954.2334147135425,4962.2998046875,4950.2001953125,3.1513853070987925,48055.0,0.3128686912889549,-67.1953566928093,-1542802.7867844366,62.74532993569153,4957.800343279725,4949.245524902344,4945.484505721351,37.47374628393009,0.8617573730617208,0.9514259653390088
474,4954.2998046875,4954.2998046875,4948.64990234375,4951.10009765625,4951.10009765625,618.0,4948.849033203125,4950.648534415993,42.98578711943942,0.0,-82.04972276873546,3.015159696691626,1.5653506453918453,2.8847880046093235,-1.3194373592174782,14.269574783646338,4956.039850371618,-0.10994960700477804,-0.1964281537273982,0.009058331391978341,25.332142541685236,-240.19666737826117,2.469995117187864,4953.574951171875,4948.64990234375,68.0,4.0,64.0,4957.530004882812,4962.009874187103,4953.050135578521,-0.21764451034352317,0.1807298916952148,4957.255834960937,4960.4732666015625,4954.038403320313,4962.2998046875,4948.64990234375,3.329850809716736,47437.0,0.274348909172742,-331.29035595990797,-2308548.7120359847,62.35861557695909,4957.073062703751,4949.051025390625,4945.5403822580165,36.060303455764924,0.8047648008233725,1.0011929545507707
475,4950.10009765625,4950.89990234375,4946.35009765625,4949.64990234375,4949.64990234375,868.0,4949.04203125,4950.609372373944,40.32874474942853,0.0,-79.31118934639522,1.0252872242645026,0.9489080911525889,2.497612021917977,-1.548703930765388,8.928916803770349,4955.005674752576,-0.20867132371471775,-0.3662761079979622,0.007966679510676443,25.44115123831797,-273.6073614373682,2.935107421874818,4953.1500244140625,4948.64990234375,64.0,4.0,60.0,4957.164990234375,4962.81195876509,4951.51802170366,-0.1654090464423047,0.22783056613363764,4956.968326822916,4960.078238932291,4953.858414713542,4962.2998046875,4946.35009765625,3.431290037594112,46569.0,0.2233177209601289,-463.78738100134973,-1493810.700930758,62.104375204835385,4955.801384992521,4948.857275390625,4945.581273005138,35.38115643135759,0.7058562122673719,1.0721323202653341
476,4949.0,4951.89990234375,4947.60009765625,4950.85009765625,4950.85009765625,182.0,4949.29703125,4950.618812581093,43.444467495022884,0.0996033911848232,-71.78631562834839,-0.6307631548706922,0.5508685867926033,2.1082633348929023,-1.557394748100299,5.4473114028928435,4954.333118966938,-0.18648817196997328,-0.2989664503265448,0.006839793567626936,25.612412580199553,-185.87455510460612,3.205004882812318,4953.675048828125,4948.64990234375,60.0,96.0,-36.0,4956.794995117188,4963.046458342406,4950.543531891969,0.024519520729507263,0.2522381188399699,4956.61582845052,4959.778230794271,4953.45342610677,4962.2998046875,4946.35009765625,3.4933267983016756,46751.0,0.20982459174815585,-366.3269627332998,2657846.3040865385,62.14850671942423,4955.548704194994,4948.666276855469,4945.63369912107,34.31645975513771,0.7478993306341681,1.046865780960713
477,4952.4501953125,4952.4501953125,4945.9501953125,4952.14990234375,4952.14990234375,748.0,4949.581025390625,4950.6788553168835,46.6908961906781,0.2033851887739084,-62.08039660733485,-2.15911218979727,0.3364246927867498,1.753895606471672,-1.4174709136849222,3.5088176926652572,4954.137227686754,-0.15826809790826613,-0.3702318552243946,0.005775658775752925,25.634484339751722,-150.18565732960496,4.717700195312318,4953.47509765625,4948.64990234375,56.00000000000001,92.0,-35.99999999999999,4956.482495117188,4963.000961147615,4949.96402908676,0.16766776468470157,0.2630279048437746,4956.183333333333,4959.425740559896,4952.940926106771,4962.2998046875,4945.9501953125,3.7080891698515557,47499.0,0.3593331110801547,-175.10112430711413,-477771.4530414439,62.34488792408048,4954.115332654758,4948.502026367188,4945.6985369640815,33.77435929590938,0.7306404713624364,1.100872326586831
478,4951.89990234375,4953.0,4951.4501953125,4951.89990234375,4951.89990234375,112.0,4949.8190234375,4950.726739514016,46.1422702677385,0.1858467211763162,-61.73773786346794,-2.8023293887863474,0.14463617534238438,1.4320437202458145,-1.2874075449034301,1.7780797884326829,4954.0083876175,-0.18746054588841654,-0.31785977041613334,0.004778155457321201,25.560297200325714,-88.14103386637159,2.8175048828125,4953.47509765625,4948.64990234375,52.0,88.0,-36.0,4956.1824951171875,4962.959561004877,4949.405429229498,0.1840378384680734,0.273479271369306,4955.889998372396,4959.027400716146,4952.752596028646,4962.2998046875,4945.9501953125,3.55392599254073,47387.0,0.35671832184772156,-154.08667797752642,4185721.278190613,62.339233814137906,4953.613843306439,4948.345776367188,4945.760242092238,33.02261730907155,0.8245467280771596,1.142406498493293
479,4951.89990234375,4953.9501953125,4950.85009765625,4951.75,4951.75,875.0,4950.047021484375,4950.766867376212,45.7948033904554,0.17473890378443335,-62.701752182377696,-2.9106632008270026,-0.019231780849622737,1.141788620026727,-1.1610204008763498,0.26068180011779785,4953.602647741207,-0.14619883040935672,-0.27246960830625966,0.0038529118758212667,25.557750517091396,-75.81490259383185,0.3273193359373181,4953.050048828125,4948.64990234375,48.0,84.0,-36.0,4955.972485351563,4963.020237872216,4948.924732830909,0.20043745582802983,0.28441451365940856,4955.696671549479,4958.809073893229,4952.584269205729,4962.2998046875,4945.9501953125,3.5215096828056778,46512.0,0.2922197586812233,-150.81208837805838,62019.2527770996,62.31274609157327,4953.3137958848065,4948.187275390625,4945.819841673409,31.896847423819555,0.8015598337976844,1.074029442103944
480,4953.4501953125,4953.5,4946.2001953125,4952.2998046875,4952.2998046875,1258.0,4950.274013671875,4950.82698256489,47.36051153701775,0.29361266240478384,-53.82102272727273,-2.886971507353337,-0.10354012723018968,0.8927228705753438,-0.9962629978055335,-0.603582473634139,4953.451872330192,-0.0807053680694807,-0.3755654934389787,0.0030299875939171607,25.535144894383404,-94.04954109757766,3.457421875000364,4952.8125,4948.6748046875,44.0,80.0,-36.0,4955.69248046875,4962.855715356316,4948.529245581183,0.2631882917075311,0.28909117810671237,4955.402506510417,4958.677408854167,4952.127604166667,4962.2998046875,4945.9501953125,3.791387897426701,47770.0,0.31773623742162554,-30.459747627621468,-1479718.4728855926,62.452424850976605,4952.598819770883,4948.058774414062,4945.88431891733,32.05622610176164,0.7254059010267544,1.100971394465733
481,4950.2001953125,4958.10009765625,4950.0,4958.10009765625,4958.10009765625,461.0,4950.58701171875,4951.112202764552,60.366841025250864,0.9335587134150507,-11.637073863636363,-2.3600557215067965,0.2942877029108786,0.7730358370424508,-0.47874813413157224,2.783848714760366,4953.533718884842,-0.02116904526325874,-0.15441815933298764,0.002533751547219139,25.68884484809967,2.0020169202904037,1.7477050781253638,4953.0750732421875,4948.6748046875,40.0,76.0,-36.0,4955.702490234375,4962.878583538554,4948.526396930195,0.6670552012248019,0.2896095283492389,4955.301676432291,4958.909098307291,4951.694254557291,4962.2998046875,4945.9501953125,4.099152880199794,48231.0,0.33957993288077687,355.88236754686017,7379612.720969441,62.99236289270472,4952.471925755459,4947.968273925781,4946.005868954534,30.494761166085144,0.8586508158136195,1.013068975146607
482,4958.10009765625,4959.0498046875,4953.5,4959.0,4959.0,842.0,4951.04701171875,4951.421528146335,61.93815531652274,1.0,-5.092329545454546,-1.3384894875925966,0.6744095493559144,0.7533105795051436,-0.07890103014922922,6.029635235904534,4953.6992122929105,0.03126213328306177,-0.015118790496760348,0.002308202857611554,25.764861107994534,38.014953983802435,0.4748046875001819,4953.3125,4948.6748046875,36.0,72.0,-36.0,4955.825,4963.137141021204,4948.5128589787955,0.7171046750051099,0.2950927856090277,4955.310847981771,4959.128255208334,4951.493440755208,4962.2998046875,4945.9501953125,4.2027708664355234,49073.0,0.4347508766077335,413.2874255312373,1466449.2244675155,63.14518711135965,4952.909025767446,4947.878273925781,4946.135163790807,28.744488251019387,0.9713550973476078,0.9864738878443682
483,4959.0,4960.0,4959.0,4959.89990234375,4959.89990234375,239.0,4951.416005859375,4951.754013408979,63.49670662256419,1.0,-0.712448738444429,-0.3276223575367112,1.0363273134580595,0.8099139262957269,0.2264133871623326,9.178291447069846,4954.201168212682,0.07263680160843276,0.05820292175305175,0.0023046404338652577,25.684795934985562,87.06502046236714,0.1800048828126819,4953.550048828125,4948.6748046875,32.0,68.0,-36.0,4955.819995117187,4963.120827052028,4948.519163182346,0.7794138574189458,0.2946366874516932,4955.3275146484375,4959.089916992188,4951.565112304687,4962.2998046875,4945.9501953125,3.974001518832986,49312.0,0.3854227793889211,384.97160190623913,1349413.245292887,63.188558085377835,4952.884353933087,4947.8027734375,4946.272126363473,26.820264083694052,1.0409845907544526,0.9827816690014008
484,4959.2001953125,4960.0,4956.25,4957.0,4957.0,1204.0,4951.747001953125,4951.959738373333,55.59629379660536,0.6589940509562159,-21.352609995134497,0.46440716911820346,1.0767398782709279,0.8632791166907672,0.2134607615801607,9.46438796585941,4954.445079829787,0.020177562550443905,0.017338290202656426,0.002331092230543345,25.61234585094711,53.00876117614933,-1.464794921875182,4953.550048828125,4948.6748046875,28.000000000000004,64.0,-36.0,4955.664990234375,4962.723365942831,4948.606614525919,0.5945691913243913,0.284860890409872,4955.205851236979,4958.948258463542,4951.463444010416,4961.5,4945.9501953125,3.9580014103449157,48108.0,0.28241098421290545,-168.8075443482236,-428259.96677740867,62.48461597150068,4953.32582248578,4947.7227734375,4946.378871374783,25.802156444313788,1.0090804254735772,0.9917421352709208
485,4958.9501953125,4959.9501953125,4956.75,4958.9501953125,4958.9501953125,361.0,4952.11400390625,4952.233873939575,59.266804425832376,0.8174245011324632,-7.472023354417182,1.8555764590992112,1.2517027402664098,0.9409638414058957,0.3107388988605141,10.895954189825911,4955.22745814514,0.09587824094178295,0.044571419526903466,0.002448845918521149,25.506533332838984,71.97734395571709,-4.512402343750182,4953.550048828125,4950.39990234375,24.0,60.0,-36.0,4955.6125,4962.555820480171,4948.669179519829,0.7403529638327834,0.2802204764868427,4955.1466878255205,4959.009114583333,4951.284261067708,4961.5,4945.9501953125,3.9038724033559933,48469.0,0.28005371470590656,-44.11782261097737,199544.72697672748,62.626641492544195,4953.4883690403585,4947.650773925781,4946.503959175157,24.856770779174973,1.0097183421837779,0.9651469226568744
486,4958.9501953125,4959.89990234375,4958.14990234375,4958.7998046875,4958.7998046875,347.0,4952.492001953125,4952.491361419886,58.86271739469317,0.7999828706018224,-8.54243414193369,2.5976102941176578,1.3625205140197068,1.025275175928658,0.33724533809104873,11.907266243682155,4955.762113221945,0.15551507502130454,0.103107942875866,0.0026119820500157343,25.438646174543436,84.58655705569265,-5.842578124999818,4953.612548828125,4950.39990234375,20.0,56.00000000000001,-36.00000000000001,4955.49248046875,4962.12116020094,4948.86380073656,0.7494708111095829,0.26752859613109425,4955.049178059896,4958.924104817708,4951.174251302084,4960.0,4945.9501953125,3.750024374544851,48122.0,0.2555359881424636,-45.27035464869489,340319.3668948127,62.616117985588176,4953.656742972293,4947.585773925781,4946.626305896673,23.97891266154607,1.0531842628924886,0.9500763200166226
487,4958.7998046875,4959.9501953125,4958.7998046875,4959.2998046875,4959.2998046875,273.0,4952.817998046875,4952.758359195087,59.843016060061096,0.8422955552797365,-4.983665809411274,2.986012178308556,1.4737022967165103,1.1149606000862287,0.35874169663028166,13.023269718855135,4956.24888196848,0.1949613110854688,0.18647039392887088,0.002813111838134258,25.375061459679937,92.12092776322729,-4.657373046875364,4953.612548828125,4950.4248046875,16.0,52.0,-36.0,4955.507470703125,4962.169084700676,4948.845856705575,0.7846407781784687,0.26885698536158903,4955.074169921874,4958.914111328124,4951.234228515625,4960.0,4945.9501953125,3.564336249577362,48395.0,0.24565489966123197,-19.303161127452768,147527.1287855211,62.643644807677425,4953.81471360376,4947.537023925781,4946.752410362254,23.143681354713372,1.1196778100570015,0.9332074161281306
488,4959.2001953125,4959.9501953125,4959.2001953125,4959.25,4959.25,528.0,4953.18099609375,4953.012933344299,59.690430855819336,0.835709511799637,-5.338152498783624,2.75178366268392,1.5400431793495954,1.199977115938902,0.34006606341069334,13.892109120885483,4956.691578336889,0.16966585895473876,0.3071219638625592,0.0030235828623695954,25.256787892998503,88.27880407236718,-3.505078125000182,4953.612548828125,4951.099853515625,12.0,48.0,-36.0,4955.65498046875,4962.508141126985,4948.801819810516,0.7622891619307152,0.2765794101988268,4955.2175130208325,4958.929964192708,4951.505061848958,4960.0,4945.9501953125,3.3633122317504074,47867.0,0.19761010811873417,-20.302263109245228,28436.83416193182,62.63834226981204,4954.3579207872635,4947.489772949219,4946.876764488003,22.368109426940155,1.1962103821090047,0.8890884182464455
489,4958.85009765625,4959.75,4958.0,4958.5,4958.5,915.0,4953.4719921875,4953.2281124288365,57.320243360227146,0.6919813681129601,-10.676304997567248,2.746639476103155,1.5146402448963272,1.2629097417303872,0.25173050316594003,13.990886423845742,4956.907817277354,0.12822910819489997,0.4120603015075376,0.0031957855354628395,25.04254702426375,72.31998839365286,-3.722583007812318,4954.5625,4951.64990234375,8.0,44.0,-36.0,4955.622485351562,4962.414945783628,4948.830024919496,0.7118168134519732,0.27413147196518806,4955.24501953125,4958.9024658203125,4951.587573242187,4960.0,4945.9501953125,3.248075643768235,46952.0,0.12207902030079834,-115.43765409363876,-133917.1362704918,62.49996449091402,4955.4002682182445,4947.429272460938,4946.9924185726995,22.052938613008255,1.2341688913316582,0.8221085898241206
490,4958.9501953125,4959.39990234375,4958.0498046875,4958.35009765625,4958.35009765625,164.0,4953.789990234375,4953.428974594617,56.83448336173019,0.6236436741587396,-11.743240425384027,2.759830250459345,1.4655187817079423,1.3034315497258984,0.1620872319820439,13.946195604841725,4957.059046728985,0.13025698095082863,0.38353834757478056,0.0033227946547738666,24.91651348881252,67.26632526438415,-3.91748046875,4955.237548828125,4951.64990234375,4.0,40.0,-36.0,4955.66748046875,4962.5194356288175,4948.8155253086825,0.6957556000317993,0.276530061271157,4955.297509765625,4958.812451171875,4951.782568359375,4960.0,4945.9501953125,3.1125057875169326,46788.0,0.12024560505402303,-102.45855841954751,-123605.13210296631,62.49500654307192,4955.578766464075,4947.3865234375,4947.105430304875,21.760280000071493,1.2232829405197867,0.8397445929450061
491,4958.14990234375,4960.2001953125,4958.14990234375,4958.2998046875,4958.2998046875,330.0,4954.095986328125,4953.619987539436,56.66099057682704,0.6138428757571043,-13.57421875,2.786183076746056,1.4063202613988324,1.3240092920604851,0.08231096933834725,13.864766820922053,4957.066791086481,0.1322725236027667,0.471060944958148,0.0034055932257187446,24.857007239867873,69.0564195381611,-3.467675781250364,4955.97509765625,4951.64990234375,68.0,36.0,32.0,4955.76748046875,4962.711193372563,4948.823767564938,0.6823465524733372,0.2802275502706042,4955.4041748046875,4958.919140625,4951.889208984375,4960.2001953125,4945.9501953125,3.0366334433192947,46458.0,0.1015441246699387,-90.19257574354073,279706.7526615027,62.49165932487218,4956.226915061822,4947.3597729492185,4947.216817114653,21.087392791739564,1.2880646574584362,0.8170037125002882
492,4958.10009765625,4959.9501953125,4957.4501953125,4958.10009765625,4958.10009765625,924.0,4954.374990234375,4953.795678132253,55.93087455518077,0.5725978179758631,-15.000697544642858,2.6313677619482405,1.3279821673659171,1.3248038671215716,0.003178300244345511,13.615081634450894,4957.085851101317,0.1171232194638105,0.2990753270184935,0.0034406894201225893,24.85472386981583,56.91751860589559,2.227612304687682,4955.650146484375,4951.64990234375,64.0,32.0,32.0,4955.872485351562,4962.890209506238,4948.854761196887,0.6587132990403745,0.28320842295350057,4955.533349609375,4959.055834960937,4952.0108642578125,4960.2001953125,4945.9501953125,2.9983024830822025,45534.0,0.055957380139548436,-103.66925019089206,-128477.68279897186,62.454443080565895,4956.520553984873,4947.362524414062,4947.325108463326,20.731213762317612,1.1385656292286874,0.8394903022101939
493,4958.0,4959.5498046875,4955.10009765625,4956.5498046875,4956.5498046875,658.0,4954.67298828125,4953.903683095204,50.491702063175886,0.19404763697749386,-26.07421875,2.145286649816626,1.127802373481245,1.2854035683935063,-0.15760119491226132,11.964687685175678,4957.03466275867,-0.0312678836291111,0.2205940247583219,0.0033744916409470613,24.922774395628892,26.74207961123786,3.010034179687864,4955.3626708984375,4951.64990234375,60.0,28.000000000000004,31.999999999999996,4955.989965820312,4962.970344547186,4949.009587093438,0.5401008948864433,0.28169462710840804,4955.683341471354,4959.198331705729,4952.168351236979,4960.2001953125,4945.9501953125,3.1019742365227594,44876.0,0.03215209738371963,-234.5868963689789,-930005.0945629827,62.24870040628631,4957.00906062971,4947.3657739257815,4947.416896485457,21.205549109601407,1.0951839377105113,0.8745899129521894
494,4958.64990234375,4959.14990234375,4957.14990234375,4958.35009765625,4958.35009765625,289.0,4954.964990234375,4954.078052293676,55.85990115576481,0.4127794856260642,-18.13786500718047,1.933358226103337,1.1017270182455832,1.2486682583639217,-0.14694124011833853,11.915627923445289,4957.076436180407,-0.013105512074006856,0.4155025116415503,0.0033076540893167265,24.91681861052658,44.848920592335986,3.547436523437682,4955.3626708984375,4951.6748046875,56.00000000000001,24.0,32.00000000000001,4956.352465820312,4963.025691763948,4949.679239876677,0.649675123606658,0.26927971687466756,4956.026676432291,4959.359171549479,4952.694181315104,4960.2001953125,4945.9501953125,3.0661259093604194,45165.0,0.045143796480678344,-126.7481014635891,570900.464965398,62.353669525627495,4958.1142657183145,4947.385524902344,4947.525684556809,21.646003360650642,1.259059631625906,0.8435571199843557
495,4958.35009765625,4959.14990234375,4957.4501953125,4957.60009765625,4957.60009765625,273.0,4955.2569921875,4954.2161717196595,53.26856145600087,0.21352236980342837,-38.80629645824224,1.815309053308738,1.0089132553885065,1.2007172577688388,-0.19180400238033224,11.161468677429516,4957.097620573334,-0.046367965740866074,0.25335099183536847,0.0032072364772594095,24.76440626877923,37.44097794707879,0.2500244140628638,4955.3626708984375,4951.6748046875,52.0,20.0,32.0,4956.749975585937,4962.685153262123,4950.814797909751,0.5716172384968234,0.23947859809024807,4956.481681315105,4959.6716715494795,4953.29169108073,4960.2001953125,4945.9501953125,2.968524560923961,44892.0,-0.00848840663156314,-137.89122982593352,93481.69787899479,62.312375547597014,4958.282806580633,4947.403525390625,4947.625927473221,22.05499659376779,1.2041740041623612,0.9508230123269927
496,4957.60009765625,4957.60009765625,4952.25,4957.0498046875,4957.0498046875,682.0,4955.5619921875,4954.327294581143,51.38500780039541,0.0686893828556672,-39.6265815010441,1.032950367646663,0.8808003182602988,1.1367338698671308,-0.25593355160683195,10.006232552306958,4957.095081253524,0.0010047344664111358,-0.0809493133436795,0.0030606863362664175,24.86602635894055,-30.7647116333198,1.8902343749996362,4954.650146484375,4951.6748046875,48.0,16.0,32.0,4957.0599609375,4962.341839197755,4951.778082677246,0.4990385759099383,0.21310528022160474,4956.75751139323,4960.0000162760425,4953.515006510417,4960.2001953125,4945.9501953125,3.1386369248758212,44210.0,0.03094545176573281,-171.80674052044304,-2647592.3152263565,62.23667363592714,4958.160203037675,4947.434523925781,4947.719697395751,23.839355451078827,0.9445257825539516,1.025475095897631
497,4955.10009765625,4959.14990234375,4953.64990234375,4958.89990234375,4958.89990234375,1313.0,4955.8669921875,4954.5066125326175,56.902530979837884,0.6855538076036538,-16.355484584203413,0.6478932100189922,0.9179754618271545,1.0929821882591355,-0.175006726431981,10.52648765771585,4957.111640501954,-0.0010141858008080008,-0.16380711576666063,0.0029564690634514704,25.105310598533205,4.193072389816064,1.40234375,4954.650146484375,4951.974853515625,44.0,12.0,32.0,4957.3974609375,4962.224256432757,4952.570665442243,0.6556354943695384,0.1947310270475791,4957.110001627604,4960.302506510417,4953.917496744792,4960.2001953125,4946.2001953125,3.3073057159561197,45523.0,0.07221917065015294,199.76253993337022,617798.5023562453,62.726718787452306,4957.970252849421,4947.472023925781,4947.8309432161295,24.656571099326186,0.842797801800872,1.0066049175675327
498,4958.85009765625,4959.14990234375,4955.75,4956.5,4956.5,299.0,4956.12099609375,4954.584784590162,49.11543479292967,0.0,-46.54219383368137,0.7545079848341629,0.7451948265234023,1.023424715911989,-0.2782298893885866,8.604320539248103,4957.079489535067,-0.046378252361106,-0.0360021353888621,0.0027847295014171336,25.17396031399568,-9.256665799219741,1.6723388671871362,4954.650146484375,4952.0498046875,40.0,8.0,32.0,4957.627465820313,4961.775091996465,4953.479839644161,0.36408299923512655,0.16732302718375,4957.360831705729,4960.645841471354,4954.075821940104,4960.2001953125,4946.2001953125,3.31391976079854,45224.0,0.06130069570844977,68.71491983128163,1194001.16113516,62.58201516065756,4957.972283268442,4947.499772949219,4947.917202487611,25.41541420127016,0.9706644444733793,1.0066665798622414
499,4956.25,4958.5,4955.75,4957.5498046875,4957.5498046875,109.0,4956.33298828125,4954.701059888096,52.19718243045988,0.28727329682157493,-33.33742783441838,0.622324505974575,0.6850782374503979,0.9557554202196707,-0.2706771827692729,7.927741309922324,4957.0862388654905,-0.035287239508002936,-0.06613160426468445,0.002611073684172267,25.050969485575152,-17.414756779184092,1.3325439453128638,4954.650146484375,4952.074951171875,36.0,4.0,32.0,4957.917456054687,4961.073198583712,4954.761713525662,0.44174883346697646,0.12730113225951148,4957.614990234375,4960.882495117187,4954.347485351563,4960.2001953125,4946.2001953125,3.2736397778843584,45333.0,0.10033098381238481,75.24546141788426,-819830.9382167431,62.605101756226524,4957.932091538254,4947.523022460938,4948.01304927567,26.120054224503853,0.9568128204114446,1.022944424676129
500,4958.39990234375,4959.14990234375,4956.7998046875,4957.4501953125,4957.4501953125,396.0,4956.543994140625,4954.808869120426,51.87614542652643,0.2573469792352342,-34.590345166441466,0.6389073988966629,0.6222251393164697,0.8890493640390306,-0.26682422472256084,7.288829121679729,4957.091231633078,-0.03629187251096436,-0.055778907506354836,0.0024345714473944613,24.859493107372945,-12.335771310177543,0.3250244140626819,4954.587646484375,4952.074951171875,32.0,4.0,28.0,4958.174975585937,4960.0257891414285,4956.324162030446,0.3041995447658775,0.07465704879737385,4957.971655273437,4960.991674804687,4954.951635742187,4960.2001953125,4950.0,3.2076724834819044,44937.0,0.012213618208791561,58.8610651439008,504353.2210167008,62.5971451417589,4957.87540340828,4947.5472729492185,4948.106951226285,26.385998459931926,0.9482025211391814,1.0039814286455362
501,4956.5,4959.14990234375,4953.89990234375,4957.10009765625,4957.10009765625,574.0,4956.713994140625,4954.89872121987,50.69594722995462,0.1494574964969838,-38.99398108340499,1.0250617532174147,0.5379623560720574,0.818831962445636,-0.2808696063735786,6.426549767086182,4957.091387679443,-0.02823237559241706,-0.136531624251497,0.0022451959186402404,24.79398738560482,-102.9363359444513,0.2251220703128638,4954.487548828125,4953.27490234375,28.000000000000004,12.0,16.000000000000004,4958.124975585937,4960.03428488227,4956.215666289604,0.23161029183289478,0.07701739289487806,4958.037483723959,4960.914998372396,4955.159969075521,4960.2001953125,4952.25,3.353553020376054,44363.0,-0.019186017723197876,21.744333739414976,-1326174.852324695,62.5566089695796,4957.732167471778,4947.5755224609375,4948.196435270364,27.444104978849484,0.8682634730538922,1.0047950973053892
502,4957.10009765625,4959.14990234375,4957.10009765625,4959.0,4959.0,546.0,4956.834990234375,4955.059555681835,56.48200639446223,0.897835889906568,-15.096425500552758,1.329640107996056,0.6173730421369328,0.7785401783838954,-0.16116713624696266,7.357110653427689,4957.113885381118,0.013107229843596576,-0.06737291019213754,0.0021258185652503845,24.55458246651838,25.732345616512852,0.1748291015628638,4954.3875732421875,4954.125,24.0,8.0,16.0,4958.124975585937,4960.03428488227,4956.215666289604,0.7291468479578987,0.07701739289487806,4958.099153645833,4960.801668294271,4955.396638997396,4960.2001953125,4952.25,3.260428139456336,44909.0,-0.05433803693520093,166.83038316056997,600712.028615204,62.7658737936202,4957.659610222783,4947.610522460937,4948.303933426879,28.426632460701505,0.9372774085248282,1.0046503187169658
503,4959.14990234375,4965.0,4959.14990234375,4961.5498046875,4961.5498046875,1109.0,4957.046982421875,4955.314075250685,62.79284450988935,1.0,-27.06035539215686,2.126696059282949,0.8759570243273629,0.798023547572589,0.07793347675477391,10.246608713619237,4957.48924426816,0.06554666171915421,0.13530504800247756,0.0021547843685135694,24.620040507528138,265.8745177426427,-0.1073730468751819,4957.112548828125,4955.47509765625,100.0,4.0,96.0,4958.207470703125,4960.517028688431,4955.897912717819,1.2235873716181664,0.09316100622867275,4958.212483723959,4961.157503255208,4955.267464192709,4965.0,4952.25,3.4561118437808838,46018.0,-0.08470661541782722,546.9593853429885,2083642.9299267698,63.336096297842296,4958.142884070421,4947.630021972656,4948.4357331409155,26.568571116068487,1.0084546299163828,0.8731495819139052
504,4961.5498046875,4965.0,4961.5498046875,4965.0,4965.0,191.0,4957.306982421875,4955.693915436933,69.28378125085274,1.0,-0.0,3.189770507812682,1.3437981518354718,0.9071784684251656,0.4366196834103062,15.213529091569566,4958.318924476817,0.1391642404922737,0.18421286732364017,0.0024136183324216937,24.68733724356986,305.3446924474074,-2.057666015624818,4957.112548828125,4955.47509765625,100.0,4.0,96.0,4958.607470703125,4962.299374255156,4954.9155671510935,1.365749769296909,0.14890888515956094,4958.51748046875,4961.447509765625,4955.587451171875,4965.0,4952.25,3.455689234403678,46209.0,-0.004209368206297114,562.9633738207759,2167573.774048171,63.46891514087092,4958.27483394333,4947.682272949219,4948.600551716628,24.843228438909257,1.0556681262417096,0.8714552589180694
505,4965.0,4965.0,4961.39990234375,4964.0,4964.0,900.0,4957.447978515625,4956.019644243328,65.70589721823552,0.8225990395354569,-7.8431372549019605,4.0517061121317965,1.6152543269272428,1.048793640125581,0.5664606868016617,17.97385919800128,4958.893613464579,0.1503101069508918,0.15799511236762653,0.002771184194220531,24.581221882374983,215.8990407828276,-0.5098632812496362,4957.4625244140625,4955.47509765625,96.0,72.0,24.0,4958.8599609375,4963.238034597873,4954.481887277127,1.0870206238218467,0.1765758135886277,4958.7633056640625,4961.713330078125,4955.81328125,4965.0,4952.25,3.466004121678415,45309.0,0.020457327010585342,353.9686061320937,-29981.282022264266,63.28764625869571,4958.816020691197,4947.729772949218,4948.753780057757,23.297564012496036,1.0490679955915472,0.8910728832239206
506,4964.0,4964.10009765625,4961.85009765625,4964.10009765625,4964.10009765625,324.0,4957.56498046875,4956.3365247693255,65.89574774314806,0.8320123310667494,-7.058057598039215,5.132918772977973,1.817511207888856,1.202537153678236,0.6149740542106199,20.18419280370504,4959.539983448523,0.11596599446896565,0.1686361753970318,0.0031780401025488006,24.29246766100102,166.5115095546241,-1.5248779296871362,4958.4749755859375,4955.47509765625,92.0,68.0,24.0,4959.124975585937,4964.062351481235,4954.187599690639,1.0038224935487383,0.19912286621550815,4958.983317057291,4961.958341471354,4956.008292643229,4965.0,4952.25,3.3791466844156717,45633.0,0.05877702855994038,308.03475391679467,-156148.2747395833,63.29417962707304,4959.045812373922,4947.755522460938,4948.906479735354,21.86230418796947,1.0719906002908517,0.9033544248938199
507,4964.0498046875,4970.0,4964.0498046875,4968.9501953125,4968.9501953125,1499.0,4957.775986328125,4956.831178516117,73.53943252354968,1.0,-5.914392605633803,6.529813878676578,2.342164574863091,1.4304626379152072,0.9117019369478836,25.12751098037423,4961.0870885663535,0.22894338858868143,0.37164424821806064,0.003785306470960263,24.17453529619735,236.50071538352037,-2.557690429687682,4961.5374755859375,4957.97509765625,100.0,64.0,36.0,4959.607495117188,4966.145633677315,4953.06935655706,1.2144770724413871,0.2636554834859236,4959.399153645833,4962.614168294271,4956.184138997396,4970.0,4952.25,3.5627930149931237,47132.0,0.13643531829540448,1302.6435586027883,1607546.955844098,64.75875452356871,4960.718554932482,4947.786022949219,4949.105919691346,22.061175061460087,1.157081922436533,0.7854376742184723
508,4967.89990234375,4969.35009765625,4967.85009765625,4969.35009765625,4969.35009765625,574.0,4958.004990234375,4957.322116521613,74.05575778861586,1.0,-3.6614216549295775,7.331159524355826,2.758427490086433,1.6960556083494525,1.0623718817369805,29.08933204141444,4963.639768497604,0.2481373690681615,0.40900881962294433,0.0045090531201892655,24.12948343220078,200.44080665147902,-1.212597656250182,4961.5374755859375,4957.97509765625,100.0,60.0,40.0,4960.1125,4967.902572939315,4952.322427060685,1.0929082903466438,0.3141087198854863,4959.868318684896,4963.120833333333,4956.615804036459,4970.0,4952.25,3.415450656779329,47706.0,0.22141327631664995,1149.3436138470329,411636.4057055749,64.80495018588968,4961.3318853045175,4947.8077734375,4949.307354297962,22.245840872558517,1.206463264311582,0.7974544446886377
509,4969.0,4970.0,4968.14990234375,4968.39990234375,4968.39990234375,599.0,4958.253984375,4957.756539495031,70.5339469385843,0.8587904875714432,-9.014634683098592,7.8897001378682035,2.9773252763434357,1.9523095419482495,1.0250157343951862,31.130985756246034,4964.745606219026,0.1915747481716654,0.4204799878049942,0.005233434447002418,24.042948210199697,159.99631961782555,-4.107495117187682,4961.5374755859375,4957.97509765625,96.0,56.00000000000001,39.99999999999999,4960.607495117188,4969.1468939254855,4952.06809630889,0.9562620508477911,0.3442884290564543,4960.373315429688,4963.630834960937,4957.115795898438,4970.0,4952.25,3.303639728170091,47107.0,0.22353978010192568,903.8420986992426,146665.3382837872,64.69041468708154,4961.9237337543145,4947.8802734375,4949.497329900408,22.596691924868683,1.20584788635779,0.7853678985527958
510,4970.0,4970.0,4965.64990234375,4967.75,4967.75,2263.0,4958.450986328125,4958.1484399069905,68.1468349721003,0.7630775344193574,-13.761385695087352,8.283083926930885,3.063052696543309,2.1744581728672614,0.8885945236760477,32.02931834948303,4965.346859783622,0.2269746797135075,0.5134239600439207,0.005891237014428721,24.071272163128764,118.8847198926228,-3.527685546874636,4962.3375244140625,4957.97509765625,92.0,52.0,40.0,4961.077490234375,4970.089796093994,4952.0651843747555,0.8701888212384394,0.3633205035542935,4960.833317057291,4964.240836588541,4957.425797526042,4970.0,4952.25,3.378386723032942,44844.0,0.19060975419488219,564.6176554698866,-240283.78569653112,64.39439805540647,4963.56808604828,4947.947272949219,4949.678948508365,21.820651855521028,1.2636790298601732,0.7502550698162526
511,4967.39990234375,4969.4501953125,4966.9501953125,4968.25,4968.25,900.0,4958.65798828125,4958.5445795184805,69.01564270882577,0.7979129989350233,-10.869499287295666,8.76927992876881,3.1351975106999816,2.3666060404338056,0.768591470266176,33.019316036078465,4966.0022972237075,0.21583636542355397,0.49947813866010815,0.006484316572394603,24.14349303337485,109.14063421444213,-4.124804687499818,4962.8499755859375,4957.97509765625,88.0,48.0,40.0,4961.575,4971.00778669895,4952.142213301049,0.8538190893653284,0.38023356288882554,4961.299991861979,4964.729996744792,4957.869986979166,4970.0,4952.25,3.3156448142448744,45744.0,0.2050985538645532,548.2437046884743,104234.48350694445,64.48498232393841,4964.783830313711,4948.032023925782,4949.863735090371,21.10004321969821,1.2783122694251259,0.7788341307650177
512,4969.25,4969.7998046875,4965.10009765625,4965.10009765625,4965.10009765625,1196.0,4958.828994140625,4958.801658661138,58.238721889739764,0.3228953694142211,-30.433991447547992,8.406499885109952,2.9047182178937874,2.474228475925802,0.4304897419679854,30.405944871200802,4965.934949656566,0.15431122940949238,0.4119439611388803,0.006871763136026149,24.377861430289038,75.9315063371535,-4.824902343750182,4963.4124755859375,4957.97509765625,84.0,44.0,40.0,4961.925,4971.33551211919,4952.5144878808105,0.6686995147572917,0.3793089222102172,4961.708317057292,4965.2483072916675,4958.168326822917,4970.0,4952.25,3.414506401173812,44548.0,0.15009687840850597,-68.26013928487907,-294810.00525496877,63.726710658236215,4965.189857201756,4948.095024414062,4950.015340688042,19.678316267836077,1.1894982450141305,0.7775542838752502
513,4965.0,4967.0498046875,4962.60009765625,4962.60009765625,4962.60009765625,1386.0,4958.88099609375,4958.950617053104,51.38103564184807,0.029327652729591126,-45.96184757225609,7.286035156250364,2.491610872043566,2.477704955149355,0.013905916894211057,25.805140720731522,4965.9012321674045,0.11095196569866396,0.30646571828358216,0.006992900829697395,24.72396924171528,31.971038132303946,-3.227514648437136,4963.4124755859375,4957.97509765625,80.0,40.0,40.0,4962.227514648437,4971.310701552544,4953.14432774433,0.5205094870196061,0.3660931256091437,4962.059155273438,4965.599145507813,4958.5191650390625,4970.0,4952.25,3.488449303322111,43162.0,0.06800498996462906,-553.5086908156106,-842747.5437973484,63.02883953140122,4965.136071601935,4948.146525878907,4950.140562150412,19.059523836100933,1.1333372201492538,0.8268715018656716
514,4962.60009765625,4967.9501953125,4961.0498046875,4962.7998046875,4962.7998046875,1503.0,4958.934990234375,4959.101565587786,51.86860038932658,0.050199600567273024,-44.721438752919056,5.9401654411767595,2.1554878899296455,2.413261542105413,-0.2577736521757674,22.362998809462095,4965.824625128031,0.07662441394434362,0.23814275913072136,0.0069246555816501465,25.197173140813337,25.864481819792,-0.9001953124998181,4963.324951171875,4957.97509765625,76.0,36.0,40.0,4962.45,4971.358698899379,4953.54130110062,0.5196327595898739,0.359044379263448,4962.3449869791675,4966.129996744792,4958.559977213542,4970.0,4952.25,3.7321593977276746,44665.0,0.015043559507905972,-431.5560681321306,-149187.62608044004,63.08932388679182,4965.21696837101,4948.185773925781,4950.266524762721,18.958931698832163,1.0748189003038375,0.8366761411731162
515,4964.0,4964.0,4959.10009765625,4959.10009765625,4959.10009765625,1181.0,4958.9169921875,4959.101508021844,43.22125792695324,0.0,-84.49600666187214,4.464596737131615,1.5724463841861507,2.2450985105215606,-0.6726521263354099,16.203951085159904,4965.443469067596,-0.04937382728549055,0.18457772118299054,0.006573260143687548,25.66558558480858,-29.471142427358725,2.475000000000364,4962.8375244140625,4957.97509765625,72.0,32.0,40.0,4962.525,4971.293265203194,4953.756734796805,0.30469897611548785,0.35337918512025474,4962.4783203125,4966.42333984375,4958.53330078125,4970.0,4952.25,3.8155696081578405,43484.0,-0.040235336765884255,-994.0986303855761,-1223918.0915341552,62.208902718124214,4965.1876194028155,4948.2077734375,4950.354421010418,19.405125385917295,1.0927506860125187,0.9081729648295281
516,4959.10009765625,4960.0,4956.5,4956.5,4956.5,933.0,4958.82298828125,4958.999488099418,38.37869432583871,0.0,-100.0,2.4164665670950853,0.8903126691120633,1.9741413422396612,-1.083828673127598,9.276213634227574,4964.64279404159,-0.17119838872104734,0.004472240662450555,0.005932096478630625,26.023619388513918,-85.40409429673673,1.502490234374818,4962.1875,4957.97509765625,68.0,28.000000000000004,40.0,4962.497509765625,4971.337420629407,4953.657598901844,0.16077091398070498,0.3562686266899053,4962.579988606771,4966.432503255208,4958.727473958333,4970.0,4953.64990234375,3.793028921860852,42551.0,-0.12253960757042424,-1198.6404136563867,-1237960.4392751874,61.71972301505109,4964.9595586314945,4948.2350244140625,4950.415571050115,20.441374444384163,0.986583278012648,0.9821110373501974
517,4958.9501953125,4959.5,4956.10009765625,4956.2001953125,4956.2001953125,904.0,4958.7669921875,4958.889711911696,37.852069890506556,0.0,-99.2798679172375,0.5364846622242112,0.3218153654888738,1.6436761468895038,-1.32186078140063,3.750214100202605,4961.821449483669,-0.15712741110999195,-0.16040821187442167,0.005101031830107639,26.268000774976613,-92.42883714051294,1.7375732421878638,4962.0875244140625,4957.97509765625,64.0,100.0,-36.0,4962.362524414062,4971.4956409648885,4953.229407863236,0.16263820968075884,0.3680954991052271,4962.5816650390625,4966.329174804688,4958.834155273437,4970.0,4953.89990234375,3.7649484519957914,41647.0,-0.24301154668837163,-1066.123702776903,-169224.56237067163,61.66504260800988,4964.71144832481,4948.241025390625,4950.473129500488,21.492904060737374,0.9427807143707803,1.103188926245202
518,4956.14990234375,4957.2001953125,4956.10009765625,4957.2001953125,4957.2001953125,1018.0,4958.785,4958.823456358787,40.77143418457561,0.08063720752110216,-92.08557276846875,-1.0550982306986043,-0.04748383667174494,1.3054441501772542,-1.3529279868489992,0.1649682399124641,4960.498614090319,-0.1389960356965348,-0.26004830084526487,0.00420791628151803,26.21637571359006,-99.27588478838909,6.552661132812318,4962.0875244140625,4957.97509765625,60.0,96.0,-36.0,4962.397534179688,4971.445462398108,4953.349605961267,0.21278845600219928,0.3646595483776065,4962.566674804688,4966.199194335937,4958.934155273438,4970.0,4953.89990234375,3.5746019665853774,42665.0,-0.16790468403008565,-768.3917452373455,-124263.74000744174,61.870441897764785,4964.193977553645,4948.237275390625,4950.540065478717,22.469324418779642,0.8930385448412014,1.1530868456864662
519,4957.9501953125,4958.9501953125,4957.0498046875,4958.9501953125,4958.9501953125,806.0,4958.781005859375,4958.828426513834,45.588423311896,0.21368965071079035,-79.49555625812344,-2.34480124080892,-0.19667855247735133,1.005019609646333,-1.2016981621236844,-1.3501907611097006,4960.235069402298,-0.20124975310546644,-0.21116343627621093,0.0033723144569472972,26.144864604350605,-75.63601976148601,6.882543945312136,4962.0374755859375,4957.97509765625,56.00000000000001,92.0,-35.99999999999999,4962.467553710938,4971.385071690388,4953.550035731488,0.30278377870706935,0.3593985404612525,4962.619181315104,4966.209220377604,4959.029142252604,4970.0,4953.89990234375,3.455015442186422,43471.0,-0.12060364485166816,-457.1214959177248,318269.10250831774,62.15497751150373,4963.92336566144,4948.24802734375,4950.6237483626355,22.530289777874607,0.9116740197293411,1.122837456005552
520,4958.9501953125,4960.0,4956.7001953125,4959.4501953125,4959.4501953125,1994.0,4958.821005859375,4958.852809603977,46.916790864223366,0.2503811489931169,-75.89840868373906,-2.9649442784930216,-0.2714416084218101,0.7497273660327045,-1.0211689744545147,-2.169702397072706,4960.125851347573,-0.19921925702959029,-0.18389554919186535,0.002624247870079757,26.1429502485848,-70.34422501775772,5.832348632812682,4962.0374755859375,4957.97509765625,52.0,88.0,-36.0,4962.567553710937,4971.3007226773025,4953.834384744572,0.3215219234596581,0.3519617162625672,4962.6650227864575,4966.30254720052,4959.027498372396,4970.0,4953.89990234375,3.4439289597088205,45465.0,-0.0373159834448721,-249.38985364376416,57936.503870437,62.35602812922159,4963.3148577045,4948.23302734375,4950.711573705421,22.115102138697466,0.8976168519147697,1.081512401106635
521,4959.4501953125,4963.7998046875,4959.4501953125,4962.7001953125,4962.7001953125,1273.0,4958.949013671875,4959.003687474899,54.664349009635956,0.46438029093736055,-52.51694945024063,-2.3561207490811285,-0.06766404133031756,0.5862490845601002,-0.6539131258904177,-0.3843318794644747,4960.275213813646,-0.11471916800741562,-0.22176323731413627,0.0020897964305064964,26.017353064645032,-18.248812134609587,4.902441406249636,4961.5750732421875,4957.97509765625,48.0,84.0,-36.0,4962.84755859375,4971.212935624966,4954.482181562535,0.4911920717559728,0.3371200478132813,4962.928361002604,4966.520865885416,4959.335856119791,4970.0,4956.10009765625,3.508620417943905,46738.0,-0.012212302318938537,377.2729825910592,1118974.543329495,63.19024358397322,4962.81768230939,4948.237778320313,4950.830863472656,20.781263504067248,0.905551600709867,1.1273148380240032
522,4961.39990234375,4962.75,4961.0498046875,4961.60009765625,4961.60009765625,1107.0,4959.061015625,4959.1055074820115,51.90293120229126,0.42992822263894853,-60.43137668177187,-1.6045237821690534,0.005004769895094796,0.4700002216270991,-0.4649954517320043,0.20790428973419145,4960.322653332236,-0.12379653452267124,-0.2740371653669107,0.0016740080952210362,25.700276472170888,-26.485696687230515,5.272436523437136,4961.925048828125,4957.97509765625,44.0,80.0,-36.0,4962.977563476563,4971.178930321658,4954.776196631467,0.4160221798189278,0.3305018707096625,4963.097526041666,4966.672550455729,4959.522501627604,4970.0,4956.10009765625,3.3794471961264834,45631.0,-0.05144118198672798,149.40425572537222,42221.10896468055,62.944851346372644,4962.548725106041,4948.220778808593,4950.938020031697,19.5426990576249,0.860934426393202,1.1349715917601126
523,4961.60009765625,4963.14990234375,4959.0498046875,4959.0498046875,4959.0498046875,1374.0,4959.1580078125,4959.103323058697,46.09020225357533,0.26435134415095257,-78.77893701478905,-0.780019244025425,-0.1415601848557344,0.3476881403305324,-0.4892483251862668,-1.1676267050848252,4960.276392039138,-0.18517979796709103,-0.31183237076989156,0.0012518993133306196,25.503883536844686,-51.91410260460754,2.247534179687136,4961.0,4957.97509765625,40.0,76.0,-36.0,4962.852563476563,4971.211850343089,4954.493276610036,0.27254287059518956,0.33687427783148144,4963.023356119791,4966.510880533854,4959.535831705729,4970.0,4956.10009765625,3.4309222289924493,44257.0,-0.10440649964098615,-372.5252863871809,-238739.32496949576,62.23860689496721,4962.172892804628,4948.240278320312,4951.01873430688,18.605682141422744,0.8220896377261229,1.1339220084960144
524,4959.0498046875,4960.39990234375,4958.0498046875,4959.2001953125,4959.2001953125,948.0,4959.320009765625,4959.107121970611,46.47091148629694,0.2765678263541041,-77.37106604412446,-0.549754423253944,-0.24278008319561195,0.22959449562530354,-0.4723745788209155,-2.1340852262127084,4960.236401104846,-0.11882746022653236,-0.3499538044288142,0.0008471707356357599,25.341532703606898,-68.16146072131609,0.0375244140623181,4960.949951171875,4957.97509765625,36.0,72.0,-36.0,4962.562573242188,4971.005733876066,4954.119412608309,0.3008815610947865,0.34027422362000936,4962.791691080729,4966.224210611979,4959.359171549479,4970.0,4956.10009765625,3.3537204737965602,45205.0,-0.11021982744337139,-298.9402008318694,-464813.6187203323,62.2673564171772,4961.232591215575,4948.239528808594,4951.100141879076,18.06209123612409,0.845369018170258,1.1953228225990722
525,4956.14990234375,4958.25,4955.89990234375,4957.14990234375,4957.14990234375,1506.0,4959.470009765625,4959.030368259754,42.10532522137503,0.20862941747514266,-91.00713106403906,-0.7430161420043078,-0.4828728320144364,0.08710103009735555,-0.569973862111792,-4.333717541559228,4960.174589170027,-0.10982539808263078,-0.44545347905139887,0.0003891011841562326,25.224369027401288,-96.41028696065852,0.5797363281253638,4960.89990234375,4957.97509765625,32.0,68.0,-36.0,4962.220068359375,4970.952987987117,4953.487148731632,0.2097095684060836,0.3519763133209722,4962.473356119792,4965.843375651042,4959.103336588542,4970.0,4955.89990234375,3.3499042234360914,43699.0,-0.12040358143713682,-697.3403451326737,-335490.07033288555,61.64472754773658,4960.502276222813,4948.227277832031,4951.160338500615,18.20327845249941,0.7597509237717257,1.2052044028231246
526,4956.0498046875,4957.2001953125,4955.10009765625,4955.10009765625,4955.10009765625,932.0,4959.555009765625,4958.876240000794,38.2377808388815,0.022942216557425087,-100.0,-1.7629854090073422,-0.8289940452541487,-0.09611798497294531,-0.7328760602812033,-7.452913278535125,4960.09923722986,-0.15514845116213263,-0.4772825705859304,-0.00016648079669924146,24.978842157459372,-106.79810683745855,-2.669970703124818,4960.699951171875,4957.97509765625,28.000000000000004,100.0,-72.0,4961.770068359375,4970.983416271825,4952.556720446924,0.1380267647273277,0.37137343268697126,4962.095857747396,4965.458382161459,4958.733333333334,4970.0,4955.10009765625,3.260632325779942,42767.0,-0.16990118030247917,-870.6371485065774,-208388.42883130512,61.259341185333696,4959.805269934267,4948.204777832031,4951.199540084253,18.557783356494387,0.7687421370676676,1.246024707653598
527,4956.10009765625,4959.14990234375,4955.2001953125,4958.7001953125,4958.7001953125,3777.0,4959.686015625,4958.869336287527,47.379712664307235,0.5667073872786175,-71.98388874111791,-2.7035472196685078,-0.8035371309661059,-0.23760181417157744,-0.5659353167945285,-7.1577733986439895,4960.068533115149,-0.008064010321933211,-0.3258696895637252,-0.0006214606933087626,24.916711524697362,-68.99298580446202,-4.757568359375,4961.0,4957.97509765625,24.0,96.0,-72.0,4961.257568359375,4969.94141164723,4952.57372507152,0.35275108255052723,0.3500662147934604,4961.596695963542,4964.859195963541,4958.334195963542,4970.0,4955.10009765625,3.317001780188517,46544.0,-0.08073283986520507,1196.2494223738263,107176.70091220492,64.0034974242943,4959.081153733333,4948.188029785157,4951.274173469609,18.067711712323298,0.8200197597628829,1.145889449326608
528,4958.75,4958.85009765625,4956.0,4956.0,4956.0,1176.0,4959.768017578125,4958.7568132958595,42.3199950930415,0.2657536893645332,-89.88862676249519,-3.41718893612142,-0.9898353326670986,-0.3880485178706817,-0.6017868147964169,-8.644299811754145,4960.026866187688,-0.010087763542822556,-0.32983155019348975,-0.001094593983759084,24.733102165242755,-76.4757277258469,-4.389868164062136,4961.0,4957.97509765625,20.0,92.0,-72.0,4960.590063476562,4968.717638889945,4952.462488063179,0.21762406110658597,0.3276858321038911,4961.001692708333,4964.331697591146,4957.671687825521,4970.0,4955.10009765625,3.2836514856214802,45368.0,-0.14427477407498795,571.723835248994,60588.81071960035,63.36312201089422,4958.563486313164,4948.141779785156,4951.321196619166,17.612645185593003,0.8578078761666287,1.1876394263601184
529,4955.0,4955.0,4954.9501953125,4954.9501953125,4954.9501953125,326.0,4959.832021484375,4958.607534159257,40.508736086810195,0.1580193962685775,-100.0,-4.169347426470267,-1.2082603907501834,-0.552090892446582,-0.6561694983036014,-10.423255774900278,4959.841124355662,-0.02522093440015259,-0.2855267271022194,-0.0015987610702882418,24.444527863969295,-108.33533489662082,-2.717382812499636,4960.925048828125,4958.10009765625,16.0,100.0,-84.0,4959.917578125,4967.560315976271,4952.274840273728,0.1750259586835695,0.30818003448197995,4960.307535807292,4963.547526041667,4957.067545572917,4970.0,4954.9501953125,3.1240910000413744,45042.0,-0.14156830159458572,441.15809762413767,-37429.157210273974,63.29406706171645,4958.356825531063,4948.079279785156,4951.357306058901,17.536711681471154,0.8924413879337293,1.1779681150359487
530,4955.25,4956.2998046875,4949.64990234375,4956.2998046875,4956.2998046875,2871.0,4959.912021484375,4958.517034964286,43.83665095850307,0.35596488885240557,-53.00389937540978,-4.932008272058738,-1.257960638356053,-0.6932648416284763,-0.5646957967275767,-10.805156625508237,4959.75037528768,-0.01816328954903625,-0.20261263971490062,-0.0020458100635487877,24.4478856433131,-119.6493293333686,-0.3948730468746362,4958.1124267578125,4958.10009765625,12.0,96.0,-84.0,4959.345068359375,4966.233367320637,4952.456769398113,0.27895386879980305,0.27779067059517326,4959.621695963541,4962.976676432291,4956.266715494791,4969.7998046875,4949.64990234375,3.3759346674491333,47913.0,-0.029619075975592227,931.6681573385465,-463302.96756580955,64.07605847694603,4957.775886836062,4948.043029785156,4951.406485149732,18.83754863051222,0.8364843912711453,1.0390970309860459
531,4956.2001953125,4957.4501953125,4953.35009765625,4954.0498046875,4954.0498046875,1288.0,4959.831015625,4958.341849463235,39.83580587738927,0.09728295173381764,-68.90506918803271,-5.052603687959163,-1.462051024504035,-0.847022078203588,-0.615028946300447,-12.42479103878058,4959.08813522153,-0.09881911356222424,-0.06526291827908037,-0.002519986904563922,24.55986641525939,-98.36510498485441,0.8151367187501819,4958.1124267578125,4958.10009765625,8.0,100.0,-92.0,4958.63505859375,4964.566382988576,4952.7037341989235,0.11347132604571762,0.2392321404878073,4958.958357747396,4962.393343098958,4955.523372395834,4969.7998046875,4949.64990234375,3.4276605952206234,46625.0,-0.06135684231241692,384.57270629018274,772044.8770878478,63.49134808528261,4957.6200007031985,4947.988278808593,4951.432786836675,19.550661534017426,0.9347256999772365,0.9999886182563169
532,4954.4501953125,4956.89990234375,4954.4501953125,4954.9501953125,4954.9501953125,913.0,4959.75001953125,4958.208843418108,42.112639241181405,0.23588971001250458,-62.541840643224404,-5.300400677849211,-1.5334633167913125,-0.984310325921133,-0.5491529908701795,-13.022460628646407,4958.76554717878,-0.09073586431522679,0.0011154367700451084,-0.002951607917448185,24.48353719277943,-83.32063362179737,4.5726318359375,4957.4249267578125,4959.824951171875,4.0,96.0,-92.0,4958.1275634765625,4963.466730206038,4952.788396747087,0.20244718651306565,0.21537028489568333,4958.396695963542,4961.719181315104,4955.074210611979,4967.9501953125,4949.64990234375,3.386406099579865,47538.0,-0.03790249039846313,447.0704111951566,73760.15382162973,63.65728437438628,4957.56107426014,4947.948278808593,4951.467785925987,20.212837801557974,0.9529548138751586,0.9518393771051135
533,4954.9501953125,4955.64990234375,4954.85009765625,4954.85009765625,4954.85009765625,1068.0,4959.6490234375,4958.077127898035,41.922697684964966,0.2243266400978399,-63.24924945650299,-5.680263384650971,-1.579922751227059,-1.1034328109823184,-0.4764899402447407,-13.55480707844175,4958.5749840263825,-0.15818198455076493,-0.08036775423253717,-0.003334365033627068,24.405247375547802,-87.6820961755134,3.860034179687318,4957.1124267578125,4959.824951171875,4.0,92.0,-88.0,4957.740063476563,4962.844347991369,4952.635778961756,0.21690784360380652,0.20591174403877177,4957.9483642578125,4961.088354492187,4954.808374023438,4967.9501953125,4949.64990234375,3.2016488558598746,46470.0,-0.026528149999426442,367.93116718513426,-31831.09036992105,63.63570912283757,4957.4044230414465,4947.909028320312,4951.501440769075,20.827715764274195,0.9391411593227941,1.0195089135553312
534,4955.0,4958.7998046875,4955.0,4957.10009765625,4957.10009765625,1235.0,4959.651025390625,4958.038812986592,47.63951703054131,0.572349385089363,-47.34807964388005,-5.263686236213289,-1.4188305958559795,-1.1665123679570506,-0.2523182278989289,-12.285142850868024,4958.548651950162,-0.09069654771503452,-0.020370963643795315,-0.0035728480955093253,24.47213454480497,-23.286832671206067,1.5947265625,4957.1124267578125,4959.824951171875,8.0,88.0,-80.0,4957.455078125,4962.003766818631,4952.906389431369,0.46097991172192077,0.1835090231559635,4957.600032552083,4960.584993489583,4954.615071614583,4964.0,4949.64990234375,3.255081582673455,47705.0,0.005904292790133528,712.3338575872579,507636.16677720536,64.19652326357492,4957.244902845993,4947.897028808594,4951.557148797803,20.03146414170504,0.947945780537113,0.9683167441809083
535,4958.9501953125,4959.5,4955.0,4957.5498046875,4957.5498046875,1225.0,4959.623017578125,4958.019636190549,48.725887687605066,0.7675076065614946,-41.482204861111114,-4.4299833409932035,-1.2405757184051254,-1.1813250380466656,-0.05925068035845982,-10.930506949289697,4958.54242829928,-0.030247730090997224,-0.15219808651421907,-0.0036797463311264164,24.548872429588958,-3.2990161341463167,1.8226318359375,4957.199951171875,4959.824951171875,4.0,84.0,-80.0,4957.3775634765625,4961.863888422592,4952.891238530533,0.519196247820829,0.18099589505074168,4957.430859375,4960.395825195313,4954.465893554688,4963.7998046875,4949.64990234375,3.344004326768208,48930.0,0.05628920722535179,689.2706084006853,128607.30229591836,64.30765499431044,4956.945933909149,4947.89052734375,4951.616777214616,19.022993884740156,0.8861156679034229,1.038313754417642
536,4955.0,4957.9501953125,4948.14990234375,4957.9501953125,4957.9501953125,733.0,4959.606025390625,4958.016913018861,49.72601796291828,1.0,-34.664713541666664,-4.75073960248119,-1.0548397307338746,-1.1560279765841073,0.10118824585023267,-9.528357743192121,4958.523548628451,-0.025205677342518176,-0.2993259975050737,-0.003670942835894397,24.957086028758127,-100.53372378618019,-0.3001708984375,4956.39990234375,4959.074951171875,4.0,80.0,-76.0,4957.4500732421875,4961.924180836977,4952.975965647398,0.5558907066623671,0.18050035920436208,4957.281697591146,4960.561678059896,4954.001717122396,4963.7998046875,4948.14990234375,3.8051678011954793,49663.0,0.11964411549176678,632.7299969327304,-5615382.25631922,64.3668548691856,4956.582944555058,4947.905278320312,4951.679796300168,19.87234023630818,0.7426036604665884,1.0419296579716621
537,4899.0498046875,4899.0498046875,4885.9501953125,4891.60009765625,4891.60009765625,3522.0,4958.25203125,4955.412332024249,11.097145060973048,0.0,-92.41111541059729,-15.339427274816444,-6.190184399800273,-2.1628592612273407,-4.027325138572932,-37.35722923891605,4935.7105949024135,-1.322328474604085,-0.3074323364857572,-0.006190669859216758,25.51572949572367,-666.6666666666177,0.8800292968753638,4925.300048828125,4927.97509765625,8.0,100.0,-92.0,4954.220068359375,4983.292690025877,4925.147446692872,-0.576957754643699,1.173650797314304,4954.028361002604,4957.793326822916,4950.263395182292,4963.7998046875,4885.9501953125,8.676227243967231,46141.0,0.12148795318447142,-32841.2377091023,-22520783.28465684,17.23345603709349,4945.801163578152,4947.599028320313,4951.081988353463,24.22437063445117,0.7141639990749644,1.0215963355607216
538,4891.85009765625,4909.89990234375,4884.2998046875,4906.5498046875,4906.5498046875,3621.0,4957.19802734375,4953.496154481631,25.19723285558682,0.365014216966805,-70.41231088890332,-25.02313160615813,-8.950489953985198,-3.5203853997789123,-5.430104554206285,-41.697935029817046,4931.156572371847,-0.9798044845090852,-0.16747763462578158,-0.00969571278071094,26.40228608741082,-308.92855688958434,7.012646484375182,4924.012451171875,4927.14990234375,4.0,96.0,-92.0,4951.687548828125,4987.356544976555,4916.018552679695,-0.13273078884519937,1.4406804062938645,4951.199178059896,4956.189143880209,4946.209212239583,4963.7998046875,4884.2998046875,9.885075130558858,49762.0,0.16373623377418053,-20416.362442065365,3252049.135720654,28.299955358265468,4938.457749419491,4947.36177734375,4950.63888204833,26.722943960936416,0.7559139455886403,0.9233915802144219
539,4905.7998046875,4915.0498046875,4903.5,4909.75,4909.75,4226.0,4956.22302734375,4951.780619011763,27.83573111116779,0.4333180026423147,-66.15674306863191,-32.962100758271845,-10.755836389412252,-4.9674755977055804,-5.788360791706672,-42.527688690686425,4928.386683450411,-0.9871577910431653,0.03029377339318562,-0.013565943498024206,26.88040142539948,-181.56358481226084,6.7724609375,4924.012451171875,4927.14990234375,28.000000000000004,92.0,-64.0,4949.2275390625,4989.09322716141,4909.36185096359,0.004868209416668169,1.610986271464158,4948.7550048828125,4954.22744140625,4943.282568359375,4963.7998046875,4884.2998046875,10.003984384626083,53988.0,0.1347370167912409,-15567.735608823887,3327483.105196865,31.056276180221783,4932.857014130311,4947.133527832031,4950.232027500586,28.388684229408973,0.9160321298571006,0.885738356463915
540,4910.60009765625,4911.64990234375,4903.25,4910.7001953125,4910.7001953125,3619.0,4955.270029296875,4950.1696220039485,28.640574855111225,0.4541532919862838,-64.89318875397701,-41.289017980238896,-11.97190891201808,-6.36836226056808,-5.603546651449999,-42.648315485850254,4926.048204331755,-0.9140396426049233,0.017703541325758687,-0.017451469264852176,27.140999962019162,-144.02303718175014,8.16015625,4923.02490234375,4927.14990234375,24.0,88.0,-64.0,4946.7900390625,4989.702486740586,4903.877591384414,0.07949446253062674,1.734961352280027,4946.245833333333,4951.973274739584,4940.518391927084,4963.7998046875,4884.2998046875,9.889407095992079,57607.0,0.16881926783909412,-12852.522402429404,-423581.4209964665,31.756669649530448,4929.160721320075,4946.909028320312,4949.838675936526,29.946145393681245,0.9228534378955818,0.9051498965698231
541,4911.10009765625,4922.0498046875,4911.10009765625,4922.0498046875,4922.0498046875,2003.0,4954.545029296875,4949.06688406997,37.59362518564907,0.6859242357894874,-49.80066229465619,-47.100215418198786,-11.882858329592636,-7.471261474372993,-4.411596855219644,-38.62418142122271,4925.787218783774,-0.6639903395219703,0.1148388619997639,-0.020700021906429226,27.381966962060936,-89.34549382135361,11.542285156249818,4922.974853515625,4927.14990234375,20.0,84.0,-64.0,4944.75751953125,4988.309130846457,4901.205908216043,0.23930109405824393,1.7615266731759036,4944.066658528646,4950.124104817709,4938.009212239584,4963.14990234375,4884.2998046875,9.99370725877836,59610.0,0.20219015647434066,-7768.838119493061,4988321.35098134,36.386002875742186,4924.514556049058,4946.763776855469,4949.562169754944,30.121620483951624,0.9712873332546335,0.8564484712548696
542,4917.85009765625,4927.60009765625,4914.0,4923.64990234375,4923.64990234375,2043.0,4953.856025390625,4948.07013968855,38.760176563596964,0.7161231851843881,-47.67287838452049,-40.03432186351074,-11.55002904793946,-8.287014989086288,-3.263014058853173,-35.38560978280404,4925.653612220194,-0.658755596521236,0.15295297847340772,-0.023279437565019174,27.654787812697545,-67.10370837047253,11.189794921874636,4922.974853515625,4927.14990234375,16.0,80.0,-64.0,4942.860009765625,4986.617437569321,4899.10258196193,0.2804931826882543,1.7705307339169536,4942.06416015625,4948.7166015625,4935.41171875,4963.14990234375,4884.2998046875,10.251306572883477,61653.0,0.22972137220348807,-6192.004172177089,2812615.796974694,37.0501569663013,4922.988326363219,4946.642275390625,4949.304336248365,29.681763636539277,0.984957988782229,0.8320050103088212
543,4925.9501953125,4927.35009765625,4915.5498046875,4917.2001953125,4917.2001953125,3376.0,4953.069033203125,4946.8595536345865,35.85109732397653,0.6408147689382092,-56.24959418219596,-33.763567038144174,-11.672147646881058,-8.964041520645242,-2.7081061262358155,-34.04394097345545,4925.016507064287,-0.743827995837528,0.16662183021524113,-0.02550899638935242,27.997527998573577,-63.615266598138845,14.182666015624818,4922.974853515625,4927.14990234375,12.0,76.0,-64.0,4940.767529296875,4985.224946153666,4896.310112440085,0.23494485677955643,1.7996158124491786,4940.045003255209,4947.082454427084,4933.007552083333,4960.39990234375,4884.2998046875,10.361948458302516,58277.0,0.19216528126071142,-8418.033710080363,227163.44956538125,32.627785073625596,4922.34563575553,4946.50302734375,4948.984892059949,29.27332513537067,0.9943793372737174,0.8277575070584763
544,4916.5,4925.0,4914.9501953125,4925.0,4925.0,1472.0,4952.40203125,4946.002316237152,41.563063990520256,0.788682574479491,-45.87754041945328,-30.21617934283131,-11.01260204252685,-9.373753625021564,-1.6388484175052866,-30.82721828932742,4925.01559687915,-0.6044499769308195,0.16916600827014439,-0.027051673513657407,28.31646096565635,-51.674906650602516,15.792578124999636,4922.58740234375,4927.14990234375,8.0,72.0,-64.0,4939.05751953125,4983.177081413946,4894.937957648554,0.3406883598637475,1.7865579296546925,4938.166674804687,4945.589111328125,4930.74423828125,4959.5,4884.2998046875,10.339652474673766,59749.0,0.22615333496102694,-5575.269965783168,-1006928.6531728246,34.962713903846044,4919.309043926518,4946.38302734375,4948.746236417561,28.93709003182315,1.0191747298864138,0.8500087216162694
545,4923.7001953125,4925.35009765625,4915.0,4915.0,4915.0,851.0,4951.550029296875,4944.786539129813,37.01268117693576,0.670885122166163,-59.175378222193366,-26.258655503217597,-11.16808509276052,-9.732619918569355,-1.4354651741911653,-29.928031486874147,4924.270588634303,-0.8042644453582954,0.14114982266861376,-0.02840967290319537,28.555976509336386,-55.04025845686574,20.150073242187318,4914.9998779296875,4927.14990234375,4.0,68.0,-64.0,4936.950024414063,4981.436601986153,4892.463446841973,0.25329609949773163,1.802188693509,4936.2341796875,4944.056616210937,4928.4117431640625,4959.5,4884.2998046875,10.340398559072069,58898.0,0.20631743233264918,-5994.51711352843,243186.15221949219,33.23479512212013,4917.749656089912,4946.21302734375,4948.41045297062,28.580766599975753,0.9999975163671405,0.8588476936985268
546,4906.7998046875,4907.7998046875,4906.7998046875,4907.7998046875,4907.7998046875,860.0,4950.565029296875,4943.3360789556045,34.11645031276808,0.5959093165940095,-68.75008116356081,-26.34456284466887,-11.737005227214468,-10.133496980298379,-1.603508246916089,-30.274391089831234,4922.816952779251,-0.9945389844368789,0.0784853708839367,-0.029814704207260286,28.532116776753526,-79.84846119758681,22.964794921875182,4914.9998779296875,4927.14990234375,4.0,64.0,-60.0,4934.585009765625,4979.980432852211,4889.189586679038,0.20497901267452545,1.8398881768881585,4933.817496744791,4941.584928385417,4926.050065104167,4959.5,4884.2998046875,10.187526898602636,58038.0,0.2512584808372618,-6022.752949988655,-1497121.4117005814,31.974944060319494,4916.300978346356,4946.008776855469,4948.006366918052,28.853634699001617,0.9915810954247292,0.9130957245407925
547,4906.7998046875,4917.14990234375,4906.7998046875,4917.14990234375,4917.14990234375,582.0,4949.730029296875,4942.309170068866,40.61499326961852,0.7641395151127759,-56.31647295630154,-26.555187270219903,-11.30310859385645,-10.367419303009994,-0.9356892908464562,-28.197383585099967,4922.386190373095,-0.8149167216747027,0.12316923389479906,-0.030764486541593108,28.619597794036565,-55.32042650931966,25.442700195312682,4919.574951171875,4927.14990234375,8.0,60.0,-52.0,4932.507495117187,4977.094133565523,4887.920856668851,0.3277780820903034,1.8078690602081604,4931.618318684896,4939.705769856771,4923.530867513021,4959.5,4884.2998046875,10.199139095577449,58620.0,0.20986038955922448,-4384.965837713491,8313953.937943448,33.08374169928181,4914.837854024967,4945.839775390625,4947.6993374198,27.97134552450235,0.9900704602541371,0.8669012263593381
548,4921.5498046875,4923.5498046875,4916.5,4918.2001953125,4918.2001953125,800.0,4948.964033203125,4941.36372007842,41.31522763826916,0.7822667426513089,-54.91981040192195,-25.532105928308738,-10.75056668025536,-10.444048778459068,-0.30651790179629224,-26.389554145438243,4922.245208098732,-0.8017426241510389,0.18103713074600514,-0.03126722824839196,28.606850563058778,-33.476438833506805,-39.01740722656268,4919.574951171875,4927.14990234375,4.0,56.00000000000001,-52.00000000000001,4930.617504882813,4974.2551066063825,4886.979903159243,0.3577223646595847,1.770066393523946,4929.741650390625,4938.039086914063,4921.4442138671875,4959.5,4884.2998046875,9.974186637857631,59420.0,0.2328111491179296,-3638.5086644687067,7093908.995389938,33.254620031585546,4913.1661990532275,4945.676025390625,4947.405813617737,26.475373946730876,1.035415164015554,0.8543780332695489
549,4918.10009765625,4923.0,4918.10009765625,4922.0498046875,4922.0498046875,255.0,4948.254033203125,4940.606311631717,43.925138707783866,0.8498304812087257,-48.744331591927654,-24.211233340993203,-9.888058545036984,-10.332850731774652,0.4447921867376685,-24.097923564459155,4922.238244017074,0.6224897052774123,0.1823287609011628,-0.031235994225643444,28.57259179755887,-24.257929490116673,-22.422680664062682,4919.77490234375,4927.14990234375,12.0,52.0,-40.0,4928.972485351563,4971.277107554934,4886.667863148191,0.4181805639253418,1.7165696229425942,4928.045808919271,4936.58575032552,4919.50586751302,4959.5,4884.2998046875,9.611737759707086,59675.0,0.24644869912925813,-2978.485942312463,1009084.8978827982,33.45421548350726,4911.302496465289,4945.5215234375,4947.153515021417,25.086257481657363,1.0427916061046512,0.8604628452034884
550,4921.25,4923.89990234375,4917.14990234375,4917.14990234375,4917.14990234375,1349.0,4947.44802734375,4939.686452443954,41.40125557174015,0.9231179595318063,-24.13423696703842,-23.031700942095085,-9.490495280820141,-10.16437964158375,0.6738843607636085,-23.002989274723944,4922.157936254307,0.21603974438663878,0.2243470568314545,-0.03098084370070407,28.558712373871025,-26.08742126571026,-17.264990234374636,4919.5499267578125,4927.14990234375,8.0,48.0,-40.0,4927.014990234375,4967.671504209535,4886.3584762592145,0.37867764687533345,1.6503507318627468,4926.3116455078125,4934.856591796875,4917.76669921875,4959.5,4884.2998046875,9.407327919728008,58326.0,0.1367228043224527,-3497.269130799076,-12582.562604243885,32.11128550026662,4910.572071171322,4945.353273925782,4946.8549716116895,23.888067896418914,1.07124377696839,0.8468967201369355
551,4918.35009765625,4918.35009765625,4900.0,4901.14990234375,4901.14990234375,1210.0,4946.3290234375,4938.175215185122,34.442014419914656,0.4936366958104552,-61.085488108796895,-21.226505055146845,-10.347213574887064,-10.200946428244412,-0.14626714664265172,-24.3821783265454,4920.854935188449,-0.1751636571363104,0.30164590774773437,-0.031158409550428146,28.785807324064816,-72.40751537294372,-13.6697998046875,4917.7874755859375,4927.14990234375,4.0,44.0,-40.0,4924.3699951171875,4964.5270922202835,4884.2128980140915,0.21088432122192313,1.6309536912504228,4923.8891438802075,4933.14659016927,4914.631697591145,4959.5,4884.2998046875,10.046097186622436,57116.0,0.13102256352741173,-5763.373540684923,-17212472.759987697,28.174045354146205,4912.847896880374,4945.103273925782,4946.400194803054,24.161339982431286,1.1317127187706277,0.8300668110228934
552,4899.7998046875,4903.60009765625,4895.0,4903.60009765625,4903.60009765625,918.0,4945.221025390625,4936.819328223206,36.21034727885269,0.5205049419871896,-73.61941136823185,-22.074698414521663,-10.705057471805958,-10.301768636956723,-0.40328883484923495,-24.89279328242759,4919.866342325807,-0.14458422167631788,0.13305596063334957,-0.0314613485154897,28.8860978876076,-96.83223687549098,0.247314453125,4916.0374755859375,4927.14990234375,36.0,40.0,-4.0,4921.802490234375,4960.344313255151,4883.260667213599,0.2638618109953834,1.5661669925702653,4921.154142252604,4930.719108072916,4911.589176432291,4959.5,4884.2998046875,9.942811505881549,58034.0,0.17270774023519544,-4618.708849604935,-9251194.37423407,28.632974246690296,4914.311844613728,4944.8915234375,4945.974323189653,24.736770850958344,1.1238535914466,0.9907976308132503
553,4905.0498046875,4905.75,4900.35009765625,4903.2998046875,4903.2998046875,512.0,4944.056025390625,4935.504837104159,36.08189055440682,0.4868516871676658,-74.54055268478993,-23.85349408318052,-10.887379537020934,-10.418890816969565,-0.46848872005136855,-25.332715163746894,4919.2195829250795,-0.3809388515765016,0.014433481341248111,-0.03178627770468799,28.90096107811857,-82.04857431988368,4.4249267578125,4916.0374755859375,4927.14990234375,32.0,36.0,-4.0,4919.2249755859375,4955.404234809149,4883.045716362726,0.2799129772090461,1.4709333036309038,4918.554972330729,4928.349943033854,4908.760001627604,4959.5,4884.2998046875,9.618317994300725,57522.0,0.20791021237279123,-3980.857585375659,3955006.5994262695,28.601619732264552,4915.062144329542,4944.711022949219,4945.549701115005,25.00628786434134,1.0270099390506058,1.0125764577093577
554,4901.39990234375,4901.39990234375,4889.2001953125,4892.64990234375,4892.64990234375,2317.0,4942.6090234375,4933.824251427281,31.776475503948134,0.0,-91.01636509288811,-27.049080882353337,-11.755716617964026,-10.686255977168457,-1.069460640795569,-27.086253970388846,4915.761175400487,-0.6296142214588291,-0.07028357484573244,-0.03247157255053944,29.133341612532778,-118.79721528189873,1.1977294921871362,4914.2249755859375,4927.14990234375,28.000000000000004,32.0,-3.9999999999999964,4916.002465820313,4949.494889596137,4882.510042044489,0.1513754329506086,1.3625877533092488,4915.427473958333,4925.642439778646,4905.212508138021,4959.5,4884.2998046875,9.938410235779244,55205.0,0.1695449146109993,-6937.281320388958,-4080609.8183939364,23.56912636792277,4913.756994310371,4944.499272460937,4945.023334958077,25.947978020278104,0.9350412535533523,1.0053248283990848
555,4888.5,4890.0,4880.75,4887.7001953125,4887.7001953125,2076.0,4941.08302734375,4932.015464912975,29.98563253390698,0.0,-85.16503559182482,-31.836414292280097,-12.696917836376088,-11.088388349009984,-1.6085294873661038,-29.09601998119969,4912.605782031463,-0.599934898483937,-0.3394592989326177,-0.03350215667833814,29.08780086357049,-156.0640225985323,12.490014648437864,4911.2249755859375,4925.375,24.0,100.0,-76.0,4912.509985351562,4942.307975231273,4882.711995471851,0.08370027409206876,1.2131472493110336,4911.86748046875,4922.3199462890625,4901.415014648437,4957.9501953125,4880.75,10.078516814920013,53129.0,0.18980048651547013,-7414.182817029821,-4422288.133918894,21.4689164608225,4910.179757329384,4944.2407739257815,4944.452955459115,27.26175982103688,0.8041037753766571,1.1435630743092748
556,4888.2001953125,4891.60009765625,4879.0498046875,4879.0498046875,4879.0498046875,1513.0,4939.382021484375,4929.93838019825,27.110066936649687,0.0,-100.0,-34.354229377298,-13.979691629019726,-11.666649005011932,-2.313042624007794,-31.744633561386276,4908.6564929694705,-0.9329988895939086,-0.4029195962941444,-0.03499772445204616,29.062364516014735,-166.12842990064138,6.435034179687136,4910.3748779296875,4924.52490234375,20.0,100.0,-80.0,4908.564965820313,4933.796328966583,4883.333602674043,-0.08489033988589378,1.0280545667405112,4908.294970703125,4918.884936523437,4897.705004882812,4927.60009765625,4879.0498046875,10.255072254479298,51616.0,0.1253144426236973,-8224.733988257705,-41515.363893679096,18.79116608894469,4906.619528871257,4943.942272949219,4943.802177839498,28.565616003873146,0.7698626133726695,1.172782209666814
557,4875.64990234375,4878.25,4868.89990234375,4878.10009765625,4878.10009765625,4075.0,4937.56501953125,4927.905506373075,26.806130470878898,0.0,-83.7021018942998,-36.92498707490813,-14.90116121117353,-12.313551446244253,-2.5876097649292777,-33.94805186174611,4900.95667119395,-0.7507609835961343,-0.5749831899935576,-0.03671117682351445,29.07981665536183,-196.07215671328834,-0.0901611328126819,4905.2999267578125,4919.449951171875,16.0,100.0,-84.0,4907.889965820313,4935.509876651177,4880.270054989448,-0.03928248259898646,1.1255309725041174,4907.439135742187,4917.841625976563,4897.036645507813,4927.60009765625,4868.89990234375,10.247560117998633,47541.0,0.24100369862234172,-7602.637154555712,-2696040.4284892636,17.997967349996454,4897.370188233851,4943.6240234375,4943.148425797874,30.241350414196916,0.6885378638794326,1.2635210538729902
558,4878.0,4880.0,4865.75,4868.75,4868.75,2323.0,4935.553017578125,4925.585682593738,23.95826915894601,0.0,-94.9664512006292,-40.42029526654369,-16.19917324713424,-13.09067580642225,-3.1084974407119894,-36.77786802056149,4891.411671189861,-0.7956682473112096,-0.5472375700046812,-0.03879687787462054,29.29103290965481,-180.03150112397154,11.149926757812864,4903.7249755859375,4917.875,12.0,100.0,-88.0,4905.999975585937,4938.474571818552,4873.525379353322,-0.0735248456842395,1.323872661810871,4906.001643880208,4915.8366292317705,4896.166658528646,4927.60009765625,4865.75,10.533448680998731,45218.0,0.1391520127658185,-9619.442826114719,-429371.68313468574,13.545357436168615,4892.4907815834595,4943.2527734375,4942.408142954114,31.928976556724724,0.6798458273963897,1.2270833974010709
559,4868.89990234375,4871.2998046875,4860.14990234375,4871.10009765625,4871.10009765625,1833.0,4933.607021484375,4923.448992988347,26.083854119158133,0.1064555941036756,-82.82322303921569,-43.64856675091869,-16.84405610333397,-13.841351865804596,-3.0027042375293735,-38.455920303960056,4884.784803029653,-0.9365141515321803,-0.6464897705379261,-0.04087521098489753,29.408663151663372,-162.292558702896,14.132714843750364,4899.5374755859375,4915.074951171875,8.0,96.0,-88.0,4904.06748046875,4939.850842667399,4868.2841182701,0.03934760756293454,1.45933400554386,4903.905810546875,4913.72080078125,4894.0908203125,4927.60009765625,4860.14990234375,10.577481085480965,47051.0,0.19072050229827875,-7629.846850397438,-4349341.7918324405,14.4301284767655,4889.199844544584,4942.8890234375,4941.698610165081,33.721731027631975,0.6423103191673717,1.2888000897052978
560,4868.25,4872.4501953125,4865.7001953125,4870.25,4870.25,2099.0,4931.657021484375,4921.3627579691965,25.80288260351176,0.09238370792446607,-84.15670955882354,-44.34749971277597,-17.2251652070845,-14.518114534060578,-2.7070506730239234,-39.90203600573562,4880.155616568397,-0.974954117528623,-0.526185351855475,-0.04281464262175929,29.35592011219674,-129.28100897094382,20.004833984375182,4896.387451171875,4915.074951171875,4.0,92.0,-88.0,4902.044970703125,4940.567855369808,4863.522086036442,0.08732360026736394,1.5717067018729416,4901.952482096354,4911.684977213541,4892.219986979167,4927.60009765625,4860.14990234375,10.304089579375182,44952.0,0.13589181662643116,-6794.776583264769,1077408.6292952,14.063813897985494,4886.586681699708,4942.505522460938,4940.987678720652,35.21903058150561,0.6847116813752244,1.2108970332306994
561,4870.0498046875,4871.7998046875,4865.0498046875,4868.5498046875,4868.5498046875,2057.0,4929.663017578125,4919.291661762071,25.21780629174266,0.06308135232295146,-86.82368259803921,-45.11722771139648,-17.46308489783405,-15.107108606815272,-2.355976291018779,-41.27015529246999,4876.899499035865,-1.086945523164951,-0.6166667840565726,-0.044562852976439124,28.954682969690406,-114.89449265444844,17.779931640625364,4896.0,4915.074951171875,32.0,100.0,-68.0,4899.369970703125,4939.366679264916,4859.373262141334,0.11471622136093318,1.6327286488246509,4899.455810546875,4908.9783203125,4889.93330078125,4927.60009765625,4860.14990234375,10.05022603799124,42895.0,0.07641784679424142,-6323.708751057302,-213424.24495624696,13.345718983389256,4884.313332590984,4942.1292724609375,4940.266903854651,36.638528892077595,0.6718341703233622,1.2885009543799348
562,4870.10009765625,4874.7001953125,4862.0,4863.4501953125,4863.4501953125,1958.0,4927.63001953125,4917.101800332677,23.496824625745603,0.0,-94.82306985294117,-43.5423469094676,-17.857286145311264,-15.657144114514471,-2.2001420307967923,-42.94715691637974,4872.0000821805825,-1.092090094826154,-0.7051291595324946,-0.04622440507830378,28.384160680732805,-106.45852966507788,4.7899169921875,4887.324951171875,4914.974853515625,28.000000000000004,100.0,-72.0,4896.3599853515625,4937.635155675114,4855.084815028011,0.10133671428747457,1.685953256992322,4896.704150390625,4906.181665039063,4887.226635742188,4927.35009765625,4860.14990234375,10.239509557599009,40937.0,0.0036420431009347256,-6846.755380370545,-48457.29765536471,11.294793028675583,4881.760293840526,4941.744523925781,4939.502558496023,38.09616186104713,0.5963265499482279,1.3014557094807224
563,4862.0,4862.7998046875,4855.0,4860.0,4860.0,3265.0,4925.578017578125,4914.862514045121,22.383825790739195,0.0,-92.74309566499181,-43.51162540211408,-18.237860695810923,-16.17328743077376,-2.0645732650371613,-44.69312210656241,4867.568407217918,-0.8395968938650897,-0.8231356321231715,-0.04780462525209042,27.407633089012243,-117.24794126639249,10.100122070312864,4882.300048828125,4912.39990234375,24.0,100.0,-76.0,4893.499975585937,4936.49378791411,4850.5061632577645,0.11040933832255775,1.7571804451894248,4893.665812174479,4902.943302408854,4884.388321940104,4925.35009765625,4855.0,10.111701397234794,37672.0,0.10737199997984394,-7477.917139647968,-2257570.52668386,8.978559235190877,4878.7259083812405,4941.332272949218,4938.711488262232,39.747534055751196,0.5434532046222387,1.3665888367454102
564,4860.2998046875,4866.35009765625,4856.0,4859.60009765625,4859.60009765625,1459.0,4923.5140234375,4912.6953604612445,22.252256496923394,0.0,-92.73860999992293,-41.72159208409903,-18.360093813273124,-16.610648707273633,-1.7494451059994915,-46.178702477522826,4864.778689520482,-0.8972999250291732,-0.7731921204500758,-0.0491864960889902,26.730523146309473,-100.83968923159375,13.06982421875,4882.300048828125,4911.47509765625,20.0,100.0,-80.0,4890.22998046875,4933.091227106669,4847.368733830831,0.14268558178844545,1.7529337805830811,4890.615812174479,4899.908317057292,4881.323307291667,4925.35009765625,4855.0,10.128729701450167,36213.0,0.048117553134094444,-6492.994336774152,1613981.377351276,8.858506247632972,4875.7839611353,4940.928774414063,4937.9243102462515,40.70110162894864,0.5671825128155528,1.3403746332656286
565,4858.5,4863.7001953125,4858.2001953125,4859.14990234375,4859.14990234375,1503.0,4921.51501953125,4910.595538574285,22.09480668891291,0.0,-91.82285252463055,-40.56865234374982,-18.282541678797315,-16.94502730157837,-1.3375143772189446,-47.47004168585126,4862.875042144129,-0.9004120511159277,-0.6843436567519104,-0.050299281613832236,26.22247839997275,-92.86518805657298,5.212426757812864,4879.4000244140625,4911.47509765625,16.0,100.0,-84.0,4887.437475585937,4930.754650089935,4844.120301081939,0.17348316728765123,1.7725924769525554,4887.7108154296875,4896.760815429688,4878.660815429687,4923.89990234375,4855.0,9.798106151346584,34710.0,0.04313288550990187,-5662.0870821903445,-82281.72561127745,8.719267721604007,4873.6210148892305,4940.5490234375,4937.140485291999,41.58655723263199,0.6666654923499135,1.351009149101824
566,4859.35009765625,4866.2998046875,4857.14990234375,4866.2001953125,4866.2001953125,1803.0,4919.7090234375,4908.854544720881,30.40031523409567,0.5937984375479741,-77.93064963054188,-39.14540153952203,-17.451016873039407,-17.046225215870578,-0.40479165716882903,-46.42611285643349,4863.192491436452,-0.5406008514645544,-0.5285722807645475,-0.05080672993359993,25.829070683631443,-76.17088602576774,2.342700195312318,4879.4000244140625,4909.5,12.0,96.0,-84.0,4885.357495117188,4928.5587897436535,4842.156200490722,0.2782786375925919,1.7686032053803475,4885.498323567708,4894.955818684896,4876.040828450521,4923.89990234375,4855.0,9.751805879375398,36513.0,0.06858690322292317,-3037.2634672122604,393125.1751735219,11.335296960900731,4872.105081619547,4940.202524414062,4936.434611759865,41.96032507387338,0.6963671007337383,1.2249393814982859
567,4866.2001953125,4878.2001953125,4866.2001953125,4869.25,4869.25,1856.0,4917.97001953125,4907.301425320062,33.69342323234815,1.0,-69.28872846664632,-35.93274069393374,-16.35737607439114,-16.90845538757469,0.5510793131835499,-44.631018362247424,4863.492141065553,-0.3774821403774822,-0.41235058426243565,-0.050666812486673866,25.52139197766581,-44.09479860140972,-3.912695312499636,4878.9500732421875,4909.39990234375,8.0,92.0,-84.0,4882.9625,4924.110363848507,4841.814636151492,0.3333753114076064,1.6853647288304086,4883.374169921875,4892.91416015625,4873.8341796875,4923.89990234375,4855.0,9.912391173705727,38369.0,0.02362020345014797,-1794.7347576105094,6772850.299703664,12.498512051281377,4871.523235228178,4939.877275390625,4935.766108160265,40.543817533865116,0.7355039933533448,1.1478545776157805
568,4867.35009765625,4872.4501953125,4862.0,4862.10009765625,4862.10009765625,623.0,4916.068017578125,4905.528824235206,30.098006770383748,0.6900133349093783,-80.60087783662634,-31.63020737591887,-15.884488728805081,-16.70366205582077,0.8191733270156902,-43.99536376766735,4863.441127791463,-0.3473977046712196,-0.3838850671083286,-0.05028482026824908,25.289411641499235,-59.747524326382575,-2.057397460937864,4878.8875732421875,4909.39990234375,4.0,88.0,-84.0,4880.157495117188,4918.892278217755,4841.422712016621,0.26690978991601194,1.5874398782958588,4880.679174804687,4890.389184570313,4870.969165039062,4923.89990234375,4855.0,9.950805755048176,37746.0,0.01811354771685247,-2174.685386545615,-8345223.468149837,11.583712203223381,4869.5267470934195,4939.501774902344,4935.033113030871,39.56266120688413,0.7909883101621183,1.174873377270447
569,4862.89990234375,4863.64990234375,4859.2998046875,4862.0,4862.0,1033.0,4914.129013671875,4903.821811520101,30.049661706942302,0.6858451599153693,-80.87436797097003,-28.75333036534903,-15.340958128871534,-16.431121270430925,1.0901631415593904,-43.48586066219228,4863.349949798353,-0.33004852983614485,-0.34336986500217737,-0.04966338424534006,25.038573476015454,-71.5642379320186,-8.405004882812136,4878.3875732421875,4909.39990234375,20.0,84.0,-64.0,4877.155004882812,4911.495497555123,4842.814512210502,0.27934205796890155,1.4082182189383052,4877.70917154948,4887.391691080729,4868.0266520182295,4923.89990234375,4855.0,9.55075517656259,36713.0,0.020327406933476882,-1878.7875997399915,-2421502.764665838,11.56244549196084,4867.970294946824,4939.138774414063,4934.3064153887735,38.86035995556738,0.8416896501669328,1.1850595151691101
570,4860.25,4867.89990234375,4860.25,4863.25,4863.25,166.0,4912.205009765625,4902.230760087939,31.52874781058904,0.8133677914385135,-67.0,-25.511464556525425,-14.640574232867948,-16.07301186291833,1.4324376300503836,-42.6640535582652,4863.3456903473625,-0.11296534017971759,-0.31546677513143817,-0.048761890267561975,24.832186009010535,-59.4767357039896,-3.359912109374818,4878.3875732421875,4909.39990234375,16.0,80.0,-64.0,4874.460009765625,4903.938288375923,4844.981731155327,0.30985983079573787,1.2094992491984853,4874.929174804687,4884.656689453125,4865.20166015625,4918.35009765625,4855.0,9.414979974218836,36879.0,0.05897722521943631,-1580.74651406285,11982224.791882986,11.605123402285816,4867.057344281268,4938.795024414063,4933.59938637993,37.62075635635988,0.8561485967370182,1.1716153718684563
571,4866.0,4866.89990234375,4860.10009765625,4863.7001953125,4863.7001953125,1281.0,4910.225009765625,4900.719757547726,32.08572873511426,0.8613891155713876,-65.19921875,-24.30349408318034,-13.88908324402928,-15.636226139140522,1.7471428951112422,-41.82754517664588,4863.355595909843,-0.151914397064238,-0.15953963264943194,-0.047598574336890895,24.800570922758414,-57.930857024326656,-2.3375244140625,4878.0250244140625,4909.39990234375,12.0,76.0,-64.0,4872.5875244140625,4899.710001301431,4845.465047526694,0.3361630256250369,1.113267919825805,4872.7825113932295,4881.93251139323,4863.63251139323,4905.75,4855.0,9.228181739453204,38160.0,0.09155850217838299,-1272.539841294943,-305195.6029351478,11.723706694387214,4865.458935922654,4938.446525878906,4932.903872040952,36.48316495162882,0.9251767744130394,1.0847164070624713
572,4866.4501953125,4866.5,4856.0,4856.89990234375,4856.89990234375,1354.0,4908.131005859375,4899.001331853452,28.336136620737506,0.5381098606417122,-91.81083470135118,-25.439125689338653,-13.684501615020963,-15.245881234316611,1.5613796192956482,-42.05644118290776,4863.109277472866,-0.27411524369898876,-0.18971802871110788,-0.04648807851261659,24.79125829529596,-81.38397575074687,-1.702709960937682,4878.2750244140625,4909.39990234375,8.0,100.0,-92.0,4870.252514648438,4894.141508505594,4846.363520791281,0.22052794721014166,0.9810166427841138,4870.73583984375,4879.9808349609375,4861.4908447265625,4905.75,4855.0,9.319025900920833,36806.0,0.03231420185230215,-2406.1193896367367,-1744830.1329394386,9.830580821093985,4864.485601011641,4938.0565258789065,4932.147613636004,35.79646323774612,0.9151336943139575,1.1048517230250654
573,4857.0498046875,4864.64990234375,4856.2998046875,4864.64990234375,4864.64990234375,957.0,4906.2430078125,4897.654216970719,37.32537009549403,1.0,-58.40594351138612,-25.353878963694115,-12.75003450836175,-14.74671188912564,1.9966773807638898,-39.63896431769168,4863.142023039649,-0.0801039837364943,-0.08768231470872456,-0.04506134555947223,24.81522760077257,-64.48763349654742,-4.869824218750182,4878.2750244140625,4909.074951171875,4.0,96.0,-92.0,4868.32001953125,4886.8564446218,4849.783594440701,0.40100256199424,0.7615121855664009,4868.672501627605,4878.065006510417,4859.279996744792,4901.39990234375,4855.0,9.249816740587201,37763.0,0.05749656557055338,-1002.852333974346,-676337.3921034603,11.35763514568921,4864.109105784816,4937.678276367187,4931.475994618171,35.1588116462836,0.9624177876362391,1.0501001023449636
574,4865.85009765625,4872.2001953125,4863.7998046875,4872.2001953125,4872.2001953125,856.0,4904.5030078125,4896.656020042947,44.614346020462314,1.0,-25.86185124384392,-22.88855698529369,-11.270300048277022,-14.051429520955917,2.781129472678895,-35.209503568200915,4863.694183177112,0.17991342871020746,-0.017713138853472365,-0.043094726367174686,24.900671995215358,23.877065597486666,-7.297534179687318,4878.2750244140625,4909.074951171875,4.0,92.0,-88.0,4867.297534179687,4882.265488724166,4852.329579635209,0.6637719141330882,0.6150416915904188,4867.421671549479,4876.624210611979,4858.219132486979,4891.60009765625,4855.0,9.189143446616686,38619.0,0.11459975916195608,63.70525391484614,7384832.941483115,12.68620984499825,4863.77611622451,4937.33927734375,4930.886185669857,33.445886726755816,0.9789887744390237,0.996701913292496
575,4874.64990234375,4880.5,4872.5,4877.60009765625,4877.60009765625,1035.0,4902.91201171875,4895.908728968959,49.167602524276624,1.0,-11.37216605392157,-19.224872185202003,-9.5517660245132,-13.151496821667374,3.5997307971541748,-29.978763585285932,4864.972353334409,0.36214192708333337,0.12647982748418407,-0.040550660151814806,24.983814356880643,131.77349030894456,-7.192431640624818,4878.8499755859375,4907.699951171875,8.0,88.0,-80.0,4866.792529296875,4879.480885774235,4854.104172819515,0.9258852743718013,0.5214258220780541,4866.9575032552075,4876.097542317708,4857.817464192708,4891.60009765625,4855.0,9.125619249536923,39654.0,0.09524214283809013,853.0186356100467,6570048.309178744,13.833309451282572,4863.979818396808,4937.018776855469,4930.355975838876,31.27272140712784,1.0528667251780162,0.9263868976938321
576,4875.39990234375,4889.0498046875,4875.14990234375,4887.5,4887.5,1111.0,4901.560009765625,4895.578974891745,56.266188481514526,1.0,-4.551581724840107,-14.366660443473847,-7.306748399845674,-11.982547137303035,4.675798737457361,-22.895432943116482,4867.3393094464,0.5741193057676891,0.21667191064264923,-0.03725376814886967,24.95686351198775,223.22580326324308,-8.065136718750182,4879.5999755859375,4907.25,4.0,84.0,-80.0,4867.2150390625,4881.911706734874,4852.518371390126,1.1901211005686074,0.6039045965474719,4866.990836588541,4876.198356119791,4857.783317057291,4889.0498046875,4855.0,9.466639470552142,40765.0,0.1692011542118459,2302.4147596523617,7006068.137398075,16.08826912072962,4864.896232417393,4936.756525878906,4929.929548218588,30.114441398449088,1.0982655549437583,0.8815936443011091
577,4884.75,4886.4501953125,4882.14990234375,4884.85009765625,4884.85009765625,1670.0,4900.0830078125,4895.158234608,54.088865933503754,0.9362822796799461,-12.7072068079071,-8.664006491268992,-5.675951890563738,-10.721228087955176,5.045276197391438,-17.869380149252585,4868.4888741033965,0.5289031173972187,0.4147093110027388,-0.03362616490523196,24.863787349328014,203.8537982185199,-1.352343749999818,4876.449951171875,4907.25,4.0,80.0,-76.0,4867.5525390625,4883.491126637166,4851.613951487833,1.0426314757414135,0.6548912393552264,4867.46083984375,4876.415869140625,4858.505810546875,4889.0498046875,4855.0,9.172600769530561,39095.0,0.06635772697153326,1341.307377693096,566555.9540251772,15.182829342916282,4867.954310587908,4936.490776367187,4929.480996471699,29.038895676104538,1.2131369725425656,0.7984276615398268
578,4884.2998046875,4884.2998046875,4875.0498046875,4878.9501953125,4878.9501953125,397.0,4898.54201171875,4894.522625223863,49.49637503427184,0.80188645901617,-30.558756611411518,-3.6387135225186285,-4.804226585749348,-9.537827787514011,4.733601201764664,-15.05938454622123,4869.291571350212,0.26201141523691907,0.30207265433474484,-0.03010227010750336,24.8775759210124,127.82417716718042,1.187451171875182,4876.449951171875,4907.25,4.0,76.0,-72.0,4868.062548828125,4884.756639551805,4851.3684581044445,0.8260928272341063,0.6858618005103105,4867.857503255209,4876.562532552083,4859.152473958334,4889.0498046875,4855.0,9.217435926617664,38698.0,0.11617058249357914,815.0832908128325,-10776702.342766058,14.703334336182603,4868.926764429031,4936.188276367187,4928.978202430314,27.162754915637965,1.1423222643191442,0.8402496099843993
579,4881.0,4881.0,4876.0,4876.0,4876.0,399.0,4896.9630078125,4893.796247764103,47.33222208442912,0.6801306907119771,-39.48527021836126,-0.31297679228009656,-4.301845114477146,-8.490631252906638,4.188786138429492,-13.431539764652653,4869.6499028784,0.13862504492478306,0.28749883016426525,-0.026858169007005068,24.75981386028654,94.50744731463821,-6.207446289062318,4875.3624267578125,4907.25,4.0,72.0,-68.0,4868.307543945312,4885.313656384821,4851.3014315058035,0.7261673878157032,0.6986457731356437,4868.3650065104175,4876.762540690104,4859.96747233073,4889.0498046875,4855.0,8.916190503287831,38299.0,0.04178068267038511,530.4816878842137,-1472186.32518797,14.462067694268868,4870.053093509033,4935.889775390625,4928.4510561374755,25.420624209490427,1.1324986470595415,0.8449998168952763
580,4876.0,4879.5498046875,4876.0,4879.0,4879.0,377.0,4895.41701171875,4893.216002753746,49.738814029564125,0.7662956558588786,-30.408060751115446,0.8103831571688715,-3.6199012824026795,-7.516485258805847,3.896583976403168,-11.355898690389848,4870.214247856579,0.34758441834417414,0.2753529783347276,-0.023768457213351833,24.582576778914074,88.4175287443614,-6.745043945312318,4872.9124755859375,4907.25,84.0,68.0,16.0,4868.745043945312,4886.36756735987,4851.122520530755,0.790961623754071,0.7239041377396731,4868.800830078125,4877.038354492188,4860.563305664063,4889.0498046875,4855.0,8.532877230731557,38676.0,0.02594296404207234,616.2700181864689,-682746.7000136641,14.694020114285241,4871.226651431845,4935.584775390625,4927.95900582765,23.80293141092486,1.1481655370221775,0.8728125586874499
581,4879.5498046875,4879.5498046875,4865.75,4868.0,4868.0,1205.0,4893.696015625,4892.227139900658,42.13611100533308,0.49409053922936946,-63.69116213101675,0.07700913373082585,-3.921855245507686,-6.797559256146215,2.875704010638529,-11.952545325081738,4870.189519253842,0.12340600575894693,0.0025800704266780716,-0.021308304165195954,24.51810413011132,20.108617975889544,-5.467553710937864,4872.9874267578125,4907.25,80.0,64.0,16.0,4868.717553710938,4886.342924716032,4851.092182705844,0.4796442948426313,0.7240252000923777,4868.932503255209,4877.522517903646,4860.342488606771,4889.0498046875,4855.0,8.909086334786446,37471.0,-0.009688985764437242,-1365.339984411598,-5869211.53721473,11.977274879605972,4871.215868106397,4935.229775390625,4927.362398804489,23.089682433899352,0.9797754414273588,0.9771953710006808
582,4868.0,4870.2998046875,4865.5498046875,4868.2001953125,4868.2001953125,296.0,4891.961015625,4891.284906779553,42.308944133658194,0.5002786096700059,-63.085423869042344,-1.6656838809740293,-4.097765359815639,-6.2576004768801,2.1598351170644605,-12.36835143765723,4870.121157195361,0.10178780265254715,0.007238051470588314,-0.019326243684136147,24.407722643662698,-9.175031236305154,-5.254858398437136,4874.224853515625,4907.25,76.0,60.0,16.0,4868.955053710937,4886.417373061762,4851.492734360112,0.4783860785250881,0.7172922796860046,4868.997493489584,4877.189998372396,4860.804988606771,4889.0498046875,4855.0,8.612008739444557,37767.0,0.05783126349538779,-1161.8260134242269,-7582504.684860641,11.989447807399698,4871.43038229937,4934.861025390625,4926.773720162778,22.44821086965885,1.0149312429298643,1.007693191459276
583,4870.2001953125,4871.14990234375,4867.75,4870.60009765625,4870.60009765625,236.0,4890.276015625,4890.473737794326,44.45094857940409,0.5769703557656863,-55.82395177732471,-2.2077105353855586,-3.9974432924946086,-5.805569040003002,1.8081257475083934,-12.080019232479328,4870.1298649495975,0.14186528911465257,0.14012426568252523,-0.017616043845930726,24.16066660874368,3.0619824963075173,-12.585156250000182,4874.662353515625,4907.25,72.0,56.00000000000001,15.999999999999993,4869.48505859375,4886.464799844141,4852.505317343359,0.5328343950021655,0.6973937098513172,4869.525830078125,4877.49833984375,4861.5533203125,4889.0498046875,4856.0,8.239715425466374,38003.0,0.027951089357319655,-914.9398753457659,2197181.8249104386,12.105789972964377,4872.28808355494,4934.530776367187,4926.2147786453,21.728352670716983,1.059792831100295,0.9196685654177699
584,4871.0,4872.89990234375,4865.2998046875,4869.2001953125,4869.2001953125,559.0,4888.518017578125,4889.639481226411,43.43781044991379,0.5406962330200326,-60.05968737996041,-2.5752383961398664,-3.984961594322158,-5.441447550866833,1.4564859565446753,-12.133998252614022,4870.119646772207,0.2532539936187353,0.08630315353881268,-0.016183128576885704,23.972659248352727,-8.608074632185215,-5.315161132812136,4874.599853515625,4907.25,68.0,52.0,16.0,4869.965063476562,4886.331606576764,4853.59852037636,0.4766331790598864,0.6721421154721029,4869.949991861979,4877.785001627604,4862.114982096354,4889.0498046875,4856.0,8.194028441950918,37444.0,0.053806841864108904,-896.0263803186923,-475988.61837642995,11.94512282836902,4872.257869944037,4934.196276855469,4925.647469358407,21.342608820660775,1.0287662314497716,0.942463077910959
585,4869.2001953125,4869.2001953125,4856.5498046875,4860.0,4860.0,2040.0,4886.567021484375,4888.477148629297,37.40402389693876,0.3246641761140283,-87.89705404367226,-4.193452722885922,-4.663688532714332,-5.285895747236333,0.6222072145220015,-14.059251608936894,4869.311580258354,-0.0955855495687308,-0.01603467689364113,-0.015334221591789399,24.0057879100357,-86.3538466603216,2.192626953125,4871.762451171875,4907.25,64.0,48.0,16.0,4870.007568359375,4886.265595987078,4853.749540731672,0.19222686206036246,0.6676797684394625,4870.0283203125,4878.220849609375,4861.835791015625,4889.0498046875,4856.0,8.512340026454423,35404.0,0.05525088312053557,-3449.2223884874506,-3860138.654708863,8.09060921531846,4871.460342991911,4933.809777832032,4924.994260708075,21.868891674838046,0.9527510392062243,0.9687857160998654
586,4857.5498046875,4865.0,4857.5498046875,4864.4501953125,4864.4501953125,332.0,4884.697021484375,4887.534915165893,41.62774466096743,0.22714829305627154,-75.11331106870229,-5.3500660615809466,-4.78730586940128,-5.186177771669323,0.39887190226804314,-14.400827677099256,4868.586618495516,-0.1590657134215504,-0.004895822463390043,-0.014705204503450751,24.072006116236615,-80.99104193502515,7.680029296874636,4871.224853515625,4907.25,60.0,44.0,16.0,4869.920068359375,4886.277650652489,4853.562486066262,0.33280313224594943,0.6717803193276685,4869.984155273438,4878.09169921875,4861.876611328125,4889.0498046875,4856.0,8.436472546886248,35736.0,-0.02344624798374965,-2745.4099267392435,-3590674.71630602,8.39461432720115,4872.572634297919,4933.446528320313,4924.391832196677,22.357582896574087,0.9968825002608787,1.0017783227242687
587,4864.4501953125,4872.2001953125,4863.0,4868.7998046875,4868.7998046875,1428.0,4884.241015625,4886.800204951054,45.49864466534511,0.42914590910873496,-62.30769230769231,-4.37236184512858,-4.482623480827897,-5.045466913501039,0.5628434326731417,-13.51101281332462,4868.603332878271,-0.18042260112670275,0.12064315397461733,-0.014047779004068051,24.09558450361927,-19.331180448856532,17.602441406250364,4870.39990234375,4906.47509765625,56.00000000000001,40.0,16.000000000000007,4869.89755859375,4886.260005584815,4853.535111602684,0.46645508135644237,0.6719832109072306,4869.823315429688,4877.790869140625,4861.85576171875,4889.0498046875,4856.0,8.491024173001517,37164.0,0.05001855414284243,-1465.8881961336374,4075142.315455845,9.671478502619275,4872.883832175406,4933.108776855469,4923.838677694098,21.673610264791176,1.0424238239698274,0.92178066999521
588,4866.10009765625,4871.7998046875,4866.10009765625,4871.25,4871.25,217.0,4883.53501953125,4886.19039299219,47.60639371970452,0.5408907221130169,-54.76862980769231,-3.6973589728859224,-3.9973710035319527,-4.835847731507222,0.8384767279752694,-12.148834848267278,4868.685793814716,-0.33248081841432225,0.011772663371676595,-0.013274026577526186,24.09974252408476,-3.4383814397854513,14.495043945312318,4870.037353515625,4891.300048828125,52.0,36.0,16.0,4870.355053710938,4886.32684774115,4854.383259680725,0.5280164609989779,0.6558780152195655,4870.03330891927,4877.763338216146,4862.303279622395,4889.0498046875,4856.0,8.291644377162124,37381.0,0.09760296581964467,-1180.519541998475,3545515.9327950897,9.780682496240187,4873.086877887117,4932.79677734375,4923.315407269281,21.03849282099276,1.0036250784696863,0.9918524150980097
589,4874.0,4874.0,4865.25,4872.0,4872.0,1833.0,4882.78001953125,4885.633906992496,48.265922200482244,0.5758564058138708,-52.4609375,-3.1290943818939922,-3.511804293360001,-4.571039043877779,1.0592347505177777,-10.84831291524894,4868.738376545917,-0.2630602249681208,-0.12398513587291526,-0.012399581683369233,24.11173711435967,-0.6283667987927444,8.095141601562318,4870.287353515625,4891.300048828125,48.0,32.0,16.0,4870.855053710938,4886.368853687081,4855.341253734794,0.5369008976144773,0.6370051995008243,4870.471647135417,4878.421671549479,4862.521622721354,4889.0498046875,4856.0,8.324384064507687,39214.0,0.1352144352044906,-815.481035998693,322240.98451138847,10.062899586309536,4872.359058693289,4932.489526367188,4922.804806201926,20.110271084243738,0.9201977774255473,1.0441829132984626
590,4867.7998046875,4872.35009765625,4867.75,4872.35009765625,4872.35009765625,719.0,4882.013017578125,4885.112973293036,48.59123790717022,0.6705016436903969,-47.15690116924685,-1.244822782628944,-3.0634259547696274,-4.269516426056148,1.2060904712865206,-9.687003002442701,4868.847813570499,-0.1352770041102512,-0.23719951172156584,-0.011456961712987438,24.123488209136465,-0.06864733151874798,4.68994140625,4868.89990234375,4891.300048828125,44.0,28.000000000000004,15.999999999999996,4871.31005859375,4886.433865482781,4856.186251704719,0.5343841689506873,0.6209338640783056,4870.822485351562,4878.62001953125,4863.024951171875,4889.0498046875,4856.0,8.058363606774995,39933.0,0.1723704114288546,-663.0237144497726,271942.43644640077,10.114566297073871,4871.169204717127,4932.196276855469,4922.302769300974,19.248350900119643,0.911417833696979,1.1486173454185449
591,4871.7998046875,4880.0,4871.7998046875,4880.0,4880.0,566.0,4881.172021484375,4884.912464536446,55.21775806310504,1.0,-15.494791666666666,1.6117963005517595,-2.066972927542338,-3.829007726353386,1.7620347988110483,-6.676368192985592,4869.735684319576,0.08203445447087777,-0.1608442605707875,-0.010180336859427378,24.148628961153772,67.0670040292942,6.874951171875182,4870.39990234375,4891.300048828125,40.0,24.0,16.0,4872.125048828125,4887.277398843391,4856.972698812859,0.759859070175289,0.6220016876993216,4871.507478841146,4879.375032552083,4863.639925130208,4889.0498046875,4856.0,8.06849444289821,40499.0,0.20727210868497617,50.243205694837684,8475254.660360383,11.003222620979134,4869.397837601082,4931.938776855469,4921.881846223353,18.41701580955073,0.8956407919033261,1.0564850524741136
592,4879.60009765625,4884.0,4875.5498046875,4878.25,4878.25,761.0,4880.2640234375,4884.651191417371,53.51827316454105,0.9045969316308857,-20.947027642392115,3.8438189338230586,-1.4023220039025546,-3.3436705818632197,1.9413485779606652,-4.642494611308747,4870.220647289643,-0.015372002459520393,0.001941747572815622,-0.008784882664322563,24.138096839353906,79.06093767422784,-5.192553710937318,4871.39990234375,4891.300048828125,36.0,20.0,16.0,4873.192553710937,4886.8372388507,4859.547868571175,0.6853266028955359,0.5599895751860586,4872.480810546875,4880.245874023438,4864.715747070312,4889.0498046875,4856.2998046875,8.09575879072691,39738.0,0.26436088857447454,-147.18439511871054,4302826.128244087,10.730323030815182,4869.719324053972,4931.688276367187,4921.447698499738,18.142832066156178,1.004849632962349,1.0029078853895335
593,4875.5498046875,4878.5,4875.0,4875.0,4875.0,423.0,4879.42001953125,4884.272713322572,50.41494411972531,0.7303870205663148,-32.78665196200505,5.0795596852021845,-1.124862482487515,-2.899908961988079,1.7750464795005638,-3.7697237759640805,4870.312905972443,0.1437962202136401,-0.034448620228952564,-0.007482752753763474,24.026258187181682,36.36020283977199,-5.509863281249636,4871.39990234375,4891.300048828125,32.0,16.0,16.0,4873.71005859375,4886.793031546776,4860.627085640724,0.5492984817320137,0.5368794120182412,4873.195817057292,4880.718375651041,4865.673258463541,4889.0498046875,4856.5498046875,7.767490305674988,39315.0,0.1890977485075711,-322.5509101017519,-2502874.279698582,10.448510905565332,4869.6789525312915,4931.413276367188,4920.985532345512,17.797864525879437,0.9901575370774421,1.0246061573063947
594,4870.60009765625,4870.60009765625,4863.2998046875,4869.89990234375,4869.89990234375,1003.0,4878.318017578125,4883.709073676344,45.915443347388376,0.477800969244023,-51.36611049841688,4.607057100183738,-1.3015061179748955,-2.5802283931854424,1.278722275210547,-4.316375699462947,4870.310568128521,0.03491448508807457,-0.11708413044445443,-0.006488805510121173,24.03771425611606,-62.7502963331435,-2.994946289062682,4871.64990234375,4891.175048828125,28.000000000000004,12.0,16.000000000000004,4873.595043945313,4886.769215210195,4860.42087268043,0.35975810063239,0.5406346299227132,4873.122477213542,4880.59003092448,4865.654923502605,4889.0498046875,4856.5498046875,8.04839780616249,38312.0,0.18468999981114123,-1007.243344261323,-7132923.983386602,9.399198505725558,4869.252282848633,4931.117775878906,4920.477217619126,17.210174814415215,0.9243715798371669,1.0414557102816213
595,4870.0,4875.5,4870.0,4875.5,4875.5,152.0,4877.528017578125,4883.387149218448,51.078496844075794,0.7676365224484507,-30.965171297449217,5.019835707720631,-0.9783387131656127,-2.2598504571814764,1.2815117440158637,-3.255391811797198,4870.8619198478455,0.10060161469852248,0.08862518451559542,-0.005507012557074748,24.033301229776537,8.79621574968081,-4.289843749999818,4873.012451171875,4890.175048828125,24.0,8.0,16.0,4873.4900390625,4886.567973336817,4860.412104788183,0.576845505388699,0.536696871010038,4872.962475585938,4880.305029296875,4865.619921875,4889.0498046875,4856.5498046875,7.873519224025883,38464.0,0.18662532169352164,-741.7493174025626,20987018.78597862,9.573989540617323,4869.10505763552,4930.850275878906,4920.029683115454,16.01113898283246,1.0841920020002211,0.9955668174846257
596,4875.5,4875.5,4866.2998046875,4872.5498046875,4872.5498046875,690.0,4876.823017578125,4882.962155315274,48.454247737684966,0.6203204638437884,-41.712618734213244,3.944841452206674,-0.9493389341769216,-1.9977481525805656,1.048409218403644,-3.144104741950455,4870.934330027921,0.06879177771792203,0.13914902045685906,-0.004682991001845577,24.117567012251413,-12.515521966014237,-12.742529296874636,4873.08740234375,4890.175048828125,20.0,4.0,16.0,4872.742529296875,4884.131922982514,4861.353135611235,0.49153929459749734,0.4674736502970042,4872.339973958334,4879.447542317708,4865.232405598958,4886.4501953125,4856.5498046875,7.968281801774034,37774.0,0.15152088826145324,-926.5900957200537,-2466849.244159201,9.156466257748908,4869.282090520396,4930.5680249023435,4919.557246514181,15.349905133828232,1.0476390085263783,0.9084899880695192
597,4871.60009765625,4872.5498046875,4869.0,4872.5498046875,4872.5498046875,623.0,4875.931015625,4882.553827839675,48.454247737684966,0.6203204638437884,-41.712618734213244,1.7955767463236043,-0.9157996323010593,-1.7813584485246645,0.8655588162236052,-3.0539426046903064,4870.966066514189,0.25822643389917693,0.10786207784800239,-0.003990936450302967,24.061257020124774,-5.311721679178561,-7.677319335937682,4873.08740234375,4889.449951171875,16.0,52.0,-36.0,4872.127514648438,4882.072066055864,4862.182963241012,0.5212322316895551,0.40822213201632557,4871.684130859375,4878.754174804688,4864.614086914063,4884.2998046875,4856.5498046875,7.652676293611603,38397.0,0.17638229735666164,-794.2200820457604,-71224.01058386838,9.156466257748908,4869.385079813141,4930.274523925781,4919.089510774613,14.735902274038592,1.0522819897147169,0.9444199118667145
598,4870.60009765625,4874.7998046875,4870.0,4874.0,4874.0,556.0,4875.04701171875,4882.218383610669,49.92103585187805,0.7026607581645021,-36.42961329111672,0.5954144646138957,-0.7634008422855914,-1.57776692727685,0.8143660849912586,-2.578802084773833,4871.011158701901,0.19631827450309636,0.14900573080793522,-0.003351125601245601,23.981057654841962,29.36771282406725,-3.0802001953125,4873.162353515625,4889.449951171875,12.0,48.0,-36.0,4871.8800048828125,4881.368972389777,4862.391037375848,0.6117084190472534,0.3895402800337504,4871.359130859375,4878.2066650390625,4864.5115966796875,4884.0,4856.5498046875,7.448899750317918,38953.0,0.20446821418715136,-565.5731283606518,1402820.6146020682,9.321946063203978,4869.571409464745,4929.987023925782,4918.640858926109,13.838568945113872,1.0870818234646584,0.9380760926567232
599,4873.9501953125,4876.2998046875,4872.85009765625,4876.2998046875,4876.2998046875,263.0,4874.13201171875,4881.986282476427,52.24200683127612,0.7810339737147829,-29.112054642791215,1.719686351103519,-0.45184015318773163,-1.3525815724590264,0.9007414192712948,-1.5396652541330795,4871.1296520447195,0.1540420699322917,0.34200290426304325,-0.0026750958626997213,23.852112184010853,76.01433218262936,-0.6449951171871362,4873.224853515625,4889.449951171875,8.0,44.0,-36.0,4871.894995117187,4881.410858694881,4862.379131539493,0.7314456031419986,0.39064321325609347,4871.233292643229,4878.003312174479,4864.463273111979,4884.0,4856.5498046875,7.163243127527353,39216.0,0.2527774569303023,-398.3700196216302,2852958.644750907,9.446043033415844,4871.35719442557,4929.693022460938,4918.219554903834,12.91297438745471,1.218799917021056,0.8767970127580127
600,4877.7001953125,4878.0,4876.35009765625,4878.0,4878.0,94.0,4873.349013671875,4881.82995767343,53.941489745754204,0.8686846973464689,-28.571428571428573,2.150278607537075,-0.06696260656462982,-1.0954577792801472,1.0284951727155174,-0.19435002347444275,4871.332118113465,0.13856812933025403,0.45813724840370296,-0.0019304809627681341,23.650910094240277,122.80907838932123,0.1550048828121362,4873.224853515625,4889.449951171875,4.0,40.0,-36.0,4871.844995117188,4881.220476847539,4862.469513386836,0.8282500600948498,0.3848842374807965,4871.196630859375,4877.871655273438,4864.5216064453125,4884.0,4856.5498046875,6.77302542645397,39310.0,0.24601251433973875,-318.62882262211167,4563731.081942295,9.478817548063473,4871.739768253455,4929.396271972656,4917.819360327677,12.302678616378927,1.2607432447360862,0.8026059963323833
601,4878.0,4881.10009765625,4877.10009765625,4881.10009765625,4881.10009765625,862.0,4872.948017578125,4881.801335711973,56.949699820631636,1.0,-14.009057885549842,3.587379365808374,0.48264397498132894,-0.7798374284278521,1.262481403409181,1.8111449903561556,4871.409263293708,0.1867836136340312,0.38099933096235794,-0.001043896555501066,23.35900031021806,140.43458145157695,-0.14990234375,4872.4998779296875,4889.449951171875,4.0,36.0,-32.0,4872.5,4882.517889957551,4862.482110042449,0.9292369796779143,0.4112012296583369,4871.629972330729,4877.815006510416,4865.444938151041,4884.0,4856.5498046875,6.574952181707259,40172.0,0.3748077936551878,108.64446342211858,893294.1197795823,10.026641283136785,4873.138953334237,4929.112521972656,4917.453994529951,12.177544984395372,1.2205476718663804,0.8395483409040224
602,4881.4501953125,4885.0,4881.0,4882.5498046875,4882.5498046875,505.0,4872.52701171875,4881.830687436503,58.32061055493884,1.0,-11.29112101165564,5.568431181066444,1.0233933507661277,-0.41919127258905614,1.4425846233551838,3.891378533652275,4871.697194541827,0.20933854971046462,0.45152264952400345,-4.015844599652707e-05,23.19327607429327,161.80814211366052,6.782519531249818,4872.824951171875,4886.675048828125,100.0,32.0,68.0,4873.21748046875,4883.9320059874435,4862.502954950057,0.9354987163205674,0.4397310631686692,4872.371638997395,4878.519173177083,4866.2241048177075,4885.0,4856.5498046875,6.391027025871026,40677.0,0.35848031466938224,197.70983304485162,3089031.5594059406,10.176628383612892,4873.762896865648,4928.857270507812,4917.106689158384,12.575842018464073,1.234960728043951,0.7834380785199475
603,4879.0498046875,4885.0,4878.7998046875,4885.0,4885.0,365.0,4872.161015625,4881.954974203699,60.60405106520908,1.0,-0.0,6.867694450827003,1.6308519652602627,-0.009182625019192425,1.640034590279455,6.32745903590992,4872.856598283863,0.10245901639344263,0.42113661242740785,0.0010971957691158182,23.09142449774009,139.697129157417,4.312524414062864,4873.21240234375,4880.375,100.0,28.000000000000004,72.0,4873.937475585937,4885.732512676132,4862.142438495743,0.9689482673716834,0.4840044481192888,4873.026635742188,4879.314184570312,4866.739086914063,4885.0,4856.5498046875,6.377396189201667,41042.0,0.3698507713157592,297.22575533308714,-1868717.8990612293,10.35979523798969,4875.013335470557,4928.59001953125,4916.78721961452,12.553382892202427,1.225448540735106,0.804311928307698
604,4883.4501953125,4883.4501953125,4881.25,4881.25,4881.25,167.0,4871.933017578125,4881.927328156496,55.58479229281094,0.6582890040484498,-17.280950452274876,7.885219439338471,1.7890505724535615,0.35046401447535835,1.4385865579782031,7.114914310432911,4873.830593403867,0.06149746322964178,0.4263644889027821,0.002122729447581484,22.993063199796016,111.27761174911902,0.4600341796876819,4873.21240234375,4880.375,96.0,24.0,72.0,4874.539965820312,4886.534846387139,4862.545085253486,0.7797040846844806,0.49214410594366054,4873.669140625,4879.686694335937,4867.651586914062,4885.0,4856.5498046875,6.189725032830119,40875.0,0.3671462258041325,165.30064742836043,593124.3211209418,10.23159667094772,4875.608123319145,4928.313520507812,4916.433615439251,12.532527989245184,1.2074210690840887,0.7810565801813066
605,4883.4501953125,4883.4501953125,4881.25,4881.60009765625,4881.60009765625,184.0,4871.811015625,4881.914495587859,55.951576744606875,0.68325967920311,-15.667611718644526,8.365814568014684,1.920535327619291,0.6644782771041449,1.256057050515146,7.868335679136182,4874.32743785848,0.1353866185897436,0.29957605883707383,0.0030391343460116553,22.925199090293063,102.75891869722037,-5.720068359374636,4873.887451171875,4878.199951171875,92.0,20.0,72.0,4875.619970703125,4885.95914323877,4865.28079816748,0.7891975606610897,0.4241172444846644,4874.678312174479,4880.173356119792,4869.183268229166,4885.0,4857.5498046875,5.90475862423511,41059.0,0.4934533092404244,150.88883618859467,0.0,10.244793693995108,4875.6466047560125,4928.018020019531,4916.087013272257,12.513162722213456,1.1685132261516165,0.8689371673145426
606,4881.5498046875,4885.0,4880.39990234375,4880.39990234375,4880.39990234375,255.0,4871.838017578125,4881.855099774365,54.2962029133328,0.5705618753625376,-21.19841591287521,8.454904354319297,1.905921930497243,0.9127670077827645,0.9931549227144785,8.078021706109784,4874.992000906047,0.21561018112398236,0.21317527204046438,0.003788985012198557,22.75682418814905,92.6872953108066,-0.9174560546871362,4874.137451171875,4873.300048828125,88.0,16.0,72.0,4876.417456054687,4885.581043235504,4867.2538688738705,0.7172973427589496,0.3758327609724594,4875.658308919271,4881.010847981771,4870.305769856771,4885.0,4863.0,5.8115685550933165,40804.0,0.45059348982314984,85.61188749200971,631121.7008852491,10.182099126934101,4875.45908955183,4927.716518554687,4915.731917641127,12.742208642448372,1.11061905749873,0.8974437854582656
607,4880.0,4882.64990234375,4879.0,4880.89990234375,4880.89990234375,379.0,4871.894013671875,4881.817641051596,54.89490683298216,0.6113216213609954,-18.894289185905226,7.421362304687136,1.9126388195836626,1.1127413701429443,0.7998974494407183,8.407774758765427,4875.675020490701,0.11075586798789867,0.24633077296479244,0.004407645781001511,22.675402399502193,69.89222910519636,-4.47265625,4874.8499755859375,4873.300048828125,84.0,12.0,72.0,4877.0224609375,4885.678091986938,4868.366829888062,0.7239837502374702,0.35495555408100743,4876.300805664063,4881.375830078125,4871.22578125,4885.0,4863.2998046875,5.657163825711651,41183.0,0.4615019672187917,100.45304642172262,-1805690.473491095,10.220927912236931,4875.7450563058155,4927.421018066406,4915.385330424238,12.649663817510262,1.097948373832843,0.8516176008680506
608,4877.10009765625,4878.85009765625,4870.7998046875,4873.5,4873.5,926.0,4871.989013671875,4881.491459049573,45.41327101781627,0.0,-61.49668389994255,5.805638212316808,1.30579928566749,1.1513529532478535,0.15444633241963657,5.966862964210017,4875.662139141142,0.019500987174844088,0.23875971258780626,0.004606680075196663,22.83985872079837,-34.92313923074859,-4.585156250000182,4874.33740234375,4872.02490234375,80.0,8.0,72.0,4877.1349609375,4885.542493811075,4868.727428063926,0.2838271350133411,0.344773435261191,4876.534138997396,4881.726692708334,4871.341585286458,4885.0,4863.2998046875,5.974516242178676,40257.0,0.3902367021049541,-892.7987559688806,-5216172.5499460045,8.817025003467597,4876.8369410135265,4927.080517578125,4914.9685609672815,12.432521615038587,1.0606255527860418,0.8218658401982355
609,4873.5498046875,4876.10009765625,4871.85009765625,4875.0,4875.0,100.0,4872.06701171875,4881.2368920280205,47.39668902793034,0.13056722590453712,-53.47537730429787,4.204900045956492,0.9351324225062854,1.10810884709954,-0.17297642459325457,4.465467356313141,4875.655784712044,0.05028569046421769,0.040479849599379336,0.004567182172718051,22.93953329751688,-41.123399886958595,-3.284960937499818,4874.33740234375,4872.02490234375,76.0,4.0,72.0,4877.2849609375,4885.423428600103,4869.146493274897,0.35961970777377344,0.3337294305247515,4876.729142252605,4881.696695963542,4871.761588541667,4885.0,4863.2998046875,5.851336510594485,40357.0,0.362034237851869,-743.8275051161835,-3611877.44140625,8.84780370460641,4876.875450106584,4926.755517578125,4914.570863843229,12.230889569886315,0.9770818101788992,0.9366019605795198
610,4880.39990234375,4881.5,4873.5,4878.64990234375,4878.64990234375,523.0,4872.235009765625,4881.1354414521675,51.969843319689765,0.43161524828995196,-39.6881103515625,3.3701703239894414,0.925227432664542,1.0715325642125404,-0.1463051315479984,4.456860372088684,4875.674924798603,0.09540218185781699,0.2085511916342413,0.004506927565190355,23.012794812528696,14.676884376913918,-1.3001464843746362,4874.33740234375,4872.02490234375,72.0,4.0,68.0,4877.599951171875,4885.431925277539,4869.76797706621,0.5670297908107191,0.32114048647155374,4877.082470703125,4882.22001953125,4871.944921875,4885.0,4863.2998046875,6.00481247412345,40880.0,0.30907142440760793,-364.86658641655015,5391820.028680689,9.239372715023068,4877.611533581273,4926.460766601563,4914.213441340747,11.65810365898914,1.0599236989299612,0.8513725072957199
611,4880.0,4884.7001953125,4879.5498046875,4882.2998046875,4882.2998046875,601.0,4872.510009765625,4881.181102755514,56.08165679272305,0.7022934794410243,-18.001302083333332,3.319152113970631,1.1980835115482478,1.0968427536796819,0.1012407578685659,5.6703841047330155,4875.731496582304,0.12304411624224391,0.3430598734501299,0.004572786197487999,23.07692418024747,83.87578334167789,0.2850585937503638,4874.58740234375,4872.02490234375,68.0,4.0,64.0,4877.71494140625,4885.749404992202,4869.680477820298,0.7853247906473116,0.3294355526088034,4877.328304036459,4882.313362630209,4872.343245442708,4885.0,4863.2998046875,6.00806108088249,41481.0,0.2522413226716405,0.6273985849212522,3963486.961834443,9.689003525288843,4878.760019001856,4926.189265136719,4913.895892717332,11.635855911301254,1.0943784060568378,0.7513185326067079
612,4884.35009765625,4889.0,4882.4501953125,4886.7001953125,4886.7001953125,997.0,4872.975009765625,4881.397537757749,60.47491640965476,0.9914991425620384,-12.636153887428234,4.121231617647027,1.7492345803420903,1.2273211190121636,0.5219134613299268,8.09321835243396,4875.982059061775,0.17835578746412464,0.3911036508602602,0.004887639609966595,23.14160296090796,133.5075310710914,2.962646484375,4877.949951171875,4872.02490234375,100.0,28.000000000000004,72.0,4878.137451171875,4887.077711074026,4869.197191269724,0.9788867568919577,0.3665439931383521,4877.66748046875,4882.55751953125,4872.77744140625,4889.0,4863.2998046875,6.05749924028374,42478.0,0.30519777262370196,627.2791206620753,2365088.9171879655,10.587594277317834,4880.449122731558,4925.939265136719,4913.625288763054,12.231279997935394,1.1172571249742171,0.7261534741139569
613,4882.9501953125,4883.10009765625,4878.25,4878.25,4878.25,582.0,4873.340009765625,4881.274104904504,50.108818972968606,0.3091051243256091,-59.065300209261146,5.227279124540473,1.487024144008501,1.279261724011431,0.20776241999707,6.834003772017357,4876.056476555046,-0.05839047754047345,0.16835280234423688,0.005007639480437084,23.22122193572064,31.954382568082625,4.249853515624636,4878.02490234375,4872.02490234375,96.0,24.0,72.0,4878.299951171875,4887.123580560884,4869.476321782867,0.4971694656658185,0.36175017843619767,4877.852482096355,4882.810026041667,4872.894938151042,4889.0,4863.2998046875,6.228406102584901,41896.0,0.284079786885718,-164.90556398607828,-4208458.760350021,9.581186379286248,4880.610395587451,4925.640764160156,4913.273295840039,11.988546152025444,0.9646905952081041,0.7963377928638672
614,4880.39990234375,4880.85009765625,4878.75,4880.85009765625,4880.85009765625,253.0,4873.765009765625,4881.257477169279,52.79032406114698,0.4856270066655883,-44.77920266137254,6.332706227021845,1.4720576705240092,1.3178209133139467,0.15423675721006247,6.690793621098126,4876.0810935253785,-0.03481187287876088,0.07444279248891472,0.005086334793190776,23.159270735272138,29.930445040414206,6.152539062500182,4878.02490234375,4872.02490234375,92.0,20.0,72.0,4878.8474609375,4886.837820952927,4870.857100922072,0.6253158002194865,0.3275511308522093,4878.463321940104,4883.160856119792,4873.765787760416,4889.0,4866.2998046875,5.969241213560979,42149.0,0.246122527189264,-47.372668126459985,-726318.359375,9.716034881726928,4880.637356404446,4925.350764160156,4912.950676952639,11.763150437966207,0.9188438640040345,0.8444010715151198
615,4880.85009765625,4880.9501953125,4878.0,4878.0,4878.0,405.0,4874.14201171875,4881.129732966562,49.64077649638953,0.27829416694759024,-60.43891184203466,6.52698471966869,1.2161979974043788,1.2974963301320332,-0.08129833272765441,5.552660572379567,4876.110788814804,-0.14329580348004092,0.014282772319322956,0.005009866290609348,23.118335014934694,4.856495463583712,2.277539062500182,4878.02490234375,4872.52490234375,88.0,16.0,72.0,4878.9724609375,4886.82649762182,4871.11842425318,0.4380916478629852,0.3219545405185889,4878.729158528646,4883.299202473958,4874.159114583333,4889.0,4866.2998046875,5.7535950777709095,41744.0,0.1797485722719131,-205.50365136285856,-236708.49976716217,9.479541334970472,4880.650268515575,4925.051765136719,4912.602909022762,11.407204641670486,0.8972769728494463,0.8829942005301233
616,4878.0,4882.2001953125,4878.0,4882.2001953125,4882.2001953125,199.0,4874.46201171875,4881.17171188209,53.99667264089379,0.5650402149395014,-37.36116327735151,5.763907398896663,1.3369366488359447,1.3053843938728156,0.03155225496312908,5.994836441925658,4876.162520110471,0.01946622919334187,-0.07462518467480672,0.00499120713512703,23.058166464202788,34.36447873105296,2.145117187499636,4878.02490234375,4872.52490234375,84.0,12.0,72.0,4879.45498046875,4886.8433593859745,4872.066601551526,0.6857792402437468,0.3028362367025824,4879.19667154948,4883.516715494792,4874.876627604167,4889.0,4869.0,5.64263795168013,41943.0,0.18424867990075489,-56.74043442709308,1319156.8192525124,9.650890016230735,4880.468157827372,4924.777766113281,4912.300394458481,11.294756673805717,0.8446412836803784,0.9192664683551851
617,4879.60009765625,4884.60009765625,4879.60009765625,4882.2998046875,4882.2998046875,143.0,4874.7230078125,4881.215950815636,54.0980742414941,0.576617162184943,-36.81386489241831,4.666844267004308,1.4242427600847805,1.3291560671152087,0.09508669296957173,6.37404513602065,4876.20816678815,0.014333559022705337,0.009657671248560429,0.005006301554234255,23.010140641615465,59.87373653068285,0.4574218750003638,4878.2874755859375,4872.52490234375,80.0,8.0,72.0,4879.94248046875,4886.704124682816,4873.1808362546835,0.6743159018812666,0.27711983250329664,4879.736678059895,4884.129231770833,4875.344124348958,4889.0,4870.0,5.5967352408458355,42086.0,0.1216649508111344,-46.59978084822264,6993006.993006993,9.653807582093503,4880.353198336186,4924.496015625,4912.001881127426,11.598804168124762,0.894486237481732,0.8848285662331715
618,4884.25,4887.0,4883.0498046875,4886.2998046875,4886.2998046875,256.0,4875.207001953125,4881.41531763414,58.09281427496382,0.8418431670166835,-14.836078768042066,5.068431181066444,1.7955026163608636,1.4224253769643398,0.3730772393965238,7.93272297258997,4877.012044564443,0.12088973161639166,0.0769133611205286,0.0051937734095609455,23.041304268497285,133.9887720223218,0.3424316406253638,4878.699951171875,4872.52490234375,76.0,4.0,72.0,4880.557470703125,4887.282608615783,4873.832332790466,0.9269305744323062,0.2755889241353167,4880.362508138021,4884.712581380209,4876.012434895833,4889.0,4870.7998046875,5.532696674535418,42342.0,0.10069958348251788,106.34304498723773,4513105.3775548935,9.863544804501867,4880.531124318554,4924.217514648438,4911.746139073297,12.26678035221276,0.9203478052769081,0.8434344441563795
619,4885.5498046875,4886.0,4880.0498046875,4880.0498046875,4880.0498046875,112.0,4875.567998046875,4881.36176810682,50.67231583638689,0.34916801463274133,-49.176369587379945,5.1207576976103155,1.567338656276661,1.4514080328268042,0.11593062344985672,6.911030227346374,4877.071797455699,-0.017416822169243694,0.02128235983442861,0.005228171315575143,23.11108079182976,38.6973141874055,-7.244970703124636,4879.824951171875,4872.52490234375,72.0,8.0,64.0,4880.744970703125,4887.188017802196,4874.301923604054,0.4460530083875323,0.2640190027442806,4880.706673177084,4885.181770833334,4876.231575520834,4889.0,4870.7998046875,5.583932626354317,42230.0,0.05520206667749262,-8.848818582367656,-10625348.77232143,9.720287119140757,4880.510105601435,4923.921762695312,4911.4307526614975,12.202407268985587,0.8819326751636499,0.8606503153292213
620,4881.0498046875,4892.0,4881.0498046875,4890.39990234375,4890.39990234375,1235.0,4876.11099609375,4881.716204743563,59.824436756921614,0.9568121784964062,-7.547560919434336,5.788071576286711,2.1963651255846344,1.6003994513783701,0.5959656742062642,9.241801588387984,4877.6909524550065,0.34677136234225914,0.09368957738698092,0.005562837378083721,23.40261165841031,182.91108768563393,-6.364965820312136,4882.074951171875,4874.0,100.0,4.0,96.0,4881.364965820312,4888.92220396029,4873.807727680334,1.0977670913691926,0.30963626743315775,4881.225,4886.165112304689,4876.284887695313,4892.0,4870.7998046875,6.038665675364723,43465.0,0.13444680193177141,1818.4682419963633,3103294.218117409,12.339598625591055,4881.800610122374,4923.674763183593,4911.221490469282,13.065691881114683,0.90217866678943,0.8084890894024491
621,4892.0,4894.0,4889.4501953125,4889.4501953125,4889.4501953125,960.0,4876.62599609375,4882.019498491365,58.74735363621972,0.8853005280305457,-19.61106200277813,7.4035127527567965,2.5884022243944855,1.7980000059815935,0.790402218412892,10.672824116880959,4877.999705342005,0.2964142628205128,0.2577226837642853,0.006035310506566577,23.530264909568263,226.3216214708967,-3.132568359375,4883.074951171875,4875.0,96.0,4.0,92.0,4881.782470703125,4890.117622960586,4873.447318445664,0.9599630800091995,0.34147987164453547,4881.785001627604,4886.752604166667,4876.8173990885425,4894.0,4870.7998046875,5.9323184619458145,42505.0,-0.06618463860494156,1428.4415288540258,2464570.105075836,12.153168319643495,4883.056760039184,4923.426013183594,4911.004860666727,14.136279564844624,1.0174924125521727,0.7597697287878874
622,4888.60009765625,4889.4501953125,4885.7998046875,4887.89990234375,4887.89990234375,247.0,4877.24599609375,4882.250102564008,56.94502011727338,0.7300936748267525,-27.5400656923043,7.959227079503762,2.7423862419163925,1.9868772531685535,0.755508988747839,11.239052417731331,4878.0662866602315,0.18960163539417352,0.3228187919463088,0.006505872386775141,23.6502711496769,130.16786409971948,0.2498291015626819,4883.75,4875.0,92.0,44.0,48.0,4882.049975585937,4890.799567656004,4873.300383515871,0.8342971141378079,0.35843926685804023,4882.028336588542,4886.978458658854,4877.078214518229,4894.0,4870.7998046875,5.769323616449684,42258.0,-0.05113225258689151,1169.6752585489867,-6059497.184598977,12.074852282464429,4884.445329851595,4923.1787622070315,4910.774960583912,14.31585153409822,1.098356012560803,0.7755372206144941
623,4887.0498046875,4895.0,4887.0498046875,4894.85009765625,4894.85009765625,542.0,4877.85,4882.744220018606,62.49959387468715,1.0,-0.6972202034883721,8.529818187040291,3.3862082607220145,2.2667434546792458,1.1194648060427688,13.592509960347018,4879.7386884133275,0.2570569909840533,0.41082899969409603,0.007220468752998038,23.867567493378576,185.03799669778348,4.15771484375,4884.5,4875.5,100.0,40.0,60.0,4882.54248046875,4892.867847936714,4872.217113000786,1.095989306225019,0.4229504406471563,4882.496671549479,4887.534293619792,4877.459049479167,4895.0,4870.7998046875,5.925100166167565,42800.0,-0.03286494657525004,1540.7224872384172,4987064.146907567,12.845532111150963,4885.192328205284,4922.966262207031,4910.616504236373,15.240194569397135,1.0963773913452715,0.6855483916511754
624,4895.0,4895.0,4889.60009765625,4894.2001953125,4894.2001953125,245.0,4878.29,4883.1934739517,61.69803676664575,0.9376647879458788,-4.704733455882353,9.730435719209709,3.800193891785966,2.57343354210059,1.2267603496853763,15.190680721305604,4880.847508209478,0.15347780097486383,0.36815192241122774,0.008027604515885906,24.095654039614015,157.25620792119364,-4.939990234374818,4884.699951171875,4875.64990234375,96.0,36.0,60.0,4883.189990234375,4894.66964613886,4871.7103343298895,0.9795529225672742,0.4701703569774199,4883.044173177083,4888.241780598959,4877.846565755209,4895.0,4870.7998046875,5.8875860359948815,42555.0,0.004535237538694189,1297.8726927445364,2810476.118204545,12.81300280564782,4886.036240190664,4922.740512695313,4910.453157878922,16.0985131021747,1.1106927482190898,0.7425408258078621
625,4891.9501953125,4896.0,4891.9501953125,4894.85009765625,4894.85009765625,422.0,4878.635,4883.650596449918,62.219838796795244,0.9782441052188781,-6.388346354166667,10.688851390165837,4.133078617144747,2.8853625571094215,1.2477160600353256,16.630386631509356,4882.554264188233,0.34028796507456566,0.3022931380242392,0.008872281334356469,24.33589688457283,146.5649472580578,-3.002392578125182,4885.5999755859375,4876.27490234375,92.0,32.0,60.0,4883.852490234375,4896.370994299212,4871.333986169539,0.9392540580294302,0.5126487374411209,4883.652506510417,4888.942594401042,4878.362418619792,4896.0,4870.7998046875,5.756315939673819,42977.0,0.03722746684664206,1151.6421350756743,1607493.0322113761,12.869040314968537,4886.9136147485115,4922.5147631835935,4910.297903548348,17.030115861866243,1.0778060112352552,0.775512873211016
626,4897.39990234375,4897.4501953125,4890.0,4890.0,4890.0,682.0,4878.685,4883.899592667569,56.07970909772376,0.5007406522625861,-38.3039614399759,10.678551528032585,3.959882749993085,3.100266595686154,0.8596161543069307,16.014926587691686,4882.834206846825,0.18746534232107884,0.2021443288793474,0.009494214472875233,24.62019507756823,105.71478599986848,-6.332495117187136,4886.4375,4877.0,88.0,28.000000000000004,60.0,4884.332495117187,4897.019718135107,4871.6452720992675,0.7233548222021466,0.5195069349026895,4884.180013020834,4889.612605794271,4878.747420247396,4897.4501953125,4870.7998046875,5.877307323447117,42295.0,-0.007924549499929065,514.5837441273637,-273101.00119134894,12.19327567752922,4887.655216938937,4922.274262695312,4910.095934358812,17.419239575049954,1.017686394985873,0.8155420661065256
627,4888.5498046875,4888.5498046875,4888.5498046875,4888.5498046875,4888.5498046875,63.0,4878.758994140625,4884.0819539232525,54.35256179371014,0.3664244664733237,-45.75990359993975,10.51645938648926,3.6633760171816903,3.2128884799852613,0.450487537196429,14.995953151372248,4882.988822865307,0.21627315882533824,0.25848300691634085,0.009863569996104892,24.70013377329532,50.23385603413386,-2.514794921875364,4886.4375,4877.0,84.0,24.0,60.0,4884.714990234375,4897.426442520424,4872.003537948327,0.6508409254438059,0.520458299469319,4884.565006510417,4889.815104166667,4879.314908854167,4897.4501953125,4870.7998046875,5.561085036950894,42232.0,-0.009828033790572125,428.0200228680975,-0.0,12.174592179638115,4888.451413389546,4922.0272607421875,4909.88154500885,17.433439210565307,1.127512418282961,0.8690294113666202
628,4885.5498046875,4891.4501953125,4885.5498046875,4890.0498046875,4890.0498046875,847.0,4878.980986328125,4884.315987286556,55.866612215382226,0.48416860865450256,-38.04789877993674,9.377653952205947,3.508980417204839,3.272106867429177,0.236873549775662,14.579122781136746,4883.105880992919,0.16078016183229377,0.26905031548293157,0.01008860668975846,24.756573407816227,50.31700965462507,-3.24267578125,4886.6875,4877.0,80.0,20.0,60.0,4885.54248046875,4897.348364879796,4873.736596057704,0.6908931199823098,0.4832988131100161,4885.2966715494795,4890.439274088542,4880.1540690104175,4897.4501953125,4871.85009765625,5.585321150382973,43079.0,0.06973239942516486,548.3743053155122,-34695.05445171838,12.434485205332983,4888.857037091763,4921.777509765625,4909.684214259384,16.764286346732955,1.0821744054360136,0.813124089953082
629,4890.0498046875,4891.85009765625,4890.0,4891.0,4891.0,103.0,4879.280986328125,4884.5781054321815,56.843130042511646,0.5217442412482242,-33.162624893307225,8.568093692555522,3.4238258789928295,3.3024506697419076,0.12137520925092193,14.501812715579081,4883.748905030442,0.17819871086464079,0.34700404539245566,0.010225588557328073,24.787732624202075,70.31278741208276,-0.0426757812501819,4887.8125,4877.0,76.0,16.0,60.0,4886.34248046875,4897.321871696272,4875.363089241228,0.7121028131129405,0.44939098196279165,4886.128336588541,4891.150944010416,4881.105729166667,4897.4501953125,4873.5,5.318519472230618,43182.0,0.06547473541455488,484.0165641543676,4355900.148743565,12.454499340382009,4889.5529423406715,4921.530759277343,4909.49830167969,16.21861137970868,1.15333088158033,0.8063268361878744
630,4890.5,4893.64990234375,4890.5,4890.89990234375,4890.89990234375,89.0,4879.518984375,4884.826019036557,56.70079959928783,0.5097101584471854,-36.696118390458736,7.565268841911347,3.3101064034972296,3.303981816492972,0.006124587004257442,14.399960670380969,4883.794530393322,0.09414276323849508,0.366297853065194,0.010273685749371882,24.846153293108376,74.24842631200084,-6.905175781250364,4887.8125,4877.0,72.0,12.0,60.0,4886.95498046875,4897.507955116426,4876.402005821074,0.6869104213127447,0.4318834402957271,4886.818334960938,4891.598437500001,4882.038232421875,4897.4501953125,4878.0,5.163618248767717,43093.0,0.04450898461510084,413.59867050285084,4069752.9074851046,12.452677894582326,4889.877767200815,4921.2805078125,4909.31324297983,16.05531636857534,1.1623490384423232,0.7960511853771292
631,4892.89990234375,4892.89990234375,4890.85009765625,4890.85009765625,4890.85009765625,398.0,4879.975986328125,4885.062257413801,56.624826875181846,0.5032866412304627,-37.93074419126726,6.574658203125182,3.179314914535098,3.2790484361013976,-0.09973352156629955,14.29518687819907,4883.879270818174,0.22131522015156174,0.31911659575649476,0.010238088615389804,24.799635684085374,66.18163024075565,3.017407226562682,4887.8125,4877.0,68.0,8.0,60.0,4887.382495117187,4897.838806803723,4876.926183430652,0.6658138473209363,0.4278900494071075,4887.28583984375,4891.910913085938,4882.6607666015625,4897.4501953125,4878.0,4.9412029943914515,42695.0,-0.004438698346602624,351.68139391315793,-102980.11290967165,12.448625007379384,4890.161852937446,4921.022507324219,4909.129530091038,15.903685286808667,1.151389168442313,0.8322725726858182
632,4890.85009765625,4895.89990234375,4890.85009765625,4895.7998046875,4895.7998046875,658.0,4880.527978515625,4885.483337699045,62.06488870939098,0.963245544419564,-9.484790661129194,6.922782628676941,3.435459865397206,3.3103307219605593,0.12512914343664683,15.688168092052734,4884.8122452387315,0.11041842081589417,0.27723332988017535,0.010325960304035698,24.825452922000444,97.46464064722166,1.612719726562318,4887.8125,4877.0,100.0,4.0,96.0,4887.837475585938,4898.909220645051,4876.765730526824,0.8595787772862474,0.45303245512624024,4887.692496744791,4892.242569986979,4883.142423502604,4897.4501953125,4878.0,4.948960258184919,43353.0,0.03507724085607368,766.7136557202068,1151171.281344985,13.114543439049061,4890.745278493598,4920.821506347656,4908.99689600742,16.3332793993234,1.1124555405918712,0.8352222107116959
633,4896.89990234375,4901.0,4896.89990234375,4899.9501953125,4899.9501953125,1948.0,4881.11498046875,4886.050665448592,65.92414434798297,1.0,-5.262127367957316,8.295861098345085,3.9280779837026785,3.433880174308983,0.4941978093936954,18.061761164543146,4885.5693286709275,0.21474807147164143,0.47020926075221703,0.010638543205776299,24.7084928237778,159.80685876700048,-1.0225830078125,4889.58740234375,4878.77490234375,100.0,4.0,96.0,4888.9224853515625,4900.273001291407,4877.571969411718,0.9857801186916114,0.46433609752879573,4888.663330078126,4893.175903320313,4884.150756835938,4901.0,4878.0,4.966905619207425,45301.0,0.18645255910897876,1812.1775531173203,1173400.6280037411,14.765951025151711,4892.831775315562,4920.614006347656,4908.906879085083,17.54201617196848,1.232591398226366,0.7623821374741491
634,4901.0498046875,4901.0498046875,4897.2998046875,4897.85009765625,4897.85009765625,820.0,4881.687978515625,4886.513388280265,62.46148558939781,0.7007618670700692,-20.64327116935484,9.29876062729727,4.101738770666998,3.567451893580586,0.5342868770864118,19.10081483743166,4885.926045883038,0.20356790260227867,0.42636133205139415,0.010983316340020845,24.623385937301748,139.13009549271905,5.077612304687136,4889.8748779296875,4878.7998046875,96.0,24.0,72.0,4889.772485351563,4901.123783769478,4878.421186933648,0.8558012487777911,0.46428738563688,4889.592488606771,4894.187556966146,4884.997420247396,4901.0498046875,4878.0,4.879983789264037,44481.0,0.09602869727348061,1307.283605796989,102829.35165777439,14.414502539048279,4894.2067724844665,4920.401005859375,4908.796861359424,18.67168353325977,1.2701369079308071,0.843775575879413
635,4895.4501953125,4898.0498046875,4895.25,4895.25,4895.25,214.0,4882.392978515625,4886.856000504567,58.373443494590305,0.34747897982160153,-37.41809475806452,9.697580135569297,3.9836391323688076,3.650689341338231,0.33294979103057676,18.822052157717568,4885.978666415465,0.008169858846984528,0.1800649398447659,0.011209306956242183,24.399130563929383,95.3453477849057,3.565209960937864,4890.287353515625,4878.7998046875,92.0,20.0,72.0,4890.634985351562,4900.8408024108085,4880.429168292316,0.7260972650032329,0.417361634626784,4890.452482096354,4895.04003092448,4885.86493326823,4901.0498046875,4878.0,4.731399567709464,44267.0,0.1165866351286544,1041.040105192062,-3303380.1016406473,14.300897408768005,4894.69225567689,4920.174255371094,4908.662066719032,19.11768499615001,1.1030122600538166,0.9229473202090507
636,4895.0,4901.0,4895.0,4897.2001953125,4897.2001953125,616.0,4883.047978515625,4887.2616552029185,60.46357484709907,0.5281052116015387,-24.836189516129032,10.481403664981372,4.001284464815399,3.7208083660336646,0.2804760987817341,19.177395558079713,4886.8804212685345,0.0612970430362309,0.3489168155242014,0.01140206632603221,24.31621821473967,115.85066589065515,3.465112304687864,4891.412353515625,4878.7998046875,88.0,16.0,72.0,4891.384985351562,4901.198239735936,4881.571730967188,0.796293652093522,0.40124645325453406,4891.299145507813,4895.9766845703125,4886.621606445313,4901.0498046875,4879.60009765625,4.822013884301645,44883.0,0.07773350405802716,1063.9372776646246,1315030.184659091,14.54630271237866,4895.162547617054,4919.960756835938,4908.548018247326,20.011018398020276,1.1539121333973354,0.804995317873134
637,4897.0,4900.2998046875,4897.0,4897.0,4897.0,569.0,4883.611982421875,4887.6435510773135,60.129800208597906,0.4992608735919625,-26.127772177419356,11.043737074907767,3.9535404756798016,3.7673547879628924,0.18618568771690924,19.37909931615586,4888.0420420633845,0.043921719784215975,0.28136616902726386,0.011533943289195407,24.178454642945905,113.57916929335906,-2.1199951171875,4892.52490234375,4879.2998046875,84.0,12.0,72.0,4892.1199951171875,4901.281686039222,4882.958304195153,0.7663266488872503,0.374548904408681,4892.095808919271,4896.688338216146,4887.503279622396,4901.0498046875,4880.0498046875,4.713284655958671,44314.0,0.02208887183272155,895.6732190250355,376898.20743822254,14.523042251652257,4895.582523094417,4919.730756835937,4908.433112593124,20.84054227118553,1.1794479179958317,0.8980817489685679
638,4897.0,4898.89990234375,4896.0,4896.0,4896.0,592.0,4884.106982421875,4887.971254956635,58.39571174709321,0.3494033710963872,-32.57938508064516,10.299623736213107,3.791307544297524,3.772145339229819,0.019162205067705163,19.086757588173235,4888.592514897052,0.1226993865030675,0.20401120647485205,0.011556810292581056,24.048046630163793,83.3853140679105,-4.055200195312864,4892.64990234375,4882.02490234375,80.0,8.0,72.0,4892.605004882813,4901.5062186714185,4883.703791094207,0.6907040544028402,0.3638639857385697,4892.671647135417,4897.211661783854,4888.131632486979,4901.0498046875,4880.0498046875,4.583757347943766,43722.0,-0.045211502639671046,683.1484734500305,-587794.1242746405,14.402151910627122,4895.765595191367,4919.5052563476565,4908.309400030008,21.29179265091448,1.1229510383777292,0.9189398319028772
639,4896.0,4898.0,4896.0,4896.2998046875,4896.2998046875,157.0,4884.592978515625,4888.297864750002,58.779522911869606,0.3825717958106604,-30.64516129032258,9.43378331801523,3.644912230744012,3.746698717532658,-0.10178648678864599,18.93862796960834,4889.066234153301,0.15853372287562115,0.13150770993283256,0.01149505602410417,23.974350069919602,70.98102412711823,-3.367700195312864,4892.7374267578125,4882.1748046875,76.0,4.0,72.0,4893.417504882813,4900.330874585132,4886.504135180494,0.7084583877902785,0.2825579340173027,4893.408317057291,4897.750821940104,4889.065812174479,4901.0498046875,4881.0498046875,4.399203251662068,43879.0,-0.04485173639470873,592.2800252339548,-573186.2062101911,14.411765745581693,4895.867408578003,4919.267004394531,4908.189901568889,21.710810860662786,1.0832524922161553,0.9517447822833227
640,4898.0,4899.4501953125,4897.4501953125,4898.0,4898.0,350.0,4885.1059765625,4888.678340642159,60.97805830677519,0.572566153504956,-19.676159274193548,9.330599437040291,3.6243057025385497,3.7222201145338367,-0.09791441199528705,19.377014690759573,4889.815118020865,0.16257902536859867,0.213193068560107,0.011424750811378894,23.91072682189015,93.35051819847001,-2.797509765625364,4892.7374267578125,4882.1748046875,72.0,16.0,56.0,4893.797509765625,4900.839933572822,4886.755085958429,0.7983695918783137,0.2878101839376556,4893.9324951171875,4897.827490234375,4890.0375,4901.0498046875,4885.5498046875,4.310002349757634,44229.0,-0.1466701467234775,592.6783586826756,828683.0357142857,14.533300043543882,4896.292967237276,4919.044753417968,4908.088509513477,22.380803108209477,1.136969355633555,0.9237762870734479
641,4896.5,4898.75,4894.39990234375,4894.39990234375,4894.39990234375,308.0,4885.393974609375,4888.90271561085,54.36584655200224,0.0,-42.90259576612903,8.582354377297634,3.2796710801967492,3.6337103076664192,-0.35403922746967,17.95157978621682,4889.931468059385,0.06951343986403598,0.27308531840182215,0.011185497002461981,23.9179741733305,36.66661940965853,-3.145092773437682,4893.6248779296875,4882.1748046875,68.0,12.0,56.0,4894.044995117188,4900.800991258097,4887.288998976278,0.5262660915696238,0.2760904792518332,4894.176652018229,4898.061661783854,4890.291642252604,4901.0498046875,4885.5498046875,4.3128663002213745,43921.0,-0.09030023139051979,349.6057248530077,-2648537.38345109,14.306915789128801,4896.338783547025,4918.801752929688,4907.952304467013,21.98260720028211,1.0699629875676189,0.7968776691657967
642,4890.0,4892.0,4889.64990234375,4889.64990234375,4889.64990234375,112.0,4885.62197265625,4888.932017051356,47.10765161556674,0.0,-100.0,6.546775907629126,2.5933656515226176,3.4256413764376594,-0.8322757249150419,14.444228963601406,4889.916547581578,-0.025557668833111717,0.1481060826683751,0.010631697872690924,23.85501889320912,-88.85824284454971,-3.282397460937318,4892.83740234375,4882.1748046875,64.0,8.0,56.0,4894.132495117187,4900.607353719086,4887.657636515289,0.15384628074172296,0.2645967843477272,4894.312483723958,4898.132478841146,4890.492488606771,4901.0498046875,4885.5498046875,4.344090135919847,43809.0,-0.10687881494532123,223.66204987400664,-12065233.503069196,14.198220134786121,4897.1378130286075,4918.529252929688,4907.770191013051,20.50107492028139,1.0844836624148173,0.9363775797464422
643,4889.64990234375,4889.64990234375,4885.2998046875,4886.14990234375,4886.14990234375,250.0,4885.844970703125,4888.822914513803,42.59510891763672,0.0,-94.60255456349206,4.1547047334561285,1.7469056643676595,3.0898942340236597,-1.3429885696560002,9.962242811121982,4889.162433208954,-0.09610180681580051,-0.07766289973551332,0.009730450854746681,23.875724560579155,-146.96488237230133,2.102319335937864,4891.849853515625,4882.1748046875,60.0,4.0,56.0,4893.697485351562,4901.032894455784,4886.36207624734,-0.014462308821196923,0.2997900514357195,4894.049145507813,4897.689135742187,4890.409155273437,4901.0498046875,4885.2998046875,4.344519244514858,43559.0,-0.18154358470509732,66.71032846343428,-5829300.785064697,14.01927071765492,4896.871069477298,4918.251752929687,4907.55506376261,20.05816145567984,0.9138106423511569,0.9914735420866703
644,4889.2001953125,4890.0,4886.0498046875,4890.0,4890.0,520.0,4886.24697265625,4888.869074728948,48.445499211833656,0.25077720472689524,-70.15749007936508,2.0501292509188715,1.370947303255889,2.746104847870106,-1.375157544614217,7.873547366621623,4889.2217342072,-0.11846490704025432,-0.0988858826851775,0.008770110592294489,23.862650210965192,-100.56278992876014,6.462719726562682,4891.849853515625,4882.1748046875,56.00000000000001,96.0,-39.99999999999999,4893.487475585937,4900.991844076604,4885.9831070952705,0.2676369710339591,0.30670839674595307,4893.836637369792,4897.404142252604,4890.269132486979,4901.0498046875,4885.2998046875,4.316353249370939,44079.0,-0.14064003787561952,343.18753600437225,417846.2120202871,14.429010660404034,4896.365752339659,4917.983002929687,4907.380386511241,19.55437579006298,0.9197616900330683,1.0186475727182458
645,4892.0,4892.64990234375,4890.7001953125,4890.7001953125,4890.7001953125,426.0,4886.5509765625,4888.940883379283,49.454406774958656,0.2940240661814678,-65.71180555555556,0.41421616498155345,1.1166257369632149,2.420209025688728,-1.303583288725513,6.489998218569121,4889.276033284546,-0.18877742897976682,0.01844110916920405,0.007822331867474722,23.576595604546156,-44.34197584535771,4.570117187499818,4891.9248046875,4882.1748046875,52.0,92.0,-40.0,4893.27998046875,4900.8513586809595,4885.708602256541,0.32963569617417077,0.30946024925735044,4893.690804036458,4897.1533040364575,4890.228304036458,4901.0498046875,4885.2998046875,4.197321041826586,44505.0,-0.2031572064583794,336.7726313073191,1670590.6726944614,14.490009270450077,4896.337452726086,4917.72150390625,4907.214414459512,18.404089258943227,0.9870723050035134,0.9686311958343093
646,4888.5498046875,4894.7001953125,4887.7001953125,4890.35009765625,4890.35009765625,155.0,4886.906982421875,4888.996146684262,48.938712841911304,0.27191882592894795,-67.93464781746032,-0.821767290900425,0.8767178507723656,2.1115107907054553,-1.2347929399330897,5.215573822729183,4889.3550682428395,-0.15312841043438524,-0.052540957946363376,0.006894450116956686,23.568370603970823,-49.954041033555775,1.9525146484375,4892.77490234375,4883.6748046875,48.0,88.0,-40.0,4893.2974853515625,4900.840013484261,4885.754957218864,0.3046153992760868,0.30827997501798987,4893.612475585937,4897.052465820312,4890.1724853515625,4901.0498046875,4885.2998046875,4.39751239598183,44350.0,-0.14472447450875556,280.9100930178807,-2144499.747983871,14.478913694243873,4896.419484385547,4917.464255371094,4907.046610312216,17.980450666671143,0.9340933597690354,0.9866343177153988
647,4892.14990234375,4894.35009765625,4886.4501953125,4886.4501953125,4886.4501953125,202.0,4887.184990234375,4888.896305453997,43.497446325357664,0.04542033117712719,-92.69593253968254,-1.1927605124074034,0.3676614241885545,1.7627409174020752,-1.3950794932135206,2.4289657128899576,4889.032718890903,-0.17976210995352637,-0.2327981746525618,0.00585053910950905,23.785642193164776,-85.05362571846756,4.0076904296875,4892.77490234375,4883.6748046875,44.0,84.0,-40.0,4893.1925048828125,4901.04837077242,4885.336638993205,0.07087419356075621,0.321093677870553,4893.63916015625,4897.474145507813,4889.804174804687,4901.0498046875,4885.2998046875,4.647683106536699,44148.0,-0.164210578863082,128.24004066711203,-3128865.1546629346,14.317824966912253,4895.085008710497,4917.178256835938,4906.841670859483,17.83868699688875,0.8317693424600705,1.0645675171126323
648,4886.0498046875,4890.2998046875,4880.14990234375,4881.5,4881.5,467.0,4887.334990234375,4888.606254259723,37.75869142608773,0.0,-93.5247418093253,-1.8023135914527302,-0.4302492075985356,1.3241428924019532,-1.7543921000004887,-1.9346217271830894,4887.940084743572,-0.320595333789456,-0.3754864104406129,0.004564647100361399,24.06420270106083,-164.01643293939648,4.2349853515625,4890.199951171875,4885.02490234375,40.0,100.0,-60.0,4892.7650146484375,4902.057552431893,4883.472476864982,-0.10613230265762093,0.37984811269842167,4893.387491861979,4897.434952799479,4889.340030924479,4901.0498046875,4880.14990234375,5.040698766337649,43681.0,-0.2591526828203269,-220.32870956211823,-11248119.535997542,13.84473282056129,4893.4292626353235,4916.8667578125,4906.589514930533,18.782828105559613,0.7455848898467433,1.1210713002873562
649,4886.39990234375,4892.39990234375,4884.0498046875,4891.14990234375,4891.14990234375,227.0,4887.6319921875,4888.706005164979,51.25875469143681,0.5814139263451521,-47.24245333832931,-2.0196691176470267,-0.28069696055081295,1.0031749218114,-1.283871882362213,-1.2006117004572592,4888.010810535878,-0.11946288863079436,-0.1833764919684998,0.003548457395465953,24.359359624692694,-69.9082823405351,3.227490234375182,4890.02490234375,4885.52490234375,36.0,96.0,-60.0,4892.772509765625,4902.059581207114,4883.485438324135,0.41264159901764486,0.3796240852380959,4893.299983723959,4897.672444661459,4888.927522786458,4901.0498046875,4880.14990234375,5.459213307581388,43908.0,-0.23901320474931978,124.07936780836295,11035371.351872247,14.293473542067211,4893.116309823247,4916.587756347656,4906.435886944596,19.0934790855222,0.820031819785516,1.0034083117540158
650,4891.2001953125,4893.64990234375,4890.7998046875,4891.14990234375,4891.14990234375,149.0,4887.894990234375,4888.801844270029,51.25875469143681,0.5814139263451521,-45.40916470787796,-2.2663186465988474,-0.16032757086304628,0.7704744232765108,-0.9308019941395571,-0.6481032917507202,4888.114253273278,-0.09906245212928921,-0.11610906308687474,0.0027496537880591795,24.51814355425693,-24.6547640406633,3.514794921875364,4889.012451171875,4885.9248046875,32.0,92.0,-60.0,4892.785009765625,4902.062633934405,4883.507385596844,0.4118789793524514,0.37923694379635514,4893.309147135416,4897.666617838541,4888.951676432292,4901.0498046875,4880.14990234375,5.27284790391486,44057.0,-0.24247699513614723,106.35374383573968,7651268.875838926,14.293473542067211,4892.440497419645,4916.309006347657,4906.283787595334,19.053764058037235,0.9116714196285735,1.0277804827154482
651,4891.39990234375,4893.39990234375,4891.0,4893.35009765625,4893.35009765625,130.0,4888.139990234375,4888.98020714792,53.90262972214074,0.6952790047639331,-31.606243833329117,-2.3634219898895026,0.1113201818361631,0.6386435749884414,-0.5273233931522783,0.6666317263208783,4888.150488821305,-0.06024359514150015,-0.13709160342993232,0.0022132885883654895,24.47726024850046,-13.483109634597422,5.089990234375364,4889.012451171875,4885.9248046875,28.000000000000004,88.0,-60.0,4892.910009765625,4902.14726574929,4883.672753781959,0.5238213540581514,0.37757718679597346,4893.361645507813,4897.73662109375,4888.986669921875,4901.0498046875,4880.14990234375,5.067637506760227,44187.0,-0.1908850630123249,132.02112194849116,-45971.68702345628,14.351951690628551,4891.6489890747325,4916.032756347657,4906.155094163104,19.016885818229763,0.8845533267102101,1.0216449301401425
652,4892.9501953125,4893.60009765625,4890.0498046875,4891.4501953125,4891.4501953125,163.0,4888.317998046875,4889.077069428884,51.31419878787048,0.5838017647697986,-41.450148000101194,-2.2784624885107405,0.17132185032642155,0.5451792300560374,-0.37385737972961586,0.9276990534893916,4888.1831467921675,-0.13372406466925277,-0.11223029617685454,0.0017955671074119607,24.57119127084264,-26.430889733062212,1.7073730468746362,4889.012451171875,4885.9248046875,24.0,84.0,-60.0,4892.692529296875,4901.851881664812,4883.533176928939,0.43218221472053564,0.37440948161330484,4893.237483723958,4897.537483723958,4888.9374837239575,4901.0498046875,4880.14990234375,4.959255754045211,44024.0,-0.28172847828633085,68.92037852281385,-816785.1921970859,14.288664969700985,4890.7807020789405,4915.725256347656,4906.008776761605,19.167956784019673,0.8863387291548873,0.9985690253317419
653,4892.0,4893.64990234375,4892.0,4893.64990234375,4893.64990234375,155.0,4888.49099609375,4889.256396209859,54.064578056854245,0.7022537140893717,-30.05287524982923,-1.046679687499818,0.39185452357014583,0.5145142887588591,-0.12265976518871324,2.0023629133334744,4888.439559571348,-0.01532363548064089,-0.07057243088231191,0.0015596121499782823,24.504057188743808,3.2340521197730396,-2.727612304687682,4889.012451171875,4885.9248046875,20.0,80.0,-60.0,4892.377514648438,4900.93002120011,4883.8250080967655,0.5743868296168414,0.3496257811693737,4892.928312174479,4897.105802408854,4888.750821940104,4901.0498046875,4880.14990234375,4.76214513098841,44179.0,-0.4793268402861831,107.78240871151901,1064453.125,14.35836916298306,4890.62013065329,4915.438754882813,4905.885802886801,19.292710479178194,0.9066249965197539,0.9771974274020658
654,4893.35009765625,4893.5498046875,4890.60009765625,4891.35009765625,4891.35009765625,218.0,4888.692998046875,4889.338502148934,50.831375444917455,0.78717178949154,-39.78421232247395,-0.4398968864888957,0.3767107509138441,0.4869535811898561,-0.110242830276012,1.915612014018231,4888.464947582314,0.03477130973497811,-0.1334917957368501,0.0013606671834759715,24.504968550437688,-15.463589721391282,-5.902612304687864,4889.012451171875,4885.9248046875,16.0,76.0,-60.0,4892.052514648438,4900.234455279858,4883.870574017018,0.4570751595599165,0.33449929684607266,4892.583317057291,4896.720792643229,4888.445841471354,4901.0,4880.14990234375,4.639835099310666,43961.0,-0.448617433771871,20.762432913444883,-1014807.4648795871,14.255918552113874,4889.924116391367,4915.135505371094,4905.74116900391,19.699592458934962,0.8807977025274986,1.0142894982643487
655,4890.5498046875,4893.0,4888.0,4888.0,4888.0,679.0,4888.82099609375,4889.286011868584,46.47164769709619,0.5343442198701756,-46.04852511829256,-0.7488353056060078,0.09330871427846432,0.4082246078075778,-0.3149158935291135,0.4866071938561635,4888.45854955675,0.03786411987406607,-0.12376979550116374,0.0010586200757247235,24.58668799977617,-55.11209900649142,-1.690014648437682,4888.9249267578125,4885.9248046875,12.0,72.0,-60.0,4891.690014648438,4899.915482414865,4883.46454688201,0.2756957565684911,0.3363037208734051,4892.257486979166,4896.504972330729,4888.010001627604,4901.0,4880.14990234375,4.665561163645618,43282.0,-0.4883991084493078,-307.16310158758296,-1159757.858523564,13.790869789874675,4889.405050608225,4914.790754394531,4905.564639959094,20.5779755642026,0.8882611728467537,1.0120309683479174
656,4886.4501953125,4889.0498046875,4885.35009765625,4886.7001953125,4886.7001953125,150.0,4888.947001953125,4889.184607297757,44.863857287029795,0.43574238076301786,-54.981710795664284,-1.7363338694849517,-0.2334813888037388,0.2798834084853145,-0.5133647972890534,-1.1696383486318451,4888.4270994466215,-0.06748066845603272,-0.12419904375990232,0.0006465110486581329,24.712907883891315,-104.67717200740279,-0.4648193359371362,4888.7498779296875,4885.9248046875,8.0,68.0,-60.0,4891.165014648437,4899.255939267259,4883.074090029615,0.2240847278721071,0.33083834197336537,4891.722485351563,4895.854956054687,4887.590014648437,4900.2998046875,4880.14990234375,4.596571582760218,43132.0,-0.5057751539600804,-291.1356160929283,-8139475.901921591,13.750982166485763,4889.284024372818,4914.433005371094,4905.376934042212,21.845363195236082,0.8822717011819801,1.0064707449418824
657,4887.0498046875,4890.89990234375,4887.0498046875,4887.75,4887.75,293.0,4889.08400390625,4889.128348188041,46.474564719627075,0.5345231137013998,-47.76670358065707,-2.2460578469672328,-0.40310766100537876,0.14328519458717587,-0.5463928555925546,-2.0700040139084086,4888.421418331471,-0.060322554944742264,0.023016285638006395,0.00021903998730941687,24.761502097121124,-64.11586683960208,-0.3524169921875,4889.724853515625,4885.9248046875,4.0,64.0,-60.0,4890.7025146484375,4898.456899884333,4882.948129412542,0.30962290635432876,0.3171072136434469,4891.245817057292,4895.405802408854,4887.085831705729,4899.4501953125,4880.14990234375,4.5682241147952025,43425.0,-0.4631697643584204,-205.60298901715282,2332268.7214145074,13.81392704976966,4889.373625514346,4914.079755859375,4905.201541663683,22.37649320766375,0.9640352972585609,0.9410190116205545
658,4891.39990234375,4891.75,4890.0498046875,4891.10009765625,4891.10009765625,199.0,4889.436005859375,4889.205671696598,51.35799910686158,0.8340121570031156,-24.74244102151079,-2.5898868336398664,-0.26416766053807805,0.06179462356212509,-0.3259622841002031,-1.403341370891363,4888.625867100665,0.015336325314611833,0.062540369007835,-6.70008863101426e-05,24.70598140928404,0.5582836814113417,-4.00732421875,4890.0499267578125,4885.9248046875,28.000000000000004,60.0,-31.999999999999996,4890.45751953125,4897.827006908029,4883.088032154471,0.5435972064369592,0.3013823286409162,4890.9458170572925,4895.045817057292,4886.845817057292,4899.4501953125,4880.14990234375,4.527636678024117,43624.0,-0.3771362137095594,-80.992642929881,1644703.0120159513,13.95032302615835,4889.560726123187,4913.745756835938,4905.061228787988,22.580395853866907,0.9633449408857311,0.9008045718778961
659,4892.0,4893.9501953125,4892.0,4893.9501953125,4893.9501953125,338.0,4889.815009765625,4889.3917314462415,55.11030919246071,1.0,-5.154535387093526,-2.38044577205892,0.07505714044691558,0.0644471269390832,0.010610013507832389,0.30902759468080376,4888.740563330809,0.15348565318837468,0.03010934852918523,-0.00013205922767431532,24.60187907196743,72.41630632911895,-8.840039062500182,4890.125,4885.9248046875,24.0,56.00000000000001,-32.00000000000001,4890.3400390625,4897.401726906603,4883.278351218398,0.7556156778449834,0.28880150614050704,4890.772493489583,4894.870003255209,4886.674983723959,4899.4501953125,4880.14990234375,4.4078124621831085,43962.0,-0.2831292352459043,68.19673574760198,1197347.9795738086,14.147279332220073,4889.703037132461,4913.435756835937,4904.9506712409675,22.05139362976535,0.9218739061646808,0.8917645576354956
660,4891.9501953125,4894.0,4891.9501953125,4893.39990234375,4893.39990234375,245.0,4890.110009765625,4889.548914618693,54.24029125185093,0.9498595489870773,-6.6914242486761575,-1.8633674172797328,0.2960781905439944,0.11077333966006545,0.18530485088392898,1.4574021768956646,4888.817954737256,0.2437755268616204,0.04706573831268657,-6.799887488364797e-05,24.506513381704945,82.89576363606042,1.039868164062682,4890.125,4886.449951171875,20.0,52.0,-32.0,4890.110034179687,4896.418233492506,4883.801834866868,0.7607612728229207,0.2579982564288919,4890.513321940104,4894.613321940104,4886.413321940104,4898.75,4880.14990234375,4.239383335420029,43717.0,-0.2405395311919957,39.19409102026599,0.0,14.119730670716967,4889.882348171321,4913.113256835937,4904.835738217115,21.560177278813907,0.9614341260511801,0.9143683877384935
661,4895.0,4898.0,4895.0,4897.0,4897.0,175.0,4890.404013671875,4889.841114045411,58.82046354738287,1.0,-5.6022102470115165,-0.2371869255512138,0.7530559979204554,0.23922987131214346,0.513826126608312,3.855895262296743,4889.03378467912,0.11960577314235941,0.15772131798332678,0.0002237089540677957,24.335667294003102,191.2745418234014,0.9098632812501819,4891.125,4887.27490234375,16.0,48.0,-32.0,4890.2400390625,4896.988335552729,4883.491742572271,1.0008642512438397,0.2759903986849254,4890.5541585286455,4894.5866536458325,4886.521663411458,4898.0,4880.14990234375,4.265148644050741,43892.0,-0.17689179167461558,123.59737656647799,6042689.732142857,14.248479005702224,4890.258218811331,4912.808757324219,4904.757770672667,20.127544570412454,1.0032631996824137,0.845541881699087
662,4895.9501953125,4899.0,4895.9501953125,4897.2001953125,4897.2001953125,365.0,4890.614013671875,4890.129705467651,59.065826447712965,1.0,-12.03867006336142,1.1988884420952672,1.118475205291361,0.415078938107987,0.7033962671833739,5.873702704603219,4889.47097651275,0.12369878432576376,0.4044287265840283,0.0006629446647428536,24.230733900633595,180.32281756062187,2.7325439453125,4891.199951171875,4889.52490234375,12.0,44.0,-32.0,4890.6175537109375,4898.00595942641,4883.229147995465,0.945471043081536,0.30214612507848104,4890.90166829427,4894.969148763021,4886.8341878255205,4899.0,4880.14990234375,4.178338361439974,44257.0,-0.16037288303571476,116.37936406590971,814755.4528223326,14.263400649374374,4891.84488876264,4912.512009277344,4904.682570917839,19.061233468624042,1.1369727759875774,0.7325440494035491
663,4899.0,4900.0,4896.4501953125,4896.4501953125,4896.4501953125,624.0,4890.978017578125,4890.3775678145075,57.679264743804524,0.9023683484859967,-24.230910242309104,2.449220186121238,1.3321970890692683,0.5985025683002433,0.733694520769025,7.184732808211739,4889.631975332101,0.06335327729227555,0.37196438208310856,0.0011508872242020115,24.213844686661513,166.26685822566543,0.317626953125,4891.375,4889.52490234375,8.0,40.0,-32.0,4891.132568359375,4898.638535220928,4883.626601497822,0.8542266473599031,0.3069214238889807,4891.431681315104,4895.459147135416,4887.404215494791,4900.0,4880.14990234375,4.1334430990156905,43633.0,-0.2303951147467305,32.89659777077978,426659.2172475962,14.16783584063976,4892.929743248482,4912.194260253907,4904.600656732712,18.334089779048035,1.1403026277554071,0.7683382456722986
664,4898.64990234375,4898.75,4896.0,4896.0,4896.0,149.0,4891.281015625,4890.598055351194,56.81706849870958,0.8416587218602853,-27.303936273039362,3.173316865808374,1.4485482598165618,0.768511706603507,0.6800365532130548,8.056879121492774,4889.954256081512,0.09301545565893934,0.16614491788956953,0.0016302573772559853,24.255618898684048,130.20152436340365,2.217333984374818,4891.375,4889.52490234375,4.0,36.0,-32.0,4891.432568359375,4899.208259612521,4883.656877106229,0.7936993954574102,0.3179310414475929,4891.843351236979,4895.8108072916675,4887.875895182292,4900.0,4880.14990234375,4.034625734800284,43484.0,-0.3673485704684653,18.61435500888267,-1568972.1843540268,14.154136303447137,4893.123528826911,4911.873759765625,4904.515078058755,17.515142733108057,0.9872388222691392,0.8210939043795696
665,4895.60009765625,4897.25,4895.0,4895.35009765625,4895.35009765625,308.0,4891.628017578125,4890.784409951392,55.52668158809175,0.7507990040269197,-31.74015931740159,3.67829733455892,1.4713548503905258,0.9090803353609107,0.5622745150296151,8.466408644879769,4890.671404086825,0.03474288815972948,0.11432118859813867,0.0020541386544211883,24.312798647078925,90.59691015802566,-0.3149658203128638,4891.7999267578125,4889.52490234375,88.0,32.0,56.0,4891.665063476563,4899.615364832399,4883.714762120727,0.7317543709825597,0.3250550171636505,4892.069181315104,4896.05165201823,4888.0867106119795,4900.0,4880.14990234375,3.9071524680288348,43176.0,-0.33572144618390687,-12.640541688814855,-913149.3506493506,14.113251923979206,4893.348872804959,4911.550510253906,4904.423884223905,16.431487516560587,0.9615521055047787,0.84723091690664
666,4896.7001953125,4896.7001953125,4892.60009765625,4892.60009765625,4892.60009765625,169.0,4891.836015625,4890.855613390799,50.319021950547615,0.3841132593513818,-50.511615505116154,3.2708223230692965,1.2530824657915218,0.977880761447033,0.2752017043444889,7.4238398718207765,4890.826751229983,0.02555531652904896,0.06653604207486852,0.0023087979021583433,24.36877085855913,41.08518220485069,-3.777563476562136,4892.5499267578125,4889.52490234375,84.0,28.000000000000004,56.0,4891.777563476562,4899.713916380152,4883.841210572972,0.5518206655928691,0.3244772600800618,4892.2216796875,4896.059155273438,4888.384204101562,4900.0,4880.14990234375,3.9209342671874894,43007.0,-0.35915395642142445,-77.2276071618413,-3578132.214630849,14.018314893791619,4893.440633348125,4911.207509765625,4904.306234606316,15.811436419593749,0.9313808394348768,0.8648447973600083
667,4892.2001953125,4892.64990234375,4889.0,4892.64990234375,4892.64990234375,163.0,4892.043017578125,4890.9259776634635,50.40973286162659,0.3905004659459501,-50.171649501716495,2.1797636144301578,1.0717642197014356,0.9966574530979135,0.07510676660352211,6.578369576029633,4890.94868939567,0.09512893501943535,-0.13319991995197122,0.0024366290724438305,24.48754270254292,-22.250739329297662,-5.387353515625364,4892.2874755859375,4889.52490234375,80.0,24.0,56.0,4892.087548828125,4899.642504714585,4884.532592941666,0.5372175247662612,0.30886429611298716,4892.33916829427,4895.964143880208,4888.714192708333,4900.0,4880.14990234375,3.901574844084812,43170.0,-0.2937434093286991,-65.03535412979255,-8565392.23091734,14.019974167776915,4893.373297825601,4910.875759277344,4904.190251200719,16.14132465659511,0.8309485691414848,0.9641484890934561
668,4893.0498046875,4893.39990234375,4889.7998046875,4890.25,4890.25,512.0,4892.122021484375,4890.899468735484,46.04681513945331,0.08329534017708065,-66.55334466553344,1.0775074678313104,0.7260467263149621,0.9425353077413233,-0.21648858142636118,4.625551923087888,4890.94164133425,0.07264216231036849,-0.06991401743397951,0.0023734173427094963,24.54873752610334,-43.582671665955985,-4.775048828125364,4892.2874755859375,4890.324951171875,76.0,20.0,56.0,4892.525048828125,4898.4044886439515,4886.645609012299,0.3065250347489357,0.24034377983345764,4892.697501627604,4895.994986979166,4889.400016276041,4900.0,4884.0498046875,3.880040759239468,42658.0,-0.29891181577190734,-231.28030353982217,544867.9905384779,13.76883214361299,4893.189579302508,4910.545510253906,4904.051542233548,16.190329194820748,0.8794364134682933,0.9493504309022728
669,4890.2001953125,4892.5498046875,4890.2001953125,4890.25,4890.25,104.0,4892.326025390625,4890.873999373308,46.04681513945331,0.08329534017708065,-66.55334466553344,0.032651654411893105,0.4469114055564205,0.8434105273043428,-0.39649912174792235,2.9974534359295317,4890.894902716846,0.05114827886041635,-0.016060393772415082,0.0021803135657970695,24.52585448517891,-52.12241716703629,-1.379956054687682,4892.2874755859375,4890.5498046875,72.0,16.0,56.0,4892.480053710938,4898.414417886569,4886.545689535306,0.31210676957650385,0.2425912465858758,4892.787508138021,4895.78496907552,4889.79004720052,4900.0,4885.35009765625,3.7707242317937917,42762.0,-0.35477299178977606,-198.24026017699046,-507998.0079944317,13.76883214361299,4893.7600435703725,4910.2010107421875,4903.914213455106,16.235833408887412,0.9368458474053472,0.9529062411777622
670,4892.60009765625,4892.60009765625,4890.4501953125,4890.4501953125,4890.4501953125,292.0,4892.32703125,4890.857379606217,46.494825556869465,0.03441201538337441,-73.74255335193425,-0.6968821806058259,0.2390926303969536,0.7225469479228651,-0.4834543175259115,1.725280706877337,4890.872339142064,-0.013287447215840553,0.13562314939434716,0.0019122340811501635,24.530486118314975,-45.60951374432288,1.505126953125,4892.2874755859375,4890.5498046875,68.0,12.0,56.0,4892.445068359375,4898.418508470511,4886.471628248239,0.3330214240236602,0.24419038037925253,4892.752522786459,4895.714973958334,4889.790071614583,4900.0,4885.35009765625,3.669250904969235,43054.0,-0.3785021227376998,-161.56921854456326,110548.04063823126,13.780785935597072,4893.824012859727,4909.866010742187,4903.780243125329,16.25871906119438,0.9944979811574697,0.8588748317631225
671,4892.5498046875,4894.25,4891.2998046875,4892.14990234375,4892.14990234375,391.0,4892.381025390625,4890.908066772396,50.27046306289701,0.32442155732394895,-71.36452414772727,-0.8991368910847086,0.20913611525338638,0.6198647813889694,-0.410728666135583,1.5475713128838264,4891.060427943976,-0.03678609092659643,0.11346354392978186,0.0016695822467690912,24.363103901622342,-5.322771561774523,1.014843750000182,4892.2874755859375,4890.599853515625,64.0,8.0,56.0,4892.38505859375,4898.345024286869,4886.42509290063,0.4802720131198664,0.24364254332968094,4892.751684570312,4895.741650390625,4889.76171875,4900.0,4885.35009765625,3.678576175150004,43445.0,-0.4121427088731774,-43.547123149804236,942972.8588484742,13.916680469367336,4894.083995631856,4909.545261230469,4903.664518341434,15.64902696695424,0.964412966020683,0.8509494220909012
672,4893.89990234375,4898.0,4893.89990234375,4897.0498046875,4897.0498046875,148.0,4892.5640234375,4891.148919239655,59.207150814748715,1.0,-26.819957386363637,0.1699807559743931,0.5741579941686723,0.61072342394491,-0.03656542977623767,4.012464867914088,4891.090667002124,0.07458827025360909,0.16239762115916323,0.0016467683544056156,24.1295554208613,90.93802752187105,4.3349609375,4891.9749755859375,4890.599853515625,60.0,4.0,56.0,4892.6650390625,4898.940771064789,4886.389307060211,0.8493429629723295,0.25653634377929024,4892.982511393229,4895.999967447917,4889.965055338542,4900.0,4885.35009765625,3.8336848523714324,43593.0,-0.3931835073572883,66.27182971088207,8795952.877482854,14.064915000473507,4894.322704093309,4909.250510253906,4903.598700295127,15.183576154361418,0.9690229015598101,0.8066252804006468
673,4897.89990234375,4899.5498046875,4897.89990234375,4899.0,4899.0,1039.0,4892.647021484375,4891.456804759669,62.12454675568285,1.0,-9.090909090909092,1.544249770220631,1.0091718217336165,0.6904131035026513,0.31875871823096524,7.016526400229795,4891.310024083547,0.04084133142740453,0.2045139180893112,0.0018468456154157767,23.6779173500453,134.73793469133759,4.267651367187682,4892.1749267578125,4890.599853515625,100.0,32.0,68.0,4892.932543945312,4899.783159362531,4886.081928528094,0.9428402183720469,0.28002084049556103,4893.268343098958,4896.285799153646,4890.250887044271,4900.0,4885.35009765625,3.738421648630616,44632.0,-0.31101424269457645,346.26912970754177,440646.57176424377,14.47868512953109,4895.393318017732,4908.974509277344,4903.5529420832345,15.173953783113344,1.0139916743755781,0.809477756286267
674,4897.14990234375,4898.39990234375,4892.4501953125,4892.4501953125,4892.4501953125,219.0,4892.612021484375,4891.4957612519365,49.35729061867657,0.20590438740011868,-68.63458806818181,2.4432344324441146,0.8160025455035793,0.715530991902837,0.10047155360074234,5.614680757821103,4891.341285199195,-0.09699419689941619,0.05691750364180026,0.0019225189902667102,23.41628064348864,25.17054398640613,3.462646484375,4893.14990234375,4890.599853515625,96.0,28.000000000000004,68.0,4892.987548828125,4899.804038704539,4886.171058951711,0.46058429445598625,0.2786228171803517,4893.398347981771,4896.565804036459,4890.230891927084,4900.0,4885.35009765625,3.939234722835572,44413.0,-0.32801324496499823,91.88679309753584,-8964781.347475095,14.185889206574876,4895.4679329483,4908.681259765625,4903.442466990989,14.640563182274033,0.8949915663574332,0.8380740627156329
675,4893.9501953125,4893.9501953125,4890.25,4893.39990234375,4893.39990234375,118.0,4892.583017578125,4891.570433451616,50.931923649896454,0.30384314323992767,-60.00088778409091,2.6898380055145026,0.731120026215649,0.7186487987653994,0.012471227450249533,5.010988823424394,4891.370567043991,-0.062296007251745875,-0.17582267490073278,0.0019457648892630824,23.343495219152082,-25.73040248220431,2.742456054687864,4893.4749755859375,4890.599853515625,92.0,24.0,68.0,4893.257543945312,4899.6787450170605,4886.836342873564,0.5110850288635412,0.26245097520745136,4893.541682942709,4896.644148763021,4890.439217122396,4900.0,4885.35009765625,3.922160479240174,44531.0,-0.23171485227086702,94.76945546753072,-10426244.695307845,14.208794995129438,4895.347077196478,4908.400009765625,4903.342540974599,14.667294366558888,0.8201773641232768,0.9960000390240096
676,4891.10009765625,4894.2998046875,4891.10009765625,4892.64990234375,4892.64990234375,125.0,4892.636015625,4891.6127655650325,49.61980304765792,0.22223209053930745,-66.81906960227273,2.619700712316444,0.5964557159331889,0.6942101821989574,-0.09775446626576845,4.1190674572943236,4891.376149642518,-0.06842519722732843,-0.19024784063497002,0.0018991470630910412,23.37570943923048,-32.25270272677781,1.7950683593753638,4893.6749267578125,4890.599853515625,88.0,20.0,68.0,4893.555029296875,4899.2429036371705,4887.867154956579,0.42043363663009814,0.2324638961345481,4893.8241780598955,4896.901643880208,4890.746712239583,4900.0,4887.0498046875,3.87055666152659,44406.0,-0.2265574459693939,67.83810468645491,1535484.4093322754,14.189636536415463,4895.10028583282,4908.1090087890625,4903.236146560362,14.582283168938172,0.8187203330480118,1.0089681736829819
677,4895.10009765625,4897.60009765625,4895.10009765625,4895.7001953125,4895.7001953125,253.0,4892.7790234375,4891.773056927679,54.728113053813,0.5399578822174405,-36.48986392668703,2.4386934168196603,0.7274804878234136,0.7008642433238487,0.0266162444995649,4.96199958663852,4891.4687402845775,0.007151636742336703,-0.10369431091260073,0.0019258001570677122,23.402145426999084,57.61176583992442,-1.3524414062503638,4893.7750244140625,4890.599853515625,84.0,16.0,68.0,4893.9525390625,4899.041795675735,4888.863282449266,0.6717005432045782,0.20798144537009328,4894.202522786459,4897.212483723959,4891.192561848959,4900.0,4889.0,3.947673708024691,44659.0,-0.2188376029109412,168.39324988749706,3606864.114995059,14.347367855127661,4894.769631965656,4907.826760253906,4903.161161970831,13.547870890221345,0.843985389303153,0.9476797002157538
678,4896.25,4898.64990234375,4895.64990234375,4896.10009765625,4896.10009765625,248.0,4892.900029296875,4891.942744799388,55.36706748405222,0.579699460537745,-32.69925020827548,1.8553208295043078,0.8537458893724761,0.7314405725335742,0.12230531683890189,5.83072570698935,4891.728384868436,0.071536604875527,-0.039552491806983836,0.0020125918094417053,23.515151925395998,69.60054376727695,-1.5526367187503638,4893.7874755859375,4890.599853515625,80.0,12.0,68.0,4894.2025390625,4899.197101111655,4889.207977013346,0.6899624606797004,0.20410115884215674,4894.494189453126,4897.569140625001,4891.419238281251,4900.0,4889.0,3.87998272888007,44907.0,-0.2538766233167906,158.50504008214034,967505.6703629033,14.367625586870513,4894.814536594943,4907.5477612304685,4903.090902624418,12.868306434191814,0.864024183523562,0.9035766753305459
679,4898.60009765625,4899.0,4895.5,4897.5498046875,4897.5498046875,548.0,4893.031025390625,4892.162629500882,57.69791591135315,0.7246731721867237,-18.957696936036285,2.05634191176523,1.0585886208355078,0.7968701821939609,0.26171843864154687,7.256687046777564,4892.137913200923,0.10014823135828248,0.012230109979034176,0.002189879694778606,23.663770257651514,77.1856060605841,-4.132519531250182,4893.7874755859375,4890.599853515625,76.0,8.0,68.0,4894.38251953125,4899.58292145279,4889.18211760971,0.8045231122551219,0.21250492378916733,4894.6966796875,4897.84912109375,4891.54423828125,4900.0,4889.0,3.8528411053886367,45455.0,-0.28467633480587895,249.35281337397743,63930.984831204376,14.529885229704412,4895.060628574789,4907.276760253906,4903.035767321563,12.33286245702543,0.8832346342001692,0.8710045242211351
680,4896.9501953125,4900.0,4896.9501953125,4900.0,4900.0,329.0,4893.21302734375,4892.469977363592,61.36981348555662,0.9530572292073609,-0.0,3.117374195771845,1.4024714282977584,0.9179904314147205,0.4844809968830379,9.617127091292454,4892.85798335644,0.19937631000460102,0.11622278300515032,0.002513700990156464,23.733080967484725,111.0351201541362,-4.4625244140625,4893.9000244140625,4890.599853515625,100.0,4.0,96.0,4894.7125244140625,4900.433247909458,4888.991800918667,0.962133468799274,0.23375115359121432,4894.990014648438,4898.192456054688,4891.787573242187,4900.0,4889.0,3.795481361253734,45784.0,-0.24464377297063095,328.89016257948066,1135656.1017253841,14.694480647813464,4895.389309537609,4907.015261230469,4903.005560681548,12.113652263899327,0.9548486355150708,0.8386258525099205
681,4901.0498046875,4906.0,4900.5498046875,4902.10009765625,4902.10009765625,796.0,4893.43802734375,4892.847629139775,64.23535180473672,1.0,-24.073181023569834,4.853695140165655,1.823441857681246,1.0990807166680256,0.7243611410132202,12.518045733437885,4893.737984811999,0.24232089680997904,0.40808724531011586,0.0030006799836618837,23.910929798874957,188.8001219043011,-4.517333984375,4896.9000244140625,4893.074951171875,100.0,4.0,96.0,4894.967529296875,4901.474087997159,4888.460970596591,1.0481060486754719,0.2658468584864461,4895.300846354167,4898.625797526042,4891.975895182292,4906.0,4889.0,3.952946978307039,46580.0,-0.28081327405552164,520.7169585502692,3286416.2071266365,15.035639369114453,4896.679831162602,4906.7352612304685,4902.996551099206,13.270839706292133,1.0790413786913204,0.6709541333812046
682,4901.0,4903.7998046875,4899.0498046875,4902.25,4902.25,288.0,4893.56703125,4893.216349565666,64.43812831388718,1.0,-23.734470610050064,5.392167394301396,2.1444400521959324,1.308152583773607,0.8362874684223254,14.91926421936848,4894.1600048595,0.24128258577932396,0.3051289939788159,0.0035761291891899857,24.10789531185339,143.54554038719482,-3.070117187499818,4897.324951171875,4893.074951171875,100.0,44.0,56.0,4895.22001953125,4902.409610426936,4888.030428635564,0.9888998950530419,0.29373923406916647,4895.516666666667,4898.926627604167,4892.1067057291675,4906.0,4889.0,4.009879336999393,46868.0,-0.2596724738650924,452.4962323288022,-3051376.3427734375,15.04444618132553,4897.55306404958,4906.451511230469,4902.9891227300595,13.855011430013452,1.0360040434228452,0.7308750494440294
683,4902.10009765625,4903.5498046875,4899.60009765625,4901.5,4901.5,689.0,4893.59802734375,4893.541198602306,62.52794364641086,0.8935433073083922,-28.571428571428573,5.884527228859952,2.311667241036048,1.5088555152260954,0.8028117258099525,16.397762589244877,4894.315291970692,0.19112451259456542,0.30970933511047327,0.004149162223368147,24.356135095770785,127.68302539290535,1.5772949218753638,4897.8125,4893.074951171875,96.0,40.0,56.0,4895.472509765625,4903.154968774336,4887.790050756913,0.8922891243246694,0.3138597548402742,4895.712491861979,4899.142447916666,4892.282535807291,4906.0,4889.0,4.005581315160151,46179.0,-0.17042606727848245,314.03248485325906,86071.78883213436,14.939035400561563,4898.17961613833,4906.15951171875,4902.974305588466,14.397456602040393,1.0376189743852635,0.7279096392747902
684,4902.0498046875,4903.25,4901.0,4901.0,4901.0,126.0,4893.661025390625,4893.833700617902,61.22491473826355,0.7869340125154928,-31.746031746031747,6.568346449907949,2.376455867722143,1.682375585725305,0.6940802819968379,17.284142887092198,4895.821898794063,0.08066479758320688,0.3242722767616423,0.004667859556758187,24.549405738585495,118.01229679673037,3.277490234375364,4898.0250244140625,4893.074951171875,92.0,36.0,56.0,4895.722509765625,4903.7739169028455,4887.671102628404,0.8277371361571106,0.3289159923243402,4895.954158528645,4899.3591145833325,4892.549202473958,4906.0,4889.0,3.8801826497915686,46053.0,-0.16764672271146203,260.1707013027935,982230.0502232142,14.926182192359988,4898.649355105088,4905.87951171875,4902.954660756741,14.901155690351121,1.0613504283745732,0.7370781516129309
685,4902.7001953125,4902.7001953125,4900.0,4900.0,4900.0,120.0,4893.756025390625,4894.075516279945,58.59492191504795,0.6125409929519418,-38.095238095238095,6.874224494485134,2.3203619898540637,1.809972866551057,0.5103891233030067,17.33788892590912,4896.424996060953,0.020412329046744233,0.2582711524196012,0.005078809327634522,24.72162872614277,89.43610543893968,-3.504809570312318,4899.0250244140625,4893.074951171875,88.0,32.0,56.0,4895.955004882812,4904.215791004994,4887.694218760631,0.7448311248687528,0.33745351474606006,4896.205826822917,4899.633292643229,4892.778361002604,4906.0,4889.0,3.795897839985028,45933.0,-0.15856577950389703,205.86060111668013,-1743656.3968658447,14.901697393339383,4899.174217285608,4905.584760742187,4902.925261147221,14.998904406058646,1.0446829864292884,0.7864118340096872
686,4901.75,4903.5,4899.60009765625,4899.64990234375,4899.64990234375,659.0,4893.80501953125,4894.294119654996,57.66105953716777,0.5506172194352522,-40.318080357142854,6.243221507353155,2.222042905100352,1.8923868742609162,0.32965603083943584,17.137786784748087,4896.967120810774,0.1471595365068428,0.15740883073667844,0.005376007784408183,24.88838957315676,80.5419858795373,-2.9075927734375,4899.125,4893.074951171875,84.0,28.000000000000004,56.0,4896.3074951171875,4904.567214412946,4888.047775821429,0.7023317686037452,0.3373856443450585,4896.5533203125,4899.970776367188,4893.1358642578125,4906.0,4889.0,3.803326733111097,45274.0,-0.2137452013378557,143.4927501759044,118329.29344929765,14.854612830998832,4899.4569608679085,4905.2890112304685,4902.892670512361,15.301584295211212,1.0231483574612763,0.8657395267245979
687,4897.2998046875,4899.39990234375,4896.0498046875,4896.0498046875,4896.0498046875,123.0,4893.786015625,4894.362970048428,49.010879318927635,0.0,-63.17584325396825,5.359116498161711,1.8325025794520116,1.8804100152991352,-0.04790743584712365,14.429318046713128,4896.961098241579,0.05415258095870724,-0.07803693594697114,0.005430041669925995,25.016695662251806,6.475436094935141,-3.827587890625182,4899.125,4893.074951171875,80.0,24.0,56.0,4896.477490234375,4904.567301936603,4888.387678532147,0.47356640904525654,0.33043393820812744,4896.839982096355,4900.2424479166675,4893.4375162760425,4906.0,4889.7998046875,3.7888103704781613,45151.0,-0.2550739242301686,59.734927048096644,-10418518.578133933,14.764236575440869,4899.539624288217,4904.972761230469,4902.8245822951985,14.348992842144966,0.9038141150615008,0.9818510510084719
688,4896.0,4896.0498046875,4894.5498046875,4895.89990234375,4895.89990234375,149.0,4893.784013671875,4894.423241903147,48.68338622913297,0.0,-64.12760416666667,4.009238568473847,1.494465925617078,1.803221197362724,-0.3087552717456459,12.111740789229376,4896.955261985019,0.06642617119289766,-0.05095510331505726,0.005302284645533367,25.003337054243687,-33.027309222402614,-1.0597900390621362,4898.887451171875,4893.074951171875,76.0,20.0,56.0,4896.759985351562,4904.338655026578,4889.181315676547,0.44325633358532895,0.3095381312413449,4897.057478841146,4900.354939778646,4893.760017903646,4906.0,4890.2001953125,3.6253239154440067,45002.0,-0.19437382301408426,48.010587581404266,-2441324.323615772,14.759674642840157,4899.652581641566,4904.656010742187,4902.755680007125,13.634013838587277,0.9850149265380188,1.035970029853076
689,4896.9501953125,4899.0,4896.9501953125,4897.25,4897.25,461.0,4893.803017578125,4894.534095161847,51.806849530450044,0.19825543855393452,-58.72521710634114,2.9594022863057035,1.320291540625476,1.7066352660152746,-0.38634372538979855,10.949969704302767,4896.957104908702,0.03165644597648965,0.1546907862905217,0.00510177169449392,24.959111603590273,7.884238416932191,-1.0098876953125,4898.887451171875,4893.074951171875,72.0,16.0,56.0,4897.1099853515625,4904.075491439324,4890.144479263801,0.5100505725408462,0.2844741534740592,4897.394148763021,4900.676619466146,4894.111678059896,4906.0,4890.25,3.587807754073006,45463.0,-0.21644455585123024,130.06550643138223,1189550.5570020697,14.8868004076527,4899.643490066912,4904.349760742188,4902.700897121483,13.21322513777935,1.0566291114117288,0.9019383251212071
690,4897.2001953125,4899.0,4893.75,4897.0,4897.0,313.0,4893.783017578125,4894.630797312363,51.185572226885625,0.15882113361754166,-73.46938775510205,1.6945283777567965,1.1488410504953208,1.595076422911284,-0.4462353724159631,9.811890596799753,4896.959609047469,0.018379982553477222,0.06309731492718451,0.004841201411745544,25.07966756873576,-27.471839256495272,0.1123291015628638,4898.137451171875,4893.074951171875,68.0,12.0,56.0,4897.437475585937,4903.7001534737765,4891.174797698098,0.4650728016216025,0.25575325541404975,4897.664973958333,4901.102449544271,4894.2274983723955,4906.0,4890.25,3.7065357716392198,45150.0,-0.16448864081388978,100.3061483697562,-2683869.870706869,14.870822052453345,4899.626280868971,4904.043010253907,4902.64417177699,12.63335812353159,0.9757281553398058,0.9126308404126213
691,4893.7998046875,4898.2001953125,4893.39990234375,4894.60009765625,4894.60009765625,233.0,4893.787021484375,4894.62959340428,45.5397500809646,0.0,-90.4747142026739,0.34378733915491466,0.8099763364989485,1.438056405628817,-0.6280800691298685,7.1551819493735485,4896.382348542923,-0.06022821918884423,-0.07010887652736175,0.004446387757882856,25.184706708114184,-64.05604299962863,2.440014648437682,4897.9874267578125,4893.074951171875,64.0,8.0,56.0,4897.559985351562,4903.491220998628,4891.628749704497,0.25048304675124955,0.24221186324641678,4897.806648763021,4901.336629231771,4894.276668294271,4906.0,4890.25,3.784661285718561,44917.0,-0.16116824523773754,6.094234874969615,-1184521.0591099293,14.756634336281465,4899.60640178802,4903.72451171875,4902.564131238476,12.18875584566942,0.9386582988636903,1.008767175391052
692,4894.7998046875,4895.5,4887.35009765625,4889.5498046875,4889.5498046875,641.0,4893.78501953125,4894.4303860036225,36.43268408217382,0.0,-88.20526246890954,-0.9316190831805216,0.13238116607226402,1.1769213577175064,-1.0445401916452424,1.5439223751424471,4894.231314573783,-0.21326929209183673,-0.2468974695796461,0.003768440126251392,25.43858526133916,-163.43443367279886,4.915112304687682,4896.050048828125,4893.074951171875,60.0,100.0,-40.0,4897.184985351562,4904.069576718753,4890.300393984372,-0.05451226200941164,0.28116525668454245,4897.530818684896,4901.263289388021,4893.798347981771,4906.0,4887.35009765625,4.096464218435092,44276.0,-0.20061278327165089,-457.2389119598474,-5562530.850843408,14.095244697009653,4898.702487871004,4903.381760253907,4902.434635451899,13.145357561019082,0.8274422704646017,1.0743397400442478
693,4890.60009765625,4893.2001953125,4885.0,4886.14990234375,4886.14990234375,339.0,4893.78501953125,4894.105661154216,31.81936120085271,0.0,-94.52427455357143,-2.0575899011946603,-0.6712241392178839,0.8072922583304283,-1.4785163975483122,-4.963428819899467,4891.544607505918,-0.32537473725038724,-0.30718537075747177,0.0027869789581576746,25.754546632926974,-191.10396485723788,5.70751953125,4894.875,4893.074951171875,56.00000000000001,100.0,-43.99999999999999,4896.54248046875,4904.875673371743,4888.209287565757,-0.12356519559673315,0.3403704935158669,4896.995825195312,4901.055810546875,4892.93583984375,4906.0,4885.0,4.389587868011157,43937.0,-0.30846172032980074,-556.5714808986193,-5623909.646430901,13.859524244090576,4898.161777023546,4903.029760742187,4902.272598306545,14.453209728930274,0.8047439722989037,1.1119293430563755
694,4883.4501953125,4889.14990234375,4882.60009765625,4882.60009765625,4882.60009765625,400.0,4893.637021484375,4893.654462585669,27.853598740619688,0.0,-100.0,-4.268783030790473,-1.5763554601517171,0.3305627146339992,-1.9069181747857162,-11.976639520469877,4888.43514896144,-0.40083435858534344,-0.42813155630688426,0.001497326277285722,26.0826585023764,-216.2809290114923,5.450024414062682,4893.675048828125,4893.074951171875,52.0,100.0,-48.0,4896.049975585937,4906.248039512887,4885.851911658988,-0.15943290932627346,0.4165833264693784,4896.513321940104,4900.603312174479,4892.423331705729,4906.0,4882.60009765625,4.543889069403217,43537.0,-0.3264508592519488,-679.9072514845308,-5280939.936637878,13.56892287012969,4897.108436588761,4902.651010742187,4902.076852031418,16.05870555271282,0.7557997373703832,1.1839312936772675
695,4883.0,4886.14990234375,4882.0,4882.0498046875,4882.0498046875,206.0,4893.464013671875,4893.199377962211,27.28586186221851,0.0,-99.7715360838597,-6.363350183823059,-2.3114377807823985,-0.19783738444928034,-2.1136003963331182,-17.614698704243985,4886.227973242267,-0.3968212855758441,-0.6332574562800563,3.175717267224248e-05,26.334418022948118,-202.28089031056797,5.517529296875182,4892.3499755859375,4893.074951171875,48.0,100.0,-52.0,4895.482470703125,4907.336104748824,4883.628836657425,-0.06660539560432367,0.4842682663715853,4896.05664876302,4900.169124348958,4891.944173177083,4906.0,4882.0,4.515747160427987,43331.0,-0.3626742239486813,-598.9719800670979,-3626226.6265535816,13.545705660181062,4895.545186124954,4902.273259277344,4901.877577928493,17.64437894745901,0.6905381573529527,1.323795613633009
696,4882.4501953125,4885.39990234375,4882.4501953125,4883.2001953125,4883.2001953125,78.0,4893.321015625,4892.8072531524185,30.476190378663418,0.09052610841723636,-94.43059772510989,-8.339819335937136,-2.769246753860898,-0.7121192583316039,-2.057127495529294,-21.173954771057748,4885.389360340302,-0.363187200316262,-0.5923480333730632,-0.0014428823761848235,26.451609845231594,-167.12070541001896,4.990014648437864,4892.25,4893.074951171875,44.0,96.0,-52.0,4895.009985351562,4907.978479462742,4882.041491240382,0.04467380954890375,0.5298658899568559,4895.606656901042,4899.706632486979,4891.506681315104,4906.0,4882.0,4.43248648155813,43409.0,-0.37002817589686543,-500.5859159503696,-566882.0478977301,13.564085331085652,4894.950571666815,4901.904011230468,4901.69173332535,19.11678995686619,0.7087087802940008,1.301056813667064
697,4883.2001953125,4885.4501953125,4883.0,4883.0,4883.0,87.0,4893.25201171875,4892.422654989579,30.227640220789866,0.08667826911126708,-95.34883720930233,-9.368044864430885,-3.11234062659787,-1.1921635319848574,-1.9201770946130128,-24.085101495255397,4884.792401043947,-0.3469387755102041,-0.6021632363840721,-0.0028654605541601954,26.40182119804399,-134.5996209449893,5.274926757812864,4892.25,4893.074951171875,40.0,92.0,-52.0,4894.374975585937,4908.350724638237,4880.399226533637,0.09304594181786122,0.571094332657936,4894.9908203125,4899.088305664062,4890.893334960938,4906.0,4882.0,4.290894255196835,43322.0,-0.37249919050595065,-431.56178398424544,845032.450796544,13.560518614282966,4893.548887355728,4901.52451171875,4901.505745929077,20.463859034635508,0.7014147370478665,1.3035779734319386
698,4889.85009765625,4890.0,4887.0,4888.75,4888.75,701.0,4893.39701171875,4892.278629303713,44.28294176543064,0.5428805551662061,-68.6046511627907,-9.227034983915473,-2.8869886394077184,-1.5311285534694297,-1.3558600859382888,-22.084539940916457,4885.032975887901,-0.22246288124659735,-0.49072124491536306,-0.003957097605204062,26.391968739708222,-67.90096068374307,2.042333984374636,4892.25,4893.074951171875,36.0,88.0,-52.0,4894.007470703125,4908.167773773832,4879.847167632419,0.3143588213870393,0.5786792584798439,4894.579988606771,4898.6774739583325,4890.482503255208,4906.0,4882.0,4.484401808397061,44023.0,-0.3094820103020167,205.91132801350386,1829487.4509629102,14.385984516392346,4892.54795751917,4901.18576171875,4901.378823084013,20.07913385945767,0.7016987781777566,1.1924200230931197
699,4889.64990234375,4889.64990234375,4887.0,4889.5,4889.5,163.0,4893.364013671875,4892.169663448666,45.81616227442316,0.6100470723022413,-65.11627906976744,-8.507631548713107,-2.6177015994226167,-1.7484431626600672,-0.8692584367625495,-20.003206950887332,4885.351348504693,-0.13377732965929368,-0.4725461466420955,-0.0047425122609739785,26.171022920871145,-59.08519685859716,2.294921875,4892.050048828125,4893.074951171875,32.0,84.0,-52.0,4893.60498046875,4907.797232647869,4879.412728289631,0.3553795262041095,0.5800326031938892,4894.148323567709,4898.203304036459,4890.093343098959,4906.0,4882.0,4.353366132350843,44186.0,-0.31940430658044583,193.95970972586048,-284578.0981098947,14.41099090861941,4892.190663729329,4900.845512695312,4901.260625839396,19.721889053935392,0.7169345336998882,1.1894806803419837
700,4888.60009765625,4893.2001953125,4888.60009765625,4889.7001953125,4889.7001953125,203.0,4893.33501953125,4892.072821560973,46.241409646231794,0.7730336167727606,-55.745755577381786,-7.032298368566444,-2.360920371093016,-1.870938604346657,-0.48998176674635907,-18.22362070850107,4885.635509592538,-0.12663059202419755,-0.3947907171356416,-0.005271804459861276,26.014936440314514,-35.16737826534856,4.160009765624636,4891.375,4894.0,28.000000000000004,80.0,-52.0,4893.089990234375,4907.062440864525,4879.117539604225,0.37869719451501194,0.5711094894243182,4893.724161783854,4897.856656901042,4889.591666666666,4906.0,4882.0,4.370989812629354,44389.0,-0.38953735870446476,172.05684382752327,5835541.833210462,14.41930252502957,4890.703329672118,4900.506762695312,4901.145596679925,18.316838108821706,0.7505715865449275,1.1453623036805691
701,4892.4501953125,4894.7998046875,4888.14990234375,4888.14990234375,4888.14990234375,359.0,4893.231015625,4891.918981591671,43.40078397797497,0.6571889490664498,-63.824103860294116,-5.5414522058817965,-2.2565035159650506,-1.9480515866703356,-0.308451929294715,-17.56327313067682,4885.780163277474,-0.18582056575118688,-0.2543902230090517,-0.005658346225758297,26.009183764441655,-31.283095039733873,4.607519531249636,4891.199951171875,4894.0,24.0,76.0,-52.0,4892.39248046875,4905.880541250125,4878.904419687376,0.3427283879511129,0.5513891551105667,4893.098323567709,4897.290804036458,4888.905843098959,4903.7998046875,4882.0,4.533769279137972,44030.0,-0.41889485611479554,67.9694124548414,1064553.1014147575,14.305480582262028,4890.491956675453,4900.16201171875,4901.016286288521,17.430647830153223,0.8048171097341595,1.0592073327432112
702,4889.7998046875,4893.39990234375,4887.60009765625,4890.0,4890.0,466.0,4893.20201171875,4891.843727411606,47.54228586293289,0.8260851591617511,-52.94117647058823,-4.25412310431966,-2.0013941609822723,-1.9587201015327231,-0.04267405944954916,-15.733986014502237,4885.806379762194,-0.14294465999591588,-0.19944925784135936,-0.0058477810579342865,26.09882495590449,-26.7576438055134,2.820117187499818,4891.199951171875,4894.0,20.0,72.0,-52.0,4891.77998046875,4904.513315182757,4879.046645754744,0.4301054865544287,0.5206012848021182,4892.529996744792,4896.774967447916,4888.285026041666,4903.5498046875,4882.0,4.624200379735259,44496.0,-0.4351394906052817,181.42314036307835,-1213296.1350960792,14.481855187181363,4890.31559265793,4899.81701171875,4900.906671499581,16.44451290366115,0.8294311236483309,1.0288803814896903
703,4892.25,4892.5,4885.75,4890.14990234375,4890.14990234375,593.0,4893.13201171875,4891.777302899141,47.8750919059614,0.8614845004222988,-52.059397977941174,-4.0629466337313715,-1.7667562268252368,-1.920327326591226,0.15357109976598915,-14.158456177696083,4886.012647637365,-0.09092050879970663,-0.2724266939532505,-0.005879620905132889,26.25208078840854,-32.43686647500041,-1.662670898437682,4891.199951171875,4894.0,16.0,68.0,-52.0,4891.212475585938,4903.1491937602095,4879.275757411666,0.45549139945023037,0.4880883107758225,4891.925830078125,4896.310815429688,4887.540844726563,4903.5,4882.0,4.77604320975417,45089.0,-0.409523414457924,168.2044188603172,-1565134.9072512647,14.500033528662703,4889.495216062241,4899.4600122070315,4900.799638970667,15.547821460417634,0.7956703865954657,1.0680970805487162
704,4889.64990234375,4892.5498046875,4888.0,4888.0,4888.0,697.0,4893.065009765625,4891.629173373685,43.602528563702286,0.7924855211592746,-62.963409488215085,-3.6361845128676578,-1.734291294700597,-1.8831201202131003,0.1488288255125032,-14.014628635682284,4886.1819549296215,-0.03169626549287294,-0.20224487029710003,-0.005878827461339876,26.33741018472098,-26.6300546214906,-4.412573242187136,4891.3125,4894.0,12.0,64.0,-52.0,4890.562475585937,4901.6845308734655,4879.440420298409,0.3848020658191411,0.4548374688208375,4891.31416015625,4895.814135742187,4886.814184570312,4903.5,4882.0,4.759883315307444,44392.0,-0.4577514405406769,-69.89363149026383,750621.3879140583,14.193604898964525,4889.0686432763,4899.075012207031,4900.672279378919,14.699609109481584,0.8658241410692502,1.0680690113663502
705,4890.2001953125,4892.9501953125,4888.0,4892.9501953125,4892.9501953125,2279.0,4893.164013671875,4891.680978155599,53.82149635209223,1.0,-18.88744212962963,-3.6535529641550966,-1.2942044278543108,-1.7653369817413425,0.4711325538870317,-10.493429028937848,4887.350385454979,0.139174873973639,-0.18139244257205056,-0.005647157322947195,26.412676625219117,8.014401231503388,-7.609887695312864,4891.449951171875,4894.0,8.0,60.0,-52.0,4890.209985351563,4900.5313217012235,4879.888649001902,0.6327449212052481,0.42212241930623995,4890.834163411459,4895.446638997396,4886.221687825521,4903.5,4882.0,4.773477029392626,46671.0,-0.08755631921528657,1551.7333326065595,43484.242980341056,16.5016030816951,4889.569244695075,4898.719763183593,4900.595442721541,13.77986453174094,0.8707082028884681,1.0521006454605186
706,4892.9501953125,4893.2998046875,4888.60009765625,4892.35009765625,4892.35009765625,1643.0,4893.27701171875,4891.707218136017,52.57774481394881,0.9531290070106275,-19.138628213931486,-3.611474609375364,-0.9825292947507478,-1.6087754443432236,0.6262461495924758,-8.073850106753746,4888.027693484183,0.1996886864578609,-0.05597548794644058,-0.005283662069133929,26.354969227090017,21.25102824127801,-7.795190429687864,4892.137451171875,4894.0,4.0,56.00000000000001,-52.00000000000001,4889.844995117188,4899.283783287791,4880.4062069465845,0.6327025510999464,0.386056743313075,4890.359163411458,4895.011629231771,4885.706697591146,4899.39990234375,4882.0,4.76820774381101,45028.0,0.08091570707252489,1189.2056494886583,135829.11784519744,16.300096749142764,4889.842731548588,4898.361013183594,4900.513399487061,12.805809562021105,0.9564560105822962,1.0124314985287368
707,4892.2998046875,4894.0,4891.35009765625,4891.9501953125,4891.9501953125,158.0,4893.361015625,4891.716746652743,51.72000975194983,0.9208051120486924,-22.26291294728008,-2.9985294117650483,-0.7590435022793827,-1.4388290559304555,0.6797855536510728,-6.37509307665865,4888.530993232674,0.20279167605980053,0.06063374876649252,-0.0048530935484024824,26.183287206073288,49.66638210017946,-6.4398193359375,4891.58740234375,4894.0,4.0,52.0,-48.0,4889.6400146484375,4898.701421568499,4880.578607728376,0.6274736188564586,0.3706369750294772,4890.122509765625,4894.739965820312,4885.505053710937,4899.0,4882.0,4.616900215235224,44870.0,0.08423259194337991,1010.2927609456358,2893253.3686674093,16.28718177595989,4889.966527822893,4897.976013183594,4900.428193475374,12.126705173901243,1.0291875296955522,0.9685537809290596
708,4892.0,4894.0,4892.0,4894.0,4894.0,65.0,4893.419013671875,4891.806285999694,55.70855290148449,1.0,-6.248569466697185,-2.152204446230826,-0.4117805444766418,-1.233419353639693,0.8216388091630511,-3.6908563035563065,4888.960676856421,0.22116243970228766,0.17898094663333042,-0.004304772395697154,25.957168739879034,73.65003659864902,-6.545019531249636,4891.52490234375,4894.0,4.0,48.0,-44.0,4889.54501953125,4898.378911920416,4880.711127142084,0.7521527471974855,0.36133801218228495,4890.014184570313,4894.656640625,4885.371728515625,4899.0,4882.0,4.433536248968422,44935.0,0.07955794015176634,884.9991243373307,999849.7596153845,16.31441780645243,4890.264281412549,4897.599262695312,4900.364231351242,11.496108242075659,1.0794504228420945,0.900469476208764
709,4897.0,4897.0,4890.2998046875,4892.9501953125,4892.9501953125,418.0,4893.399013671875,4891.851145188432,53.28083162256837,0.9047239276968498,-27.834082824350627,-1.522786937041019,-0.2187608740396172,-1.0304876577196778,0.8117267836800606,-2.162745711915111,4889.125859313591,0.20377217514847432,0.24750022588320342,-0.0037346049086877985,25.946009861130666,85.83836569654156,-0.5800292968751819,4892.0625,4894.0,4.0,44.0,-40.0,4889.330029296875,4897.594318204901,4881.065740388849,0.719024652690261,0.33805404251734034,4889.798347981771,4894.673323567708,4884.923372395833,4899.0,4882.0,4.595440467792106,44517.0,0.10368311184625623,695.8823409498549,1041739.8653532328,16.224753245893588,4890.609636548376,4897.2220141601565,4900.290459848368,11.918015027146648,1.0593621058338103,0.8118618799506069
710,4891.35009765625,4895.9501953125,4891.35009765625,4895.85009765625,4895.85009765625,306.0,4893.448017578125,4892.007966853837,58.64239973625963,1.0,-8.213588169642858,-0.9157240923714198,0.16628960599246057,-0.7911322049772501,0.9574218109697107,0.8690463794754291,4889.631899262168,0.14523339619023268,0.24736282244481878,-0.003051227024783989,25.978952992777362,115.45032450299412,0.2274658203123181,4892.0625,4894.0,4.0,40.0,-36.0,4889.272534179688,4897.3361448204705,4881.208923538905,0.9078547296973505,0.3298490965440004,4889.6883544921875,4894.530834960938,4884.845874023437,4898.2001953125,4882.0,4.5957731241105275,44823.0,0.12549526078715517,723.2377375552328,367.01657413657193,16.40611011276661,4890.817922993883,4896.862514648437,4900.246277139989,12.309785613283994,1.073375587270632,0.8260127648258133
711,4896.0,4896.0,4893.85009765625,4895.5,4895.5,279.0,4893.418017578125,4892.144909330158,57.78028138364199,0.9434365511970719,-13.333333333333334,-0.07879136029350775,0.43814427610595885,-0.5452769087606083,0.9834211848665672,3.0677584067120414,4890.284838520502,0.12271193373555578,0.2781228433402346,-0.0023293707467489824,25.896226159682385,134.46101274812276,0.3826660156246362,4892.0625,4894.0,12.0,36.0,-24.0,4889.317529296875,4897.508585267454,4881.126473326297,0.877391555211657,0.33505927653491385,4889.674186197916,4894.384147135416,4884.964225260416,4897.0,4882.0,4.42106806837049,44544.0,0.15128060265528961,605.964168462521,982407.0024661265,16.38615908400849,4891.035025299182,4896.498764648438,4900.19905050178,12.69009449078965,1.1033489911470276,0.8252261478067929
712,4897.2998046875,4900.0,4896.4501953125,4897.35009765625,4897.35009765625,872.0,4893.421015625,4892.349034362554,61.03989004587628,1.0,-18.59580592105263,0.9995950137863474,0.7937288674229421,-0.2774757535238982,1.0712046209468404,5.946949320144486,4891.070984714326,0.15644931259964695,0.29304905235388057,-0.0015343339924407578,25.816164749034705,174.48205278583694,-1.5576416015628638,4892.5,4894.0,100.0,32.0,68.0,4889.707543945313,4898.617010412356,4880.79807747827,0.9289007506346091,0.3644171512087685,4890.030859375,4894.510815429688,4885.5509033203125,4900.0,4882.0,4.426706063486884,45416.0,0.13480969139417445,749.8671667178751,1343409.2659469044,16.71570359554971,4891.9448060108725,4896.160014648438,4900.170702712273,14.190389519909619,1.133495838379475,0.8404467860255945
713,4897.14990234375,4898.5,4897.0498046875,4898.5,4898.5,95.0,4893.46201171875,4892.590248701278,62.95431668207745,1.0,-10.526315789473685,1.939137178308556,1.1550055419729688,0.00902050557547518,1.1459850363974935,8.937124119165553,4891.994921373643,0.2117385485925335,0.28984903286680297,-0.0006755235699654903,25.745073156388834,153.10173208183028,-0.3250488281246362,4892.5,4894.0,100.0,28.000000000000004,72.0,4890.325048828125,4899.853083124236,4880.797014532013,0.9289946340354663,0.38966875211677865,4890.525854492187,4894.668310546875,4886.3833984375,4900.0,4882.0,4.214098152702106,45511.0,0.17174041625560618,658.3491032805001,-687232.770417866,16.738009683633663,4892.075603188213,4895.839514160156,4900.154078804689,15.583520618378163,1.145730460764271,0.8558814278974681
714,4896.75,4899.0,4896.64990234375,4899.0,4899.0,337.0,4893.52201171875,4892.841611497306,63.78755668396475,1.0,-7.017543859649122,2.7932688993560078,1.4647806511848103,0.3001725346973422,1.164608116487468,11.64938143852952,4893.634140778938,0.18404907975460122,0.21636262768005743,0.00021038531319170133,25.6893907113981,139.30185063604077,-0.9951416015628638,4892.6500244140625,4894.0,100.0,24.0,76.0,4891.145043945313,4900.695428807943,4881.5946590826825,0.9112376709247983,0.39051734417292255,4891.197517903646,4895.129988606771,4887.265047200521,4900.0,4882.0,4.080955260098384,45848.0,0.24648500858185338,588.3706599547144,34901.968449442604,16.772407968823003,4892.3545038336,4895.520515136719,4900.142595433497,17.00733846955837,1.1177919916457266,0.9014293639656692
715,4898.0,4900.0498046875,4897.35009765625,4897.35009765625,4897.35009765625,459.0,4893.56201171875,4893.018414876088,59.06642508388298,0.7661072567274492,-18.879328006556033,3.9377872242648664,1.5591731492013423,0.5519726575981423,1.0072004916032,12.668199548224731,4893.918186152427,0.14723874433888198,0.24239618455303014,0.0010100835414620008,25.500292880056776,125.04888691055183,-3.910058593750364,4893.099853515625,4894.0,96.0,20.0,76.0,4891.91005859375,4900.855712524841,4882.96440466266,0.8040604468049509,0.3657325594273896,4891.940022786459,4895.799983723959,4888.080061848958,4900.0498046875,4882.4501953125,3.982294672323499,45389.0,0.2152600827788991,396.13125484957664,514650.0331903595,16.61782434445453,4892.749070930415,4895.211765136719,4900.114809385963,18.598996842762677,1.1466955503922014,0.9042993658391713
716,4900.0,4901.9501953125,4899.9501953125,4899.9501953125,4899.9501953125,273.0,4893.709013671875,4893.290249403006,63.63433729841002,0.9924092557789935,-12.345530170594973,5.156775620404915,1.8227742282115287,0.8061329717208197,1.016641256490709,14.956811774458856,4894.789853638449,0.24448026416734858,0.36563267127873245,0.0018194825002946155,25.223238404974307,152.61948501346868,0.20263671875,4894.050048828125,4894.0,100.0,16.0,84.0,4892.74755859375,4901.406398889683,4884.088718297817,0.9159123203908042,0.35394592474834086,4892.786694335938,4896.599169921875,4888.97421875,4901.9501953125,4883.0,4.0264234568896775,45662.0,0.18879488883697088,440.94488417910145,1648530.5059523808,16.7627653117127,4893.135386799727,4894.929016113281,4900.113171434984,20.52102134115927,1.1599642936844454,0.794331622405713
717,4901.85009765625,4905.0,4899.9501953125,4904.89990234375,4904.89990234375,300.0,4893.954013671875,4893.745529910486,70.40499691870517,1.0,-0.5888097426470589,5.980300723805158,2.4033753583826183,1.1255814490531795,1.2777939093294388,19.41923953022111,4897.059973258127,0.2442229443229966,0.48679325244373206,0.002794634631264836,24.898795721155047,177.65677204974438,-1.4924560546878638,4895.574951171875,4894.0,100.0,12.0,88.0,4893.842553710938,4902.826560058875,4884.858547363001,1.1153907401986298,0.36715551223136217,4893.760026041667,4897.702482096354,4889.817569986979,4905.0,4885.75,4.099522116218986,45962.0,0.22019311102484204,590.083059207087,2566819.667816162,17.06581167957077,4893.773446213979,4894.672514648438,4900.160800598255,22.891039308907917,1.2000036851754605,0.7132104327317285
718,4905.0,4905.0,4903.0,4905.0,4905.0,234.0,4894.249013671875,4894.186881678702,70.52451388177853,1.0,-0.0,7.17017319623119,2.8388583889773145,1.4682368370380066,1.370621551939308,22.927720581791423,4898.681243016712,0.25856494509275035,0.5262628120130467,0.003837415055128754,24.444965637630936,165.63632957562692,-2.704858398437864,4895.8375244140625,4894.0,100.0,8.0,92.0,4894.655053710938,4904.543564515841,4884.766542906034,1.0230790810246326,0.40405342956318874,4894.547526041667,4898.4399820963545,4890.6550699869795,4905.0,4885.75,3.949556250774773,46196.0,0.24176354435313582,509.13160097214603,1303335.3365384615,17.070587078055745,4894.478037339661,4894.411513671875,4900.2089518360835,25.091770278960233,1.2259656797746827,0.699702867761636
719,4905.0,4906.4501953125,4903.14990234375,4904.9501953125,4904.9501953125,548.0,4894.543017578125,4894.608972409439,70.37223366380334,0.991901928552658,-8.403315370517275,8.463723575368022,3.143724111505435,1.8033342919314923,1.3403898195739425,25.677321107943673,4900.333191508602,0.26574268913155924,0.5686398110904324,0.004871147092555974,24.062910455234366,148.37318668641703,-1.427563476562682,4897.1876220703125,4894.22509765625,96.0,4.0,92.0,4895.427563476563,4905.976432276272,4884.878694676853,0.9513579615379992,0.43096823159683373,4895.35419921875,4899.2791748046875,4891.429223632813,4906.4501953125,4885.75,3.903180302058718,45648.0,0.2240221363153379,432.49951958326807,481824.000386426,17.06502276230653,4896.637105221035,4894.141513671875,4900.256128388088,27.388539838047098,1.2366772728182345,0.6680374617278021
720,4905.0,4905.0,4901.5498046875,4901.5498046875,4901.5498046875,234.0,4894.765009765625,4894.881161910539,60.73053087291707,0.4791682385644126,-30.342242109082115,9.32798282398926,3.0754968743231075,2.0577668084098155,1.017730065913292,25.143645153259005,4900.422716825663,0.15426654449325705,0.4994608915313762,0.005709072772621011,23.83242362053563,100.85806877284193,-3.069848632812864,4897.837646484375,4894.22509765625,92.0,8.0,84.0,4896.020043945313,4906.546691977889,4885.493395912737,0.7626553450383472,0.4300083716198889,4895.964184570313,4899.8316650390625,4892.096704101563,4906.4501953125,4885.75,3.8708242313759524,45414.0,0.2113006854708082,257.04367303565834,-2248740.7056694357,16.90280064494224,4898.820562506826,4893.85201171875,4900.269000789077,28.584516493548097,1.1966256944230513,0.6971648028916752
721,4901.14990234375,4904.2001953125,4900.7001953125,4902.0498046875,4902.0498046875,105.0,4894.9630078125,4895.162285156694,61.564426407436684,0.4803843320903165,-27.24634175837465,9.489002182905097,3.026880128675657,2.251589472462984,0.7752906562126731,24.96040201420573,4900.569132211814,0.18597388102820925,0.3853254509503249,0.006388584470910337,23.74654675232513,85.44973305227641,-0.8649414062501819,4898.0001220703125,4894.22509765625,88.0,4.0,84.0,4896.7150390625,4906.901403630194,4886.528674494806,0.7618581727341175,0.4160489016181031,4896.561694335937,4900.2716796875,4892.851708984375,4906.4501953125,4885.75,3.84433678627767,45519.0,0.248811247830579,227.8231483162786,-2749023.4375,16.913511542942253,4899.124709369245,4893.548759765625,4900.286720230853,29.22644393175297,1.118800694080142,0.7334752431298172
722,4901.7001953125,4902.0498046875,4901.4501953125,4901.5,4901.5,61.0,4895.05201171875,4895.410822993686,60.05426424112785,0.3928066242894072,-30.650622808078364,9.154271024816808,2.910436661958556,2.3833589103620985,0.5270777515964578,24.369571274676957,4900.616785869345,0.11540186547898455,0.3535578343074651,0.006898311684076345,23.628306280826923,69.12097201960435,-1.7900390625,4898.1375732421875,4894.22509765625,84.0,28.000000000000004,56.0,4897.2900390625,4907.18955134435,4887.39052678065,0.7126347651095295,0.4042853170993616,4897.128361002604,4900.578336588542,4893.678385416666,4906.4501953125,4885.75,3.612570542614979,45458.0,0.26189377486098686,190.48582913716737,-688268.3175509094,16.906669897656354,4899.242271598282,4893.248259277344,4900.298792666366,29.822519410086066,1.1256629989392017,0.7721051646317366
723,4903.4501953125,4903.9501953125,4901.5,4903.7998046875,4903.7998046875,144.0,4895.1480078125,4895.739802667954,64.02904283727757,0.4903207356385937,-17.552142279708974,8.759584673713107,2.9694988592655136,2.500586900142782,0.46891195912273176,25.02317163474442,4900.8266391494935,0.16953946864467367,0.4039794168096056,0.007350684543242547,23.56432386355322,84.60975274774451,-0.6224365234375,4899.0001220703125,4894.22509765625,80.0,24.0,56.0,4897.9725341796875,4907.689336344215,4888.25573201516,0.799855364406087,0.39676834023549207,4897.809195963542,4901.044181315105,4894.57421061198,4906.4501953125,4888.0,3.5295437404639087,45602.0,0.26860819633622396,210.5838356890006,1659152.5740093656,16.974235311305222,4899.94587785005,4892.972009277344,4900.333628606875,30.846956555034076,1.1791538021726702,0.7751743853630646
724,4901.75,4903.75,4900.5498046875,4900.5498046875,4900.5498046875,141.0,4895.31,4895.928430198132,55.60815145544854,0.0,-46.82813408254214,8.05970530790455,2.7226729584745044,2.545004111809127,0.17766884666537752,22.919469397758576,4900.823120167144,0.06533547668526496,0.3893369545964456,0.007601091655486804,23.593529184763913,55.109641162143724,-0.1000244140623181,4899.650146484375,4894.22509765625,76.0,20.0,56.0,4898.600024414062,4907.218576809258,4889.981472018867,0.6131152996485023,0.3518781836541659,4898.414192708334,4901.581697591146,4895.246687825521,4906.4501953125,4888.0,3.509576330430772,45461.0,0.3474090182737662,115.03614487628626,-1305487.4771875693,16.88078736924976,4900.420562230779,4892.678757324219,4900.335779612653,31.244137429675757,1.1354194957784731,0.7460825411820275
725,4899.85009765625,4901.5498046875,4898.5498046875,4900.0498046875,4900.0498046875,361.0,4895.442998046875,4896.090052727127,54.42230271579439,0.0,-64.00390625,7.2896929572607405,2.4583771905226968,2.527678727551841,-0.0693015370291441,20.86300173043237,4900.804818806374,0.031638352301725015,0.22154212852613797,0.007670636939604197,23.59833170408714,22.187660594779217,0.0449951171876819,4899.300048828125,4894.22509765625,72.0,16.0,56.0,4898.955004882812,4907.1897884044865,4890.720221361138,0.5664741095990036,0.3361853094574891,4898.851676432291,4901.921671549479,4895.781681315104,4906.4501953125,4888.60009765625,3.4731780211142884,45100.0,0.11810864816841761,72.81669560824537,-1745233.5093490304,16.843954767359367,4900.74379333242,4892.393256835938,4900.3329340910095,30.553755375943542,1.0260569735959086,0.8045148450697707
726,4901.39990234375,4901.5,4899.64990234375,4899.64990234375,4899.64990234375,87.0,4895.582998046875,4896.229654672877,53.44070920322847,0.0,-69.38867022071646,6.645529354319478,2.1913911205110708,2.4604212061436868,-0.269030085632616,18.897596680131304,4900.798179951374,0.013266020488875279,0.11882862751391987,0.007585099391623853,23.445702288342574,19.918261317745095,-1.969897460937318,4899.300048828125,4894.22509765625,68.0,12.0,56.0,4899.319995117187,4906.978350343085,4891.661639891289,0.5215390391821368,0.3126293131916511,4899.294173177083,4902.221687825521,4896.366658528646,4906.4501953125,4890.2998046875,3.3572437093382677,45013.0,-0.042963999540527105,57.44409567760318,1116749.7470461088,16.836854532608083,4901.456761748807,4892.116005859375,4900.326137755216,29.91268632604934,1.0139014061901999,0.89507277867628
727,4898.2001953125,4900.10009765625,4898.0,4898.0,4898.0,133.0,4895.628994140625,4896.299079979823,49.475771955405186,0.0,-86.22390513676449,5.81289349724284,1.825624740567946,2.333461913028539,-0.5078371724605928,16.018156889474987,4900.368920341269,0.013270489770805381,0.06343981537714083,0.007318712045487586,23.244438326828373,-20.789230093766434,0.3277099609376819,4899.16259765625,4894.22509765625,64.0,8.0,56.0,4899.622485351562,4906.534076412101,4892.710894291024,0.38262577043759227,0.28212749374885004,4899.607503255208,4902.5075276692705,4896.7074788411455,4906.4501953125,4890.2998046875,3.2674475626891057,44880.0,-0.051701261460515395,17.889651763838444,-2407852.509864291,16.7920682690806,4901.445105393681,4891.812504882812,4900.3029921059115,28.499281465837182,0.9577189359893113,0.8942791206121705
728,4899.64990234375,4899.64990234375,4893.60009765625,4894.5,4894.5,523.0,4895.5969921875,4896.228527823751,42.305220501616475,0.0,-92.99692214158149,4.276697495404733,1.239048519921198,2.1145792344070706,-0.8755307144858726,11.067151353695387,4899.141954545597,-0.11122960632771099,-0.0546676009654421,0.006788712612662319,23.21114925878549,-92.00448377843044,5.252416992187136,4897.7000732421875,4894.22509765625,60.0,4.0,56.0,4899.647485351563,4906.48071986516,4892.814250837966,0.12334928346741589,0.27892759771090075,4899.736669921875,4902.839184570313,4896.6341552734375,4906.4501953125,4890.2998046875,3.466187357318455,44357.0,-0.12086020859039787,-246.16601277385277,-2805176.2462346093,16.41834430011366,4900.944583985639,4891.5050048828125,4900.245250890927,27.415437023053478,0.8701658380326337,0.9248334389980758
729,4894.14990234375,4894.14990234375,4890.60009765625,4892.35009765625,4892.35009765625,191.0,4895.492998046875,4896.076432523066,38.60413455582533,0.0,-88.9590585625828,2.0775979434738474,0.5938578635623344,1.8104349602381236,-1.2165770966757892,5.641736533261199,4897.567972290791,-0.25586260550400264,-0.2804850322091702,0.0060059186026671955,23.222945315766776,-172.6390034076786,5.382519531250182,4897.3126220703125,4894.22509765625,56.00000000000001,12.0,44.00000000000001,4899.61748046875,4906.572272155602,4892.6626887818975,-0.02247307609790985,0.2838912104700452,4899.684171549479,4902.629166666667,4896.739176432291,4906.4501953125,4890.60009765625,3.497166999206422,44166.0,-0.11079701383477512,-269.6610606141952,-7898780.063808901,16.33444781474105,4900.824175607509,4891.192004394531,4900.166692152275,27.246151120919297,0.7838142153413089,1.064299247550479
730,4890.9501953125,4894.7998046875,4890.9501953125,4892.85009765625,4892.85009765625,144.0,4895.35,4895.949909587112,39.920562283849236,0.04124098008301449,-85.80450386617788,0.3794031479783371,0.12148503748449002,1.472644975687397,-1.351159938202907,1.678446602121279,4896.786771258366,-0.24770443106523957,-0.3641608314616638,0.0050956852878887475,23.26321511642833,-154.4924500461759,5.482714843749818,4897.2501220703125,4894.22509765625,52.0,8.0,44.0,4899.46748046875,4906.856660855133,4892.078300082368,0.05222484318455202,0.3016319800402319,4899.608333333334,4902.515804036459,4896.700862630209,4906.4501953125,4890.60009765625,3.522341454620249,44310.0,-0.1673981861410005,-220.8523376693102,1336669.921875,16.34916466831096,4900.484412669442,4890.874755859375,4900.093890216991,26.81580920750056,0.7880499405469679,1.1522107720086316
731,4894.75,4894.85009765625,4892.64990234375,4893.0498046875,4893.0498046875,176.0,4895.168994140625,4895.836179983206,40.46960319650506,0.0584413055255578,-84.54453035950833,-1.2657312729779733,-0.2340610321634813,1.1313037741172212,-1.3653648062807024,-1.3705016306581659,4896.109142747871,-0.242620009401376,-0.4204866340361446,0.004137239156300031,23.24382541458361,-133.7205634640181,2.204833984375,4897.400146484375,4894.22509765625,48.0,4.0,44.0,4899.344970703125,4907.066957781881,4891.622983624369,0.09238691081575044,0.31522528521389503,4899.528328450521,4902.438313802084,4896.618343098959,4906.4501953125,4890.60009765625,3.4279024444688027,44486.0,-0.2187990687061012,-184.28079835940875,1093847.1013849431,16.356348300917404,4899.8140620141485,4890.569755859375,4900.023799813713,26.394194608064797,0.814453125,1.2349397590361446
732,4894.85009765625,4898.39990234375,4894.85009765625,4895.10009765625,4895.10009765625,103.0,4895.02599609375,4895.8073140096,45.93249303891724,0.2306829394539226,-71.60900773235575,-1.9897116268384707,-0.3463992711940591,0.8357631650549652,-1.1821624362490244,-2.445109883895147,4896.019486849836,-0.13158505550799363,-0.3288733084384833,0.003261397473366687,23.326032315348364,-71.48224417938648,2.817333984375182,4897.7750244140625,4894.22509765625,44.0,88.0,-44.0,4899.232470703125,4907.13097342115,4891.3339679851,0.23840782269756403,0.32243837234739686,4899.437491861979,4902.347477213541,4896.527506510416,4906.4501953125,4890.60009765625,3.5652021024531737,44589.0,-0.18155790659436905,-127.78637348217181,9908435.41413835,16.399507513312685,4899.326655082053,4890.270505371093,4899.974807752445,24.604077006898656,0.7692290943137404,1.0981024027522237
733,4895.0498046875,4895.0498046875,4894.9501953125,4894.9501953125,4894.9501953125,206.0,4894.895,4895.773701511675,45.60299395900658,0.2752756991570741,-69.79078362890374,-2.511036592371056,-0.4424240127145822,0.5801257295010557,-1.022549742215638,-3.4128828385665755,4895.816339089582,-0.14482940112544598,-0.47002962494584366,0.002466176434834792,23.314933175374406,-87.87904250152386,2.445019531250182,4897.2249755859375,4894.22509765625,40.0,84.0,-44.0,4899.05498046875,4907.16797053971,4890.94199039779,0.24702390115436249,0.33120632870235545,4899.285831705729,4902.128287760416,4896.443375651042,4906.4501953125,4890.60009765625,3.3212521196886615,44383.0,-0.24055939238597093,-113.94258910079013,-78575.35649271845,16.393199188212797,4897.82356677257,4889.971005859375,4899.924811608764,22.941824948672956,0.7493940351986511,1.2194236601444948
734,4897.0,4897.0,4894.9501953125,4894.9501953125,4894.9501953125,80.0,4894.77400390625,4895.741407150924,45.60299395900658,0.2752756991570741,-68.01421749901267,-1.9402803308821603,-0.5126152032189566,0.36157754295705324,-0.8741927461760098,-4.208892930328614,4895.69885539478,-0.13362857671121087,-0.3622793306919655,0.0017543138211049002,23.176268809305963,-68.96125489056655,4.947314453124818,4897.2125244140625,4894.22509765625,36.0,80.0,-44.0,4898.852490234375,4907.160669720691,4890.54431074806,0.2651534293221116,0.339188799943559,4899.156673177084,4901.984114583333,4896.329231770834,4906.4501953125,4890.60009765625,3.2304344459609,44463.0,-0.34689378364584095,-97.66507637210583,2498449.683189392,16.393199188212797,4897.287410697239,4889.660256347656,4899.87531293915,21.884913594138826,0.780390873953449,1.1426702046454145
735,4896.7001953125,4897.5498046875,4894.9501953125,4895.2998046875,4895.2998046875,63.0,4894.68,4895.72408940726,46.63839146465653,0.3159994451068395,-64.79645952964412,-1.4057258157172328,-0.5338774655438101,0.1824865412568806,-0.7163640068006907,-4.61296521920983,4895.656513080516,-0.1733349716249616,-0.3147393077123276,0.001139395333158691,23.065498339872658,-58.632257921859505,1.7998291015628638,4896.9376220703125,4894.22509765625,32.0,76.0,-44.0,4898.749975585937,4907.1794884776455,4890.320462694229,0.29535170402130295,0.34414954564812533,4899.040836588541,4901.863273111979,4896.218400065104,4906.4501953125,4890.60009765625,3.1853755123208356,44526.0,-0.2797948755144114,-80.56643822966214,1134347.158765036,16.39769880307019,4897.03320858857,4889.3490063476565,4899.82978549386,21.08466284041506,0.7969363853809069,1.1116756930932346
736,4897.5498046875,4897.5498046875,4895.35009765625,4895.39990234375,4895.39990234375,214.0,4894.595,4895.711376189084,46.949738809041364,0.32824520587569805,-64.04666983650927,-1.0407341452200853,-0.536466861275585,0.03869586075038749,-0.5751627220259724,-4.875823839279455,4895.632669382587,-0.10508825639980207,-0.2582283600375882,0.000617605068828684,23.042028434503436,-50.255854064519774,1.52734375,4896.8250732421875,4894.22509765625,28.000000000000004,72.0,-44.0,4898.5224609375,4907.0551116743845,4889.9898102006155,0.3170229457387753,0.34837650760721506,4898.814990234375,4901.647412109375,4895.982568359375,4906.4501953125,4890.60009765625,3.11856297572649,44740.0,-0.26690390012350584,-65.99681870578183,205529.90592528725,16.40207461237547,4896.84522670509,4889.0362548828125,4899.785707054555,20.34157285481442,0.795346679513257,1.0535750395508452
737,4895.39990234375,4897.5498046875,4895.39990234375,4896.0498046875,4896.0498046875,149.0,4894.595,4895.724647894905,49.02918050133676,0.6130931301145929,-58.55705321005533,-1.2869356043192965,-0.4805379460512995,-0.06515090060994992,-0.4153870454413496,-4.580550483390573,4895.647133789942,-0.08163182333725481,-0.30676780022527383,0.00020533356272046404,23.02324677767601,-40.760426963077755,1.5699462890625,4896.5125732421875,4894.22509765625,24.0,68.0,-44.0,4898.0799560546875,4906.149115882111,4890.010796227264,0.37420305145723215,0.32948256867260084,4898.46748046875,4901.1549072265625,4895.780053710938,4906.4501953125,4890.60009765625,3.0493729305853123,44889.0,-0.36629462599444784,-42.73506614513443,35931.27999529743,16.42185551917584,4896.466158747812,4889.0585034179685,4899.748533896674,19.651560725328114,0.793838521820404,1.1006063220456779
738,4896.25,4896.5,4896.2001953125,4896.35009765625,4896.35009765625,56.0,4894.60400390625,4895.749175336527,50.00433474709023,0.7207029332331489,-47.48717948717949,-1.1955982881436285,-0.40728778480843175,-0.1335782774496463,-0.27370950735878546,-4.082832532769559,4895.68669955614,-0.06734776470297472,-0.3056613484302624,-0.00010428259447798733,22.97101698525786,-35.09996887076778,0.3525390625,4896.60009765625,4894.22509765625,20.0,64.0,-44.0,4897.6474609375,4905.089517950829,4890.205403924171,0.4128357066516421,0.30390333615005855,4898.0683186848955,4900.670735677083,4895.465901692708,4906.4501953125,4890.60009765625,2.863717386436362,44945.0,-0.4467464795644967,-34.227712945829516,-66789.98470306396,16.425290207735152,4896.171427179706,4889.007504882812,4899.7147186106995,19.0108351765194,0.8221049922799795,1.1277663407102418
739,4896.25,4899.7998046875,4896.25,4897.0498046875,4897.0498046875,160.0,4894.6,4895.800180409114,52.294545732650775,0.9227474334328031,-40.82784571966133,-1.0076904296875,-0.2894395159892156,-0.16475052515756017,-0.12468899083165541,-3.0658789140776155,4896.228674142495,-0.01939965929971417,-0.10519240037541544,-0.0003037155628718581,23.077641632576643,-0.25394896304375125,-2.75244140625,4897.375,4894.22509765625,16.0,60.0,-44.0,4897.25244140625,4903.898154580743,4890.606728231757,0.48475432858524886,0.2714057833042599,4897.710807291666,4900.325699869792,4895.095914713542,4905.0,4890.60009765625,2.912723622226622,45105.0,-0.540142157322951,-13.344736096425303,3715768.4564590454,16.44815481560982,4895.665718881063,4888.94400390625,4899.68820205425,19.57877892629021,0.8778885422215458,0.9830809425969612
740,4896.7998046875,4900.10009765625,4896.7998046875,4900.10009765625,4900.10009765625,246.0,4894.662001953125,4895.968804614883,60.73808647116264,1.0,-0.0,-0.7882884306063715,0.04951841880938446,-0.12189673636417125,0.1714151551735557,0.3817385500802851,4897.828091352266,0.11441613354275207,-0.10638505915713303,-0.0002985134444738539,23.2571286123017,36.85384517103863,-4.829858398437864,4898.0001220703125,4894.22509765625,12.0,56.00000000000001,-44.00000000000001,4897.179956054688,4903.6663148238495,4890.693597285526,0.7250986805914517,0.26490179357783694,4897.525813802084,4900.133211263021,4894.918416341146,4904.2001953125,4890.60009765625,2.9404071469782918,45351.0,-0.39461966079651506,95.75766481913544,570238.0726977092,16.601384229285397,4895.837550453065,4888.891003417969,4899.6923005179515,20.197714519178202,0.8685464945731887,0.9749315537303217
741,4896.64990234375,4897.0498046875,4885.85009765625,4889.2001953125,4889.2001953125,1160.0,4894.55400390625,4895.703368955966,36.12958132793669,0.0,-76.49054276315789,-1.752256146599393,-0.5549884393976754,-0.20851507697087207,-0.3464733624268033,-5.507613808816175,4897.511580386479,-0.0643842382673923,-0.29175531167114965,-0.000590599862606415,23.948123615413,-156.96924472286267,-3.6873779296875,4894.5626220703125,4894.22509765625,8.0,100.0,-92.0,4896.5374755859375,4903.495489428305,4889.57946174357,-0.027253929042297308,0.2842013923945098,4896.944978841146,4899.937361653645,4893.9525960286455,4903.9501953125,4885.85009765625,3.748235207908414,44191.0,-0.4004600126386192,-1724.191532833598,-6758443.898168104,14.021051895911746,4894.0109209848115,4888.7267553710935,4899.587901461181,20.474918694086632,0.6621524100507034,0.953907721721853
742,4890.39990234375,4892.5,4890.0,4890.39990234375,4890.39990234375,61.0,4894.571005859375,4895.495389873135,39.05635946263226,0.11893360111315944,-68.07154605263158,-2.7457562614890776,-0.9265771441678226,-0.3521274904102622,-0.5744496537575603,-8.735000333258991,4897.144547072091,-0.050077056594758154,-0.21783569315404638,-0.0010202975647583684,24.289802801655508,-142.0514914835642,-2.932666015624818,4894.5626220703125,4894.22509765625,4.0,96.0,-92.0,4895.982470703125,4903.038706689781,4888.926234716469,0.10442306847930118,0.28824596611118514,4896.409977213542,4899.497379557292,4893.322574869792,4903.9501953125,4885.85009765625,3.71620445645067,44252.0,-0.39832684213238895,-1467.4238668707628,-819472.0158811475,14.036020014618849,4893.617964357794,4888.560505371093,4899.496478584391,20.732322570787318,0.8003700515499619,1.0182057447040083
743,4890.35009765625,4892.4501953125,4889.9501953125,4890.35009765625,4890.35009765625,47.0,4894.655009765625,4895.293613707767,38.976509873568624,0.11568880470643357,-68.42105263157895,-3.703686523437682,-1.2111216355779106,-0.5239263194437919,-0.6871953161341188,-11.141970812722445,4896.801692400891,-0.055174321517506404,-0.04900203665987779,-0.0015237235022361262,24.548230303424766,-133.1221554076177,-0.2098876953123181,4894.5626220703125,4894.22509765625,4.0,92.0,-88.0,4895.309985351562,4901.798752816211,4888.8212178869135,0.11780972100371498,0.2651013923149076,4895.801652018229,4898.891544596354,4892.711759440104,4903.75,4885.85009765625,3.629332709561336,44205.0,-0.44411252298470694,-1258.1262887910111,-264918.5505319149,14.03554135840274,4893.657070221604,4888.426254882813,4899.4054698189375,20.982986841502104,0.8633706720977596,0.9123727087576374
744,4889.9501953125,4892.5,4889.7001953125,4890.85009765625,4890.85009765625,204.0,4894.820009765625,4895.1193581763355,40.296186326817505,0.169315648172468,-64.91228070175438,-5.013646024816808,-1.3803673580723625,-0.695214527169506,-0.6851528309028565,-12.579675884719013,4896.555895551242,-0.08682151366087242,-0.07568974492451852,-0.00203200476385498,24.703727589282614,-114.19643879011046,0.1251953125001819,4894.5626220703125,4894.22509765625,16.0,88.0,-72.0,4894.825,4901.121843523676,4888.528156476324,0.18437342227068754,0.25728574662735504,4895.271663411459,4898.341536458333,4892.201790364584,4901.5498046875,4885.85009765625,3.570080707985526,44409.0,-0.4137394761729017,-1063.822533249438,-137379.35645907535,14.056398760830593,4893.511836382657,4888.255505371094,4899.320341737716,21.27784759034886,0.8475169182717335,0.923206663196252
745,4890.0,4892.89990234375,4888.7001953125,4890.89990234375,4890.89990234375,236.0,4894.99701171875,4894.953889320156,40.43436820015633,0.1749308561070654,-64.56277412280701,-6.422302964154369,-1.4932635774557639,-0.8548243372267577,-0.6384392402290062,-13.664017662418734,4896.292217563861,-0.0827443141838019,-0.12065505017724298,-0.0025157584195440773,24.84819413724787,-104.79618651626595,0.5826904296873181,4894.2000732421875,4894.22509765625,12.0,84.0,-72.0,4894.367504882813,4900.40361229988,4888.331397465746,0.21276169396371622,0.24665525876612374,4894.81083984375,4897.940698242188,4891.680981445313,4901.5,4885.85009765625,3.6150540167901317,44645.0,-0.4232924411465919,-910.1687561780899,-533947.9547435954,14.058802004850596,4893.299787675356,4888.135004882813,4899.236556271109,21.80363206359503,0.7985421139347946,0.9191971641120376
746,4890.10009765625,4892.85009765625,4889.2998046875,4889.35009765625,4889.35009765625,82.0,4895.120009765625,4894.734132784317,37.523989877010855,0.05666368359063074,-75.43859649122807,-6.287004538144174,-1.688328925805763,-1.0215252549425589,-0.6668036708632041,-15.47691302925614,4895.8345493308625,-0.11440561053333623,-0.23567526099171665,-0.003019214658586316,24.945181542221302,-101.04843315875218,1.4472900390628638,4894.0001220703125,4894.22509765625,8.0,80.0,-72.0,4893.852514648437,4899.754028306196,4887.951000990678,0.11853710308138309,0.2411806910851725,4894.322509765625,4897.537377929688,4891.107641601562,4900.10009765625,4885.85009765625,3.610428227644408,44563.0,-0.42206269632970833,-798.2995030633629,1190224.2172055128,14.032818241757406,4893.124442034888,4888.042756347656,4899.138183548574,22.2918605030379,0.7950839216662001,1.0307591826579168
747,4892.5,4892.5,4888.5498046875,4889.35009765625,4889.35009765625,336.0,4895.24701171875,4894.522994151845,37.523989877010855,0.05666368359063074,-75.43859649122807,-6.218788775276153,-1.8219176867542046,-1.181603741304888,-0.6403139454493165,-16.928750034525315,4895.307945060055,-0.12153917571203406,-0.17584083191036237,-0.003508362761615471,25.17135027172728,-99.79162212995278,1.9798828125003638,4893.9376220703125,4894.4501953125,4.0,76.0,-72.0,4893.42001953125,4899.310153668362,4887.529885394138,0.15451365111057,0.24073691257249677,4893.894173177084,4897.201546223959,4890.586800130209,4900.10009765625,4885.85009765625,3.634697305134093,44899.0,-0.4178203922667177,-684.256716911454,-646666.7566980635,14.032818241757406,4892.675842008979,4887.9037573242185,4899.040789659098,22.94585184327168,0.7946700945875943,0.9705109264979567
748,4888.60009765625,4890.0,4887.0,4887.0,4887.0,112.0,4895.21201171875,4894.227974773341,33.30777519422563,0.0,-91.93050986842105,-6.48456456801523,-2.093290828886893,-1.363941158821289,-0.7293496700656039,-19.506734185136374,4894.340785248528,-0.17158766416056048,-0.28833766527291216,-0.00405382419180127,25.339214213777147,-137.37381131015724,3.004785156250364,4893.9376220703125,4894.72509765625,4.0,100.0,-96.0,4893.04501953125,4899.536647889906,4886.553391172593,0.03439882897879574,0.2653410435728288,4893.49833984375,4896.65322265625,4890.34345703125,4900.10009765625,4885.85009765625,3.589361783338801,44787.0,-0.39703440765049797,-624.1073198526749,-5423845.563616071,13.978984719460406,4892.432622550367,4887.747756347656,4898.920980806769,23.947498643385973,0.7685425848495122,1.0568802501224244
749,4888.0,4888.0,4885.85009765625,4885.85009765625,4885.85009765625,115.0,4895.139013671875,4893.899430572671,31.445953011131763,0.0,-100.0,-6.973253676470449,-2.3737800493881878,-1.5659089369346688,-0.807871112453519,-22.236824382759522,4893.057595637231,-0.20832523030065495,-0.36283925636714265,-0.004651563594342326,25.383001068937165,-149.6713129418107,3.630078125000182,4893.125,4896.10009765625,64.0,100.0,-36.0,4892.72001953125,4899.929425583201,4885.510613479299,0.023544531581730886,0.2946993093073776,4893.208341471354,4896.293229166667,4890.123453776041,4900.10009765625,4885.85009765625,3.486543251939601,44672.0,-0.43310904943884454,-553.8403840924714,-2944340.187570323,13.951925425510893,4892.15096172047,4887.5667578125,4898.790922267958,25.149818223677844,0.7441458386768883,1.106985095044031
750,4887.75,4887.75,4885.85009765625,4885.85009765625,4885.85009765625,23.0,4895.06201171875,4893.583770458301,31.445953011131763,0.0,-100.0,-7.357072897519174,-2.566484936683082,-1.7660241368843517,-0.8004607997987305,-24.44159899269153,4890.893476217744,-0.21444544998990298,-0.37805834528933513,-0.005249600416865393,25.340619998119884,-130.29908757431951,4.679785156249636,4891.5374755859375,4896.10009765625,60.0,96.0,-36.0,4892.37001953125,4900.17523041065,4884.56480865185,0.08233531574347479,0.31907688291114994,4892.889176432292,4895.876578776041,4889.901774088541,4900.10009765625,4885.85009765625,3.3732117584974866,44695.0,-0.4523159393013334,-474.7203292221183,-1032555.6216032609,13.951925425510893,4891.824401889525,4887.410258789063,4898.662157843962,26.26625783394886,0.7355428024868484,1.1136011477761836
751,4885.85009765625,4888.7998046875,4885.85009765625,4887.64990234375,4887.64990234375,397.0,4895.05201171875,4893.351069747927,37.761163457822974,0.2155940759763476,-87.36979166666667,-7.661480353860497,-2.544642694545473,-1.921747848416576,-0.6228948461288972,-24.560318305035704,4890.797015863002,-0.1919503112823629,-0.35294006855765236,-0.005740126178126671,25.35757219656824,-98.45241866639283,8.000073242187682,4891.5250244140625,4896.10009765625,56.00000000000001,92.0,-35.99999999999999,4892.100024414062,4900.16186087356,4884.038187954565,0.22400072287067346,0.3295859209445777,4892.585009765625,4895.609887695313,4889.560131835938,4900.10009765625,4885.85009765625,3.3429614208369522,45092.0,-0.37837686563385703,-304.8285020564586,390002.04888639285,14.098168647602401,4891.077852709622,4887.342758789063,4898.552583162367,26.697928602715645,0.7386616190153313,1.0916016875729837
752,4887.64990234375,4888.89990234375,4887.5498046875,4887.5498046875,4887.5498046875,103.0,4895.0030078125,4893.123569157322,37.55396157344827,0.2085204401601845,-88.07223135964912,-7.657515222886104,-2.506516047846162,-2.038701488302493,-0.4678145595436689,-24.714287046758315,4890.520436932746,-0.25612319582518095,-0.30806898020012774,-0.006130360389651306,25.317192127744548,-80.52688159903974,-2.522314453124636,4891.175048828125,4896.10009765625,52.0,88.0,-36.0,4891.722509765625,4899.8934307590525,4883.551588772197,0.2446612761596361,0.33407132056717537,4892.179166666667,4895.094059244791,4889.264274088541,4900.10009765625,4885.85009765625,3.2006140090807413,44989.0,-0.38195904845858913,-262.75443870464306,1179568.9758745213,14.09605923739509,4890.891295332892,4887.262507324219,4898.443102779534,27.04073637819755,0.7630217252455314,1.071090705445659
753,4888.7998046875,4888.85009765625,4887.5498046875,4888.85009765625,4888.85009765625,119.0,4894.97701171875,4892.9559820396325,42.00575707234971,0.3604996568661276,-78.94736842105263,-7.229286822151153,-2.3443533835770722,-2.099831867357409,-0.24452151621966323,-23.589069335168016,4890.4737648175,-0.007160632460615024,-0.38910697710396036,-0.006372806882922554,25.010009233006553,-67.15089657322629,-1.0176025390628638,4891.175048828125,4896.10009765625,48.0,84.0,-36.0,4891.417504882813,4899.5389824228905,4883.296027342735,0.3419371836040122,0.3320705105205376,4891.850830078125,4894.825756835938,4888.875903320312,4900.10009765625,4885.85009765625,3.0648767919142594,45108.0,-0.3083356412458456,-203.1131098495155,-27210.371834891183,14.127718221848365,4890.464312079364,4887.190258789063,4898.347649992237,27.359057884002176,0.7514793471534653,1.1405863242574257
754,4888.9501953125,4892.85009765625,4888.9501953125,4892.5,4892.5,109.0,4895.06701171875,4892.938100391019,52.287898509934784,1.0,-40.62431878624057,-6.070303883271663,-1.8994262843361867,-2.0597507507531647,0.16032446641697806,-19.22378441007649,4890.5179410169185,0.04294327045204457,-0.29882602019893756,-0.0063477470136761634,24.828978831562356,-4.37944162763616,-0.9448974609376819,4891.16259765625,4896.10009765625,44.0,80.0,-36.0,4891.294995117188,4899.272259163504,4883.317731070872,0.5755274537620944,0.32618208692297446,4891.6408284505205,4894.708260091145,4888.573396809896,4900.10009765625,4885.85009765625,3.131671306777527,45217.0,-0.26365335610989554,-117.26275766119187,9661007.364955518,14.209095099339356,4889.821868372128,4887.189509277344,4898.289464420175,25.57388943585326,0.769533745958782,1.0683597661577195
755,4890.14990234375,4892.89990234375,4890.14990234375,4891.0,4891.0,464.0,4895.0280078125,4892.862096454117,48.483489044294764,0.8174638031819769,-26.949716027150576,-4.804001034007342,-1.6488489127459616,-1.9775703831517242,0.3287214704057626,-16.726481283812515,4890.520237045201,0.013289485021971583,-0.001266834758010038,-0.006191986100616124,24.65978791898747,-1.446617708636697,-0.2299072265623181,4891.175048828125,4896.150146484375,40.0,76.0,-36.0,4891.080004882812,4898.842837030043,4883.317172735582,0.49484692691436954,0.31742814018501214,4891.4116617838545,4894.4866129557295,4888.3367106119795,4900.10009765625,4885.85009765625,3.104409070579132,44753.0,-0.2694240913791074,-199.93950656673587,370275.563207166,14.066836540320443,4889.693277183694,4887.206008300781,4898.216932435896,23.894577465628934,1.08564048951479,1.0869073242728
756,4892.85009765625,4892.85009765625,4886.60009765625,4886.60009765625,4886.60009765625,315.0,4894.9130078125,4892.616527873809,39.42265125041896,0.38272330381754943,-89.36140739714642,-3.9702981387863474,-1.7847266699718602,-1.9390016405157515,0.15427497054389128,-17.540413800616317,4890.411668289456,-0.08689695891592848,-0.07620181574639073,-0.006118842504571612,24.77949437323525,-60.629387958765435,0.2598876953125,4891.175048828125,4896.150146484375,36.0,72.0,-36.0,4890.6400146484375,4898.371043574641,4882.908985722234,0.23872061333939662,0.31615612284065947,4891.040836588541,4894.318302408854,4887.763370768229,4900.10009765625,4885.85009765625,3.3290941369663365,44438.0,-0.28799968835472955,-369.372325383095,-3571041.046626984,13.783465197388258,4889.544600878686,4887.243759765625,4898.101342040079,23.63094035517545,0.9179365061192715,0.9941383218656622
757,4886.10009765625,4904.64990234375,4886.10009765625,4902.5498046875,4902.5498046875,3249.0,4895.125,4893.006068141012,64.97554987615474,1.0,-11.17084826762246,-2.3240894990813104,-0.5985035351632177,-1.6709020194452449,1.072398484282027,-5.703293227369841,4891.588379481834,0.23819547683172362,0.13883227829674671,-0.005455700710007031,25.49360492631009,164.7569565134282,-1.614916992187318,4895.25,4896.150146484375,100.0,68.0,32.0,4890.965014648437,4900.01276367012,4881.917265626755,1.1402028842367364,0.3699780715905612,4891.112508138021,4895.209969075521,4887.015047200521,4904.64990234375,4885.85009765625,4.416287747718741,47687.0,0.16828828354093317,7086.337741747525,3225748.9990769774,24.388097683968223,4894.089073163806,4887.366008300782,4898.145605350003,23.923107451143217,0.9327050250796476,0.7938727467829009
758,4903.0,4903.0,4900.0498046875,4902.89990234375,4902.89990234375,117.0,4895.302998046875,4893.394061639159,65.32134063794368,1.0,-9.308607345072984,0.3592830882353155,0.36562213602701377,-1.2635971883507933,1.629219324377807,2.2038630486744055,4893.235059718269,0.27712895204610544,0.35088155984235647,-0.004401063127990137,26.032934437273468,228.36791492093664,-1.9424072265628638,4895.25,4896.150146484375,100.0,64.0,36.0,4891.292504882813,4901.496486850881,4881.088522914744,1.0687680308168084,0.4172304951250515,4891.3941650390625,4895.6241455078125,4887.1641845703125,4904.64990234375,4885.85009765625,4.31156685948883,47804.0,0.18119422614997635,6079.8554108952,15507190.655439328,24.396452810874248,4894.357442216531,4887.5367578125,4898.192911787753,24.194405468827572,1.1741630367143747,0.8232814768720182
759,4903.7998046875,4903.9501953125,4898.5498046875,4899.39990234375,4899.39990234375,446.0,4895.4319921875,4893.629584804045,59.04523244506559,0.814729553443969,-27.92582203521895,2.3939539292277914,0.8376223384002515,-0.8433532830005843,1.6809756214008358,5.568820925133764,4893.847461000068,0.20554479607253848,0.3447033760489169,-0.0032605036916007663,26.46345763213753,182.4708251022096,-4.410009765624636,4895.25,4896.150146484375,96.0,60.0,36.0,4891.410009765625,4901.925840542337,4880.894178988912,0.8798983051257924,0.4299713479637854,4891.540836588541,4895.863346354166,4887.218326822916,4904.64990234375,4885.85009765625,4.389339985596771,47358.0,0.14725552771619388,4988.3046379101725,-332865.4798157012,24.078069806715035,4894.963876593731,4887.678256835938,4898.204921644031,23.93984870695889,1.1623544526117218,0.8176510765628049
760,4902.2998046875,4903.2998046875,4899.10009765625,4899.35009765625,4899.35009765625,370.0,4895.5019921875,4893.853918641387,58.95842278656358,0.8121669360221894,-28.190743338008414,4.310581341911529,1.1939044895370898,-0.43590172849304953,1.6298062180301394,7.931020270506702,4894.389570321486,0.252713273096992,0.3303087343340252,-0.0021069955696966544,26.744404978854938,173.2724574863473,-5.522412109375182,4895.3125,4896.150146484375,92.0,56.00000000000001,35.99999999999999,4891.372509765625,4901.768785327444,4880.976234203807,0.8836752807862919,0.4250862325886004,4891.620003255208,4895.987483723958,4887.252522786458,4904.64990234375,4885.85009765625,4.375794774572002,46988.0,0.0740740033942122,4273.057156155148,-56808.22037361764,24.07430858396486,4895.353555776893,4887.823757324219,4898.216316430223,23.703474570937974,1.1598050098943,0.8294962755602748
761,4897.5498046875,4899.7998046875,4896.75,4897.2998046875,4897.2998046875,341.0,4895.53798828125,4893.98905142751,55.35067227106013,0.7056662944576345,-39.09667030284141,6.043340705422452,1.29588104360937,-0.08954517407256563,1.3854262176819356,8.49364759372478,4894.559162975392,0.23434421446418183,0.2558504123458807,-0.0010721059297717126,26.908422765944778,101.99629513329515,-5.927392578125364,4895.3125,4896.150146484375,88.0,52.0,36.0,4891.777490234375,4902.431563813928,4881.123416654823,0.7591644600485578,0.43559109549939895,4891.982495117188,4895.94248046875,4888.022509765625,4904.64990234375,4885.85009765625,4.281081196924002,46647.0,0.11666956817726198,3562.741862083877,-2616078.483044577,23.931606003335183,4895.773834241474,4887.967507324219,4898.2071969103945,22.694435390068808,1.1354535804686863,0.8796031681228056
762,4897.25,4899.75,4897.0,4897.14990234375,4897.14990234375,159.0,4895.533984375,4894.113006365402,55.08527080754437,0.697831654558025,-39.894031478884216,6.591870117187682,1.3490513073438706,0.19817412221072161,1.150877185133149,8.833954903047626,4894.708665683039,0.2312761231238047,0.32829334688991285,-0.00016505601541706616,26.985766379933686,87.57909591977274,-4.465087890625,4895.3125,4896.150146484375,84.0,48.0,36.0,4892.114990234375,4902.998311029695,4881.231669439055,0.7313132270960881,0.4449331553753556,4892.332495117187,4896.30498046875,4888.360009765625,4904.64990234375,4885.85009765625,4.171718254286573,46488.0,0.10147148945659837,3050.3738142638595,173124.8771619497,23.92673914330888,4895.966551898321,4888.136005859375,4898.196676566447,21.757470436404585,1.1662457567359255,0.8379524098460126
763,4898.9501953125,4898.9501953125,4894.9501953125,4895.4501953125,4895.4501953125,231.0,4895.47298828125,4894.165445147642,52.03839575982367,0.6078880329148844,-48.935120253493324,5.542364142922452,1.2397459524217993,0.40648848825293715,0.8332574641688621,8.13404333717935,4894.7337342199,0.1595918923122862,0.32329200696636884,0.0005498338540146109,27.167197812401106,56.817023173969744,-4.8201904296875,4895.3125,4896.150146484375,80.0,44.0,36.0,4892.3699951171875,4903.314779765274,4881.425210469101,0.6407154317947732,0.4474226053634363,4892.609163411458,4896.656648763021,4888.561678059896,4904.64990234375,4885.85009765625,4.159452664694675,46257.0,0.08022320542564537,2558.5157944806297,-2467194.264069264,23.8465634631585,4896.1516676740985,4888.313256835938,4898.1693483947665,20.22347673258002,1.1465800376947362,0.8232880307283673
764,4896.0,4896.5,4896.0,4896.5,4896.5,145.0,4895.42298828125,4894.256996318322,53.74032255390423,0.5829272162439181,-43.350994753519295,4.443099437040473,1.2237247981111068,0.5699357502245711,0.6537890478865357,8.087283368822483,4894.769839568067,0.1831223347108635,0.30883183071786846,0.001146090383593941,27.071666463103327,49.40498154874549,-3.802392578125364,4895.3125,4896.150146484375,76.0,40.0,36.0,4892.652490234375,4903.7167781661,4881.588202302651,0.6738706453305794,0.4522817818681703,4892.874991861979,4896.807486979166,4888.942496744791,4904.64990234375,4885.85009765625,3.9373349520379124,46402.0,0.10514813269588658,2214.7594923673255,-241446.6594827586,23.87765798431883,4896.189552169611,4888.497756347656,4898.152737962979,18.799054007600066,1.1568956340822218,0.8480638033643534
765,4898.7998046875,4899.9501953125,4896.5498046875,4897.35009765625,4897.35009765625,86.0,4895.42298828125,4894.378294410006,55.12886519812027,0.6329334714612675,-39.352461173993156,3.7207562614894414,1.2650410879896299,0.7089568177775829,0.556084270212047,8.45866887010175,4894.86472461739,0.17386501590782996,0.3529924578704482,0.0016689345567250026,26.91710964761621,64.81655971134387,-0.4750000000003638,4895.3125,4896.150146484375,72.0,36.0,36.0,4892.975,4904.191131573568,4881.758868426433,0.6950359456624158,0.4584585686036617,4893.230826822916,4897.123356119791,4889.338297526041,4904.64990234375,4885.85009765625,3.90253926349949,46488.0,0.09955045023806373,1908.8093360916364,7907885.174418605,23.89258873045128,4896.769604302205,4888.688757324218,4898.144751492265,18.488299241765663,1.163799377754317,0.8108069198838688
766,4896.64990234375,4899.35009765625,4896.0498046875,4896.14990234375,4896.14990234375,330.0,4895.346982421875,4894.4477692309365,52.72271793772777,0.5135420749791066,-45.82258489076073,3.5741498161769414,1.1872529017055058,0.8046160345631674,0.38263686714233835,8.06998590216597,4894.964540222845,0.07460198965252937,0.29603565200542536,0.0020689543643592372,26.288369702902596,49.07813067441777,-2.314990234374818,4897.35009765625,4896.150146484375,68.0,32.0,36.0,4893.314990234375,4904.483125782255,4882.146854686494,0.6269196678900095,0.456465016871742,4893.564990234375,4897.44501953125,4889.6849609375,4904.64990234375,4885.85009765625,3.859521671017384,46158.0,0.06585229253833846,1579.5416519178314,-550097.6605848832,23.81171551427778,4896.9300417506465,4888.838505859375,4898.124902247006,18.022416584831156,1.1238132144933153,0.8277775624878899
767,4896.14990234375,4898.0,4895.89990234375,4898.0,4898.0,147.0,4895.208984375,4894.587072398351,55.9167835638269,0.6368713129303403,-35.84890760726507,3.231788545495874,1.2603639317349007,0.8957656139975142,0.3645983177373865,8.662106600049807,4895.201487875984,0.1431200163565733,0.26959429984004657,0.0024393022815164815,25.840568767952238,45.99403650042772,-7.147387695312318,4897.35009765625,4896.150146484375,64.0,28.000000000000004,36.0,4893.747485351562,4904.937875522592,4882.557095180533,0.69000743421114,0.4573341883505628,4893.9233235677075,4897.710847981771,4890.135799153645,4904.64990234375,4885.85009765625,3.7338485271054282,46305.0,0.11455135834440884,1392.7448952822483,-1071478.3960459183,23.867262088809458,4897.094040938307,4888.982255859375,4898.123659438578,17.534190467835213,1.119911528129616,0.8503172282895693
768,4895.89990234375,4898.0,4895.89990234375,4897.7998046875,4897.7998046875,336.0,4895.06498046875,4894.713061899886,55.479994578074475,0.6200060198949784,-36.92813898394314,3.203067555146845,1.2873115351003435,0.9740747982180802,0.3132367368822633,9.024898809721812,4895.448369307552,0.22919221559836037,0.19385984286751023,0.0027610930753063216,25.505029839819326,40.648772022493624,8.2623291015625,4897.1875,4896.150146484375,60.0,24.0,36.0,4894.2874755859375,4905.161160382417,4883.413790789458,0.6615059277191737,0.44434189249079314,4894.384985351562,4898.127514648438,4890.6424560546875,4904.64990234375,4885.85009765625,3.6171520363300407,45969.0,0.16168118926906475,1184.171963813356,0.0,23.85352880481598,4897.192582493629,4889.160754394531,4898.120437003245,17.08083764491041,1.1025857444861642,0.908725901618654
769,4895.5,4897.2998046875,4894.7998046875,4897.10009765625,4897.10009765625,208.0,4894.907978515625,4894.806671145234,53.89536438700537,0.5588202908660642,-40.70018425901553,3.1689165900734224,1.237937027721273,1.0268472441187189,0.21108978360255404,8.901397643459815,4895.518345045157,-0.11116066635446199,0.14400867351748847,0.003003197799364747,25.249033108816153,23.986505492232126,8.0499267578125,4896.3125,4896.150146484375,56.00000000000001,20.0,36.00000000000001,4894.8499755859375,4905.063481123686,4884.636470048189,0.6101542492925761,0.41731638716979697,4894.876643880209,4898.636678059896,4891.116609700521,4904.64990234375,4885.85009765625,3.5730697480207523,45761.0,0.19738390524021185,994.2132457685909,-1081906.8321814905,23.82381361262688,4897.585500860017,4889.336254882813,4898.110284372927,16.21603042835359,1.0571242261399705,0.913115552622482
770,4894.89990234375,4896.4501953125,4893.85009765625,4895.5498046875,4895.5498046875,158.0,4894.787978515625,4894.835813637088,50.45667931150628,0.0,-49.05764674914451,2.587175436581674,1.0614756580198446,1.033772926898944,0.027702731120900603,7.848528180190777,4895.5205881007405,-0.14991327179117828,0.18174839029222378,0.0031137703681939984,24.988597985463862,-0.6058527688904669,4.06494140625,4896.0750732421875,4896.150146484375,52.0,16.0,36.0,4895.3349609375,4904.676975913357,4885.992945961643,0.5114987907081736,0.3816701022668181,4895.316642252605,4899.111686197917,4891.521598307292,4904.64990234375,4885.85009765625,3.5499933374478414,45603.0,0.20312147759933244,817.1904550784352,-1480505.8135262018,23.773794972170723,4897.971459215734,4889.49775390625,4898.084806963122,15.07282378774724,1.092991579990094,0.9112431896978702
771,4892.9501953125,4899.7001953125,4892.9501953125,4899.7001953125,4899.7001953125,117.0,4894.740986328125,4895.026573702791,58.154228157199356,0.5178421947631378,-38.63636363636363,2.316625976562136,1.2422111514679273,1.0754605718127408,0.16675057965518647,9.157948817356463,4895.64478225038,0.006129178567488385,0.03803081238270045,0.0032910413380928937,24.9661265791294,34.29523126253002,3.412622070312864,4895.85009765625,4895.425048828125,48.0,12.0,36.0,4895.937475585937,4904.759050123098,4887.115901048776,0.7132680345618821,0.36036303899510336,4895.81748860677,4899.80254720052,4891.832430013021,4904.64990234375,4886.10009765625,3.7785652419158526,45720.0,0.21456570182276194,769.8197762279445,6779127.854567307,23.87298622187675,4898.160927921057,4889.67775390625,4898.100880479036,15.083369643820488,1.1077195949429743,1.0696887825602739
772,4899.9501953125,4901.0,4897.7001953125,4901.0,4901.0,222.0,4894.730986328125,4895.260825714447,60.237814021174835,1.0,-26.819957386363637,2.7084199793198422,1.4733449045788802,1.1550374383659687,0.3183074662129115,10.874687842882308,4895.913123248426,0.03367594294882662,-0.09327464428293586,0.0035508087320019746,24.91708238573214,86.15281191977192,0.6898193359375,4896.112548828125,4895.25,44.0,8.0,36.0,4896.6099853515625,4904.799388616989,4888.420582086136,0.7680301913431881,0.334492773160424,4896.4125,4900.495043945312,4892.3299560546875,4904.64990234375,4886.10009765625,3.7443680594575777,45942.0,0.253614688846245,701.0678997132383,4496210.330241435,23.93187893553729,4898.142383760619,4889.898254394531,4898.129727439444,15.469820965267408,0.9140648991708465,1.0073395434537824
773,4898.7998046875,4903.0,4898.7998046875,4903.0,4903.0,181.0,4894.714990234375,4895.564322745253,63.26846211980313,1.0,-2.8967729760332137,3.4138513901652914,1.797186507106744,1.283467252114124,0.5137192549926202,13.265171795040285,4896.8866759581,0.11639465705252515,-0.017200100806451624,0.003927539330306868,24.937892773985258,128.09068376771904,-0.1675781249996362,4896.612548828125,4895.25,100.0,4.0,96.0,4897.31748046875,4905.139718927982,4889.495242009517,0.8632284774279151,0.3194499229600288,4897.071663411458,4901.299202473958,4892.844124348958,4904.64990234375,4886.10009765625,3.7769271489606075,46123.0,0.25960044609518207,652.6296283256328,3596399.107032059,24.005741412582786,4897.9823269358985,4890.0900048828125,4898.178187862932,16.359300249142258,0.967752436155914,0.9849525369623656
774,4901.5,4902.2001953125,4898.5498046875,4902.2001953125,4902.2001953125,531.0,4894.747998046875,4895.824553042008,61.25768259048509,0.8430523246135682,-7.958410261393451,4.222271369485497,1.9666257191211116,1.4200989455155217,0.5465267736055899,14.661512073767907,4897.3636212300735,0.10312718763893579,-0.037422319703378726,0.004326817902325606,25.01717276547367,104.9032439292053,-2.352294921875,4896.612548828125,4895.25,96.0,4.0,92.0,4897.802490234375,4905.572498848131,4890.032481620619,0.7829922910471118,0.31728550219197654,4897.549161783854,4901.764225260417,4893.334098307292,4904.64990234375,4886.10009765625,3.825017732070564,45592.0,0.300323942118885,498.72592584161384,-360847.19296902587,23.919121732986103,4898.180070231731,4890.240004882812,4898.2182078375545,17.07174297709027,0.9336988876703745,0.9711212073737532
775,4901.75,4902.0,4899.14990234375,4902.0,4902.0,439.0,4894.787001953125,4896.066727432518,60.737342122737275,0.8024381122487718,-9.95044213390341,5.0388499540440534,2.0609955529598665,1.5482782670043909,0.5127172859554756,15.662796417865074,4897.689749110413,0.1337937151065612,0.09626511812503924,0.004707578222952923,25.109343275005735,98.10320185122224,-1.852490234375182,4896.612548828125,4895.25,92.0,24.0,68.0,4898.352490234375,4905.662215046337,4891.042765422413,0.7494970644897486,0.2984564637410277,4898.0341634114575,4902.254231770833,4893.814095052083,4904.64990234375,4886.10009765625,3.7696802489762384,45153.0,0.37705115427084784,414.9242589803119,129813.295290519,23.901193917171582,4898.586873644488,4890.362004394531,4898.255837610315,17.733296938756286,0.9925218808096422,0.896256762684603
776,4902.0,4902.89990234375,4900.0,4902.0,4902.0,94.0,4894.83400390625,4896.299404788106,60.737342122737275,0.8024381122487718,-9.95044213390341,5.763802562040837,2.1114449036540464,1.660911594334322,0.45053330931972435,16.490297809000985,4898.190335194994,0.11232513019503727,0.12900169697979236,0.005050352545689796,25.158361093823405,104.04131154161499,-1.772387695312318,4896.612548828125,4895.25,88.0,20.0,68.0,4899.122485351562,4904.231068926358,4894.013901776767,0.7816352719210374,0.2085509635682759,4898.681656901042,4902.734220377604,4894.629093424479,4904.64990234375,4886.10009765625,3.707553255745793,45247.0,0.4319376907242089,355.64936484026737,2699377.1816821806,23.901193917171582,4898.706247981267,4890.434504394531,4898.293092957477,18.60701237392339,1.0053408014325425,0.8763391044527501
777,4900.0,4902.0,4900.0,4900.14990234375,4900.14990234375,258.0,4894.877001953125,4896.450404692248,55.669164164201746,0.40685085992246806,-28.35973180448936,5.805553481157403,1.9793225602106759,1.724593787509593,0.25472877270108296,15.850595637219206,4898.244363438889,0.05716978838902934,0.17817023173874746,0.005269243968516853,25.21779515049097,64.13197527829253,-2.852587890624818,4896.675048828125,4895.25,84.0,16.0,68.0,4899.002490234375,4903.891441491765,4894.113538976984,0.6173474687071853,0.19958966206431344,4898.829158528645,4902.054231770833,4895.604085286458,4903.9501953125,4892.9501953125,3.5855851660496647,44989.0,0.13886711171483365,236.65299910415774,-348799.35804263566,23.80382035631632,4899.0259982238495,4890.511003417969,4898.311568672763,19.41831956372141,1.0512304664136498,0.8730602346749023
778,4900.10009765625,4900.10009765625,4898.7998046875,4898.7998046875,4898.7998046875,206.0,4894.962998046875,4896.542538025396,52.24321302239816,0.13944458297676804,-41.7938004081236,5.269979319853519,1.7455514232797213,1.7287853146636185,0.016766108616102837,14.343160918796544,4898.2508223360965,0.05412216530546811,0.13938339886790807,0.005331574015084195,25.25294576954494,19.93851176169964,-0.7974853515625,4896.675048828125,4895.25,80.0,12.0,68.0,4898.7974853515625,4903.347648914045,4894.24732178908,0.5002548629192831,0.18576655091737465,4898.691658528646,4901.834236653646,4895.549080403646,4903.9501953125,4892.9501953125,3.4259074867782604,44783.0,0.07344858046391603,163.1139824910638,-978406.598267046,23.747062885069486,4899.156733908875,4890.610251464844,4898.316426742562,19.51392302605455,1.0121743075660026,0.8727909086980945
779,4898.39990234375,4900.64990234375,4897.60009765625,4898.5498046875,4898.5498046875,128.0,4895.0869921875,4896.621254365087,51.60984154949079,0.09000794465839114,-44.281410941599454,4.775127814797997,1.5225620547635117,1.6875406626835974,-0.16497860792008567,12.912363920293801,4898.255829809177,0.011225085494079216,0.03906181881593862,0.005265961887555973,25.2120090441519,12.679090494669792,-0.9551757812496362,4896.675048828125,4895.25,76.0,8.0,68.0,4898.75498046875,4903.297716393373,4894.212244544126,0.4774171573415141,0.1854649168098849,4898.606656901042,4901.631705729167,4895.581608072917,4903.2998046875,4892.9501953125,3.3990430011155275,44655.0,0.13332941824777658,135.24055642091184,-774248.1306195259,23.740530672838776,4899.179140081657,4890.723000488281,4898.318748911169,18.991428531609337,0.974343883512076,0.9352820646961374
780,4900.10009765625,4900.10009765625,4898.14990234375,4899.5498046875,4899.5498046875,156.0,4895.220986328125,4896.73609947577,54.011559360040835,0.2774695841887385,-34.330968807696046,4.2483714384188715,1.4102762298034577,1.6320877761075696,-0.22181154630411193,12.296147454772587,4898.337496973492,0.035730329327163204,0.0655938507871936,0.005147076696380654,25.12850016633624,29.41537341139151,-1.664868164062682,4897.8375244140625,4895.25,72.0,4.0,68.0,4898.764965820313,4903.313764240363,4894.216167400263,0.5862688115314091,0.1857120499467859,4898.5408203125,4901.453393554688,4895.628247070313,4903.0,4892.9501953125,3.2955538805001328,44811.0,0.2277724646683825,138.20619121792444,0.0,23.772376832665667,4899.390482961988,4890.825749511719,4898.330998222376,18.50625507248164,0.9977075303134165,0.9321136795262229
781,4897.0,4897.0498046875,4896.7001953125,4896.7001953125,4896.7001953125,304.0,4895.293994140625,4896.734691469368,46.872327763282804,0.0,-62.68584199786221,3.1466136259186896,1.0789122147507442,1.5214526638362047,-0.44254044908546053,9.654064528786064,4898.258071395988,-0.008166105159692225,0.046386513775656835,0.004873882670211646,24.736066479319604,-65.54781051425992,-3.1851806640625,4897.612548828125,4895.25,68.0,28.000000000000004,40.0,4898.7349853515625,4903.329687493507,4894.140283209618,0.2785721493796901,0.18758729164502908,4898.484163411458,4901.261726888021,4895.706599934896,4903.0,4892.9501953125,3.263700701535838,44507.0,0.21029721097057105,-5.2920146703504685,-258756.9387335526,23.595568496281135,4899.248147856673,4890.969250488281,4898.314771327751,17.331698704609074,0.9615563067541593,0.9151697929785024
782,4896.5498046875,4898.2998046875,4893.89990234375,4894.5,4894.5,108.0,4895.2819921875,4896.647056509785,42.23086067921652,0.0,-84.578758138179,1.9430592256439922,0.6314870815649556,1.3434595473819548,-0.7119724658169992,5.904283792623655,4897.722141302794,-0.021444061022416923,0.010752688172043001,0.00441178875711312,23.90468294762467,-103.39067568697455,1.097705078124818,4896.887451171875,4895.25,64.0,100.0,-36.0,4898.602490234375,4903.514271022045,4893.690709446705,0.08238260096281474,0.20053804314442597,4898.36416015625,4901.22421875,4895.5041015625,4903.0,4892.9501953125,3.3448579616939926,44399.0,0.2271389416818943,-38.4818831103004,-3157934.104954755,23.547041716149188,4899.337987077556,4891.100749511719,4898.276813404092,17.0997313576969,0.9032363071236559,0.8924836189516129
783,4896.0498046875,4897.2998046875,4894.64990234375,4895.60009765625,4895.60009765625,153.0,4895.294990234375,4896.605999299843,45.155207249223146,0.13900570263513293,-73.6323000680206,0.9818689682906552,0.3615009688091959,1.1470678316674032,-0.7855668628582073,3.5947306324286945,4897.295024079051,-0.08368058233792605,0.044282972306004975,0.0038782976618616837,23.437392761914165,-90.45464377893404,2.3900146484375,4898.425048828125,4895.25,60.0,96.0,-36.0,4898.6099853515625,4903.502923669459,4893.717047033666,0.19242533833878012,0.19976843768040436,4898.334147135417,4901.126700846355,4895.541593424479,4903.0,4892.9501953125,3.3059255849658506,44552.0,0.26142999049443183,-8.939479607936065,-216495.28952205883,23.58143030362619,4899.363338842148,4891.225749511719,4898.250179416551,16.884333106992738,0.9503385290333467,0.9060555567273417
784,4897.39990234375,4897.39990234375,4893.4501953125,4893.4501953125,4893.4501953125,94.0,4895.264990234375,4896.482242280731,40.80763736678225,0.0,-95.0247789330483,-0.011797736672633619,-0.025648462838944397,0.9125245727661337,-0.9381730356050781,0.23243132982005754,4896.440748384291,-0.15404620868190164,0.05851124616903014,0.0032265870295118196,23.174294127264773,-122.33257505880809,4.542504882812864,4898.3126220703125,4895.25,56.00000000000001,100.0,-43.99999999999999,4898.457495117187,4903.775587943483,4893.139402290892,0.02922034569156144,0.21713336623198537,4898.2558186848955,4901.220857747396,4895.290779622395,4903.0,4892.9501953125,3.351909973986147,44458.0,0.2084067126549619,-36.53252828001663,-2310178.1276946375,23.540150212057995,4899.43440461358,4891.346999511718,4898.20241838069,17.13155879490346,0.9595865149862345,0.9010752688172043
785,4893.7001953125,4895.60009765625,4893.7001953125,4895.25,4895.25,194.0,4895.263994140625,4896.433919054036,45.535286964604744,0.21048423866032095,-81.15349217711423,-1.1222153607541259,-0.18510421384053188,0.6929988154448007,-0.8781030292853326,-1.2180972793065505,4896.299948047298,-0.15806648990414032,-0.027120713084736514,0.002589185455809053,22.96813748918084,-106.18592725244224,3.847705078124818,4897.925048828125,4895.25,52.0,96.0,-44.0,4898.352490234375,4903.834309856133,4892.870670612618,0.2170200363706504,0.2238229948819058,4898.100821940105,4900.990836588542,4895.210807291667,4903.0,4892.9501953125,3.2660522861121364,44652.0,0.24175089583172493,18.566705670700024,-758885.968591749,23.611503162520115,4899.220192403184,4891.523249511719,4898.17304108337,17.361125505106266,0.9764262846350508,1.0035469977197873
786,4897.5,4897.5,4895.60009765625,4897.5,4897.5,37.0,4895.30599609375,4896.475726149956,50.82317129728277,0.44591122724260035,-57.592800899887514,-1.4320642807906552,-0.12843730406893883,0.5287115915420527,-0.6571488956109915,-0.8190195720388029,4896.361137976854,-0.09587930164488881,-0.08222332435879276,0.0020734447799201313,22.838037329792957,-39.520111424197886,3.580004882812318,4897.5125732421875,4895.25,48.0,92.0,-44.0,4898.419995117188,4903.824362607045,4893.01562762733,0.4148841081852553,0.22065757918858425,4898.084993489583,4900.9049886067705,4895.264998372395,4903.0,4892.9501953125,3.193477122818412,44689.0,0.34438299074036127,27.80717628917145,9755753.826450657,23.62850944411963,4899.137635695782,4891.688498535156,4898.166344157167,16.5595299263938,0.8984341788295309,0.9806575031883237
787,4897.5,4897.9501953125,4893.0,4895.0,4895.0,194.0,4895.285,4896.417854536233,45.533377239792856,0.23108701332030238,-79.79778051787916,-1.7709903492650483,-0.2820066789872726,0.36656793743618765,-0.6485746164234603,-2.1742332451553286,4896.281274154093,-0.14279885760913913,-0.2054511714219438,0.0015576028193021937,22.947564872371768,-82.97922590860824,3.730004882812864,4897.4000244140625,4895.25,44.0,88.0,-44.0,4898.269995117187,4903.875455143451,4892.664535090923,0.20832053909351708,0.22887509393528432,4897.98583170573,4900.948331705729,4895.02333170573,4903.0,4892.9501953125,3.318956993509954,44495.0,0.2957126388349773,-45.45099175213875,-2742896.0062793847,23.529479326712796,4898.727783652739,4891.819499511719,4898.134838245156,16.80877143686163,0.8123637207144514,1.0178148921363952
788,4895.25,4895.25,4893.0,4893.0,4893.0,139.0,4895.217998046875,4896.283821025008,41.786355850691784,0.0491085289970033,-100.0,-2.2358096852021845,-0.5586549735362496,0.18152335524170018,-0.7401783287779498,-4.531339262071698,4896.06375905336,-0.18359853121175032,-0.25814425924566164,0.0009810508693827004,23.00819605256971,-117.67135680027803,2.119897460937864,4897.2625732421875,4895.25,40.0,100.0,-60.0,4898.030004882812,4904.088152681822,4891.971857083802,0.08485620938183623,0.24737079164360384,4897.811669921875,4900.781665039062,4894.8416748046875,4903.0,4892.9501953125,3.242602922544957,44356.0,0.205764898690144,-78.67227864469035,-2185409.87522482,23.472686681156112,4897.973133741222,4891.928249511719,4898.083745327294,17.04020998229604,0.8283280710771715,1.0864723303228332
789,4893.0,4896.0,4893.0,4895.0498046875,4895.0498046875,150.0,4895.177998046875,4896.235428227459,46.63356409037137,0.29232378476898035,-79.29469790382244,-2.5083223230694784,-0.605518591362852,0.024114965920789738,-0.6296335572836418,-4.947572920216007,4896.034309030858,-0.10408044157609575,-0.24968447880800382,0.00046843901003903684,23.207531316925074,-85.28387716570019,0.872314453125,4896.8125,4895.25,36.0,96.0,-60.0,4897.927490234375,4904.113158419211,4891.741822049539,0.2673908896431211,0.2525830852812311,4897.725838216145,4900.720833333333,4894.730843098958,4903.0,4892.9501953125,3.225274142363175,44506.0,0.17784516865494554,-23.508995534734588,750000.0,23.535525574089903,4897.140533369192,4892.043498535157,4898.053556863217,16.85007393115392,0.818075994657583,1.0677604734655868
790,4894.64990234375,4896.0,4894.14990234375,4896.0,4896.0,120.0,4895.09599609375,4896.226195747951,48.76333471271283,0.5353216701336488,-66.66666666666667,-2.5807100183819784,-0.5595355480199942,-0.09261513686736705,-0.4669204111526271,-4.6167331656749635,4896.0332916504,-0.05715287007280761,-0.27190697323215174,5.7665180074190976e-05,23.32095218201795,-65.92653156372823,0.5998046875001819,4896.8125,4895.25,32.0,92.0,-60.0,4897.95,4904.104090521227,4891.795909478773,0.34156879125568407,0.25129250079020254,4897.7308349609375,4900.688330078125,4894.77333984375,4903.0,4892.9501953125,3.1270472504979483,44626.0,0.19828597849273516,-3.8615051012010753,886429.8462867737,23.558819195615627,4896.857986270894,4892.161748046875,4898.033123461592,16.673519026521948,0.820880683605794,1.0927876568379458
791,4896.14990234375,4897.7001953125,4896.0498046875,4896.0498046875,4896.0498046875,112.0,4895.23298828125,4896.219278451464,48.87849699573718,0.6112471455886819,-60.1327631326993,-2.559837431066626,-0.5131594501235668,-0.176723999518607,-0.3364354506049598,-4.319012566269282,4896.033418038099,-0.051035512543073674,-0.1597270663436784,-0.00026536530784908763,23.36516552830663,-30.0806789986746,1.7823242187496362,4896.72509765625,4895.25,28.000000000000004,88.0,-60.0,4897.76748046875,4903.919641743055,4891.615319194446,0.3604006214511542,0.25122308475598293,4897.688321940104,4900.390836588542,4894.985807291667,4903.0,4893.0,3.0251292549266666,44738.0,0.13859787113474134,-2.5129865153152076,2652485.455785479,23.5599585185323,4896.368996820927,4892.241997070312,4898.013388946428,15.607059017462316,0.8675409337070529,1.0272680000507313
792,4898.0,4899.64990234375,4897.25,4899.5498046875,4899.5498046875,161.0,4895.415986328125,4896.349887323465,56.310253075253954,1.0,-14.380545094785218,-1.8744269875924147,-0.19177465034590568,-0.17973412968406677,-0.012040520661838916,-1.674482598466021,4896.219803388539,0.0,0.002468396141633189,-0.00037562962075334054,23.457027043923663,33.50740134992176,-0.9947753906253638,4897.1500244140625,4895.25,24.0,84.0,-60.0,4897.694970703125,4903.726020122651,4891.6639212836,0.6537737344988098,0.2462811365592122,4897.634147135417,4900.291666666667,4894.976627604167,4903.0,4893.0,3.066198426449762,44899.0,0.12104643585357078,78.34601155830126,2347657.769363119,23.675051301996326,4896.273399707826,4892.34849609375,4898.028676665245,15.240193432365974,0.9055299263075909,0.9030615301659577
793,4897.25,4900.0,4897.25,4898.89990234375,4898.89990234375,365.0,4895.586982421875,4896.449887912496,54.71952874425907,0.8973899398070224,-16.90392682759095,-0.8972211052387138,0.010363961948314682,-0.1417145113575905,0.15207847330590518,-0.011488615781165378,4896.302373859591,0.044922232187213126,0.027208749290810186,-0.00036380517180896303,23.60238491126661,37.273316594705086,-2.989965820312136,4897.237548828125,4895.25,20.0,80.0,-60.0,4897.489965820312,4903.045787449596,4891.934144191028,0.6268882100179667,0.2268844517521446,4897.489982096354,4900.074991861979,4894.904972330729,4902.89990234375,4893.0,3.0436128245604936,44534.0,0.08800092038501599,33.26595912586537,131886.1033818493,23.626635760788485,4896.5144654654705,4892.467995605469,4898.03734557747,15.044619228729179,0.93448896078029,0.9072802114894798
794,4898.5,4900.0,4895.60009765625,4896.0,4896.0,207.0,4895.68998046875,4896.432245249261,48.1793670175778,0.4755152155882396,-57.142857142857146,-0.13721421185618965,-0.06271467933947861,-0.12591454495396814,0.06319986561448954,-0.6058648237241628,4896.2958537249615,0.030646644192460923,-0.012804753124359691,-0.00038564396590440374,23.860747843699524,-3.3661577201518016,-1.5798583984378638,4897.237548828125,4895.25,16.0,76.0,-60.0,4897.179956054688,4902.326748940805,4892.03316316857,0.3853697748484722,0.21019414978835768,4897.300813802083,4899.923299153646,4894.678328450521,4902.89990234375,4893.0,3.1404906473597443,44327.0,-0.09764696344629409,-57.240575771579685,-1753480.4804889476,23.50410217220281,4896.391530972653,4892.59849609375,4898.017073482171,14.033265558276117,0.8869539484167634,0.8997587015411231
795,4896.0,4897.0,4895.5498046875,4895.85009765625,4895.85009765625,193.0,4895.788984375,4896.409415931888,47.8609201969984,0.4549737259088314,-59.28431919642857,0.16159955193052156,-0.1312133496021488,-0.12697430588360428,-0.004239043718544527,-1.173880167706868,4896.292574327048,0.005106626256496861,-0.031320594879518104,-0.00043432195525862973,24.0019607183912,-33.99194681149689,-3.422265625000364,4897.237548828125,4895.25,12.0,72.0,-60.0,4896.8724609375,4901.5434783822575,4892.201443492743,0.3905631060746849,0.19077554018480056,4897.05498046875,4899.607470703125,4894.502490234375,4902.89990234375,4893.0,3.0197552662983336,44134.0,-0.2684420598229604,-53.196372424746876,-1145989.7836872952,23.498193031609713,4896.311109118325,4892.7002465820315,4897.995511533655,13.069808131730108,0.9240869728915663,0.9554075677710844
796,4897.7998046875,4898.60009765625,4896.14990234375,4898.60009765625,4898.60009765625,852.0,4895.973984375,4896.495325019118,53.88299169386262,0.8434289137371245,-19.998604910714285,0.2910113166362862,0.035988129247925826,-0.09438181885729827,0.1303699481052241,0.2069776241226332,4896.316756291213,0.1052407225618268,0.061497555536495385,-0.00038836164948719324,23.923051201020897,38.9280090874928,-1.452465820312682,4897.237548828125,4895.25,8.0,68.0,-60.0,4896.702465820313,4900.830591904706,4892.574339735919,0.7298417971184791,0.16860840997419618,4896.862483723959,4899.392488606771,4894.332478841146,4902.0,4893.0,3.00048703299131,44986.0,-0.021572163259674305,289.11739506450266,316367.8545347402,23.97676160566018,4896.760376401131,4892.830498046875,4898.00152731597,12.91211608778488,0.9987501991104358,0.9372526435739404
797,4898.2998046875,4898.64990234375,4895.35009765625,4895.35009765625,4895.35009765625,231.0,4896.093984375,4896.450414142144,46.97731715149244,0.39797669636735244,-66.42717633928571,-0.00044376148889568867,-0.09268294150206202,-0.09404204338625102,0.0013591018841890012,-0.833847321318303,4896.311162911449,0.002044791507073183,0.0483439621477062,-0.0004098375678111587,23.91858133514626,-9.62582496956866,1.037524414062318,4897.25,4895.25,4.0,64.0,-60.0,4896.462475585938,4900.30953419374,4892.615416978136,0.35542487870710565,0.15713624384884498,4896.649153645833,4899.244148763021,4894.054158528646,4900.64990234375,4893.0,3.0218668654562166,44755.0,-0.0245588233706663,140.564910055288,-535682.5791396104,23.82350353498012,4896.78255026836,4892.944499511719,4897.975144931296,12.346879246666147,0.9640717838256471,0.9157278216779409
798,4895.0,4895.0,4893.0498046875,4893.2998046875,4893.2998046875,170.0,4896.21998046875,4896.326860830197,43.21459541615623,0.09833721234608224,-95.71707589285714,-0.8550192440261526,-0.3559935278699413,-0.14643234028298907,-0.20956118758695225,-2.9416988953589667,4896.294502414889,-0.08576202782031649,-0.05683897096859658,-0.0005565412381152169,23.839728048151574,-126.35545960433241,-1.1874755859371362,4897.262451171875,4895.25,4.0,60.0,-56.0,4896.187475585937,4900.112426019817,4892.262525152058,0.1321391891332903,0.16032680339348415,4896.376652018229,4899.004142252604,4893.749161783854,4900.64990234375,4893.0,2.9703258728343442,44585.0,-0.005212397503961123,70.69137937774687,-3412953.8255579327,23.75230335568051,4896.680020625,4893.040998535156,4897.92862413285,12.163547213434356,0.9431484121677034,0.9999873831363
799,4893.10009765625,4893.10009765625,4891.60009765625,4891.60009765625,4891.60009765625,295.0,4896.33498046875,4896.141497568474,40.33061958025238,0.0,-100.0,-1.771482938878762,-0.6938232544080165,-0.25591052310799456,-0.43791273130002195,-5.62189134928899,4896.141994688356,-0.06945663623595505,-0.10456106309917401,-0.0008475404781115141,23.712224261819443,-183.44544478462964,-2.839990234375364,4896.5250244140625,4895.25,4.0,100.0,-96.0,4895.839990234375,4900.084391149384,4891.595589319367,0.0005310922522951617,0.1733880569411896,4896.034993489583,4898.584993489583,4893.484993489583,4900.10009765625,4891.60009765625,2.879567384149748,44290.0,-0.06326381409839353,-11.037899707466963,-851595.6038135594,23.649833939492616,4896.37125676268,4893.1175,4897.865653720148,12.555253612977424,0.8993579023960581,1.003918965495232
800,4890.5498046875,4891.0,4888.0,4888.0,4888.0,156.0,4896.377978515625,4895.822223154024,35.00238116214561,0.0,-100.0,-2.8852883731615293,-1.2377851237961295,-0.4522854432456216,-0.7854996805505079,-9.800735085507668,4895.417178597178,-0.10218679746576743,-0.3105842026090603,-0.0013646401285259742,23.68730317384964,-270.69536899200375,-0.2126953124998181,4894.7249755859375,4895.25,4.0,100.0,-96.0,4895.2625,4900.38319369947,4890.141806300529,-0.2091324365633254,0.20921017818637486,4895.521663411458,4898.124153645833,4892.9191731770825,4900.0,4888.0,2.9310338321569094,44134.0,-0.11614738975704089,-89.69180465997168,-5480957.03125,23.53502176695952,4896.022004916386,4893.1675,4897.767488011489,14.031356449433032,0.7878967226455574,1.0984809252546177
801,4887.5,4890.75,4887.10009765625,4887.35009765625,4887.35009765625,235.0,4896.371982421875,4895.489982938425,34.12588270819667,0.0,-98.06200083273401,-4.339252068014503,-1.7017043238301994,-0.7021692193625373,-0.9995351044676621,-13.380355346370681,4894.633807518741,-0.15729578530287391,-0.29501905939647366,-0.0020342622782805967,23.76759428755353,-229.4019151419922,1.205004882812318,4894.2750244140625,4895.25,4.0,100.0,-96.0,4894.794995117188,4900.915051433065,4888.67493880131,-0.10823765964566227,0.2500638462686318,4895.100830078125,4897.868334960937,4892.333325195313,4900.0,4887.10009765625,2.9823815829849876,43899.0,-0.09378097779179068,-98.6968398201543,-892985.3743695199,23.50377646197154,4895.533424625295,4893.19875,4897.663832386064,15.633079843035537,0.8250870102882495,1.1201060696847231
802,4888.0,4894.75,4888.0,4893.0,4893.0,514.0,4896.480986328125,4895.392336548683,46.63642190541365,0.563934832957645,-54.26397668344752,-5.300282915900425,-1.595076680207967,-0.8807507115316233,-0.7143259686763437,-12.261749757085456,4894.544785471284,-0.061274509803921566,-0.08513698784078394,-0.0025479933399347498,24.12681988937467,-95.22371163230372,1.3298095703121362,4894.050048828125,4895.25,12.0,96.0,-84.0,4894.719995117188,4900.8892403206,4888.550749913776,0.36059922563650537,0.25207755334590787,4894.9183349609375,4897.8033447265625,4892.0333251953125,4900.0,4887.10009765625,3.2979187801824885,44413.0,-0.014144808692167544,330.26696653808204,3217348.328824173,24.097973674501926,4895.1050498399145,4893.251000976563,4897.617426093666,15.285758264895657,0.8515721574180208,0.9367091452588048
803,4892.60009765625,4894.14990234375,4892.5498046875,4892.5498046875,4892.5498046875,232.0,4896.55498046875,4895.28086471099,45.888578726414934,0.5302244699126236,-57.753889246375714,-5.35588235294108,-1.5292720079378341,-1.0104549708128654,-0.5188170371249687,-11.649070864078247,4894.439537032707,-0.0714862009093348,-0.011878911738408493,-0.002948206049543276,24.39219473039931,-52.52502046149411,4.982324218750364,4893.375,4895.375,8.0,92.0,-84.0,4894.56748046875,4900.792717228282,4888.342243709218,0.3379438518414417,0.25437331426619925,4894.779996744792,4897.612516276042,4891.947477213542,4900.0,4887.10009765625,3.176645842758739,44181.0,-0.054481783514298276,268.16521238978464,1362051.0697364807,24.076627810512544,4894.99945297592,4893.28875,4897.567002000072,14.963245370908625,0.9548299446115259,0.9667088563499344
804,4892.14990234375,4894.60009765625,4891.89990234375,4892.14990234375,4892.14990234375,228.0,4896.547978515625,4895.158081873059,45.195286827837236,0.49897310297695424,-60.85393088307657,-5.1200152228857405,-1.4921890812111087,-1.1068017928925142,-0.3853872883185945,-11.381256458730576,4894.367979337449,-0.15103229151115807,-0.04310266332802182,-0.003265375803857997,24.56826602216203,-53.236212468954356,4.397436523437136,4893.375,4895.375,4.0,88.0,-84.0,4894.502465820313,4900.799761800986,4888.20516983964,0.3132084402747532,0.2573211894221633,4894.685823567708,4897.45586751302,4891.915779622395,4900.0,4887.10009765625,3.142613662025972,43953.0,-0.07213701294700162,216.83050570910115,-118256.13808213618,24.05799177449558,4894.865678124737,4893.343249511719,4897.513100510954,14.882086117764947,0.9137719098565901,0.9568745731846119
805,4894.60009765625,4895.0498046875,4891.35009765625,4894.7001953125,4894.7001953125,193.0,4896.621982421875,4895.14012553735,50.3472809833334,0.7312084141556129,-41.08406828418941,-4.2881060431982405,-1.2426883282196286,-1.133979099957937,-0.10870922826169149,-9.507486896713276,4894.370949589547,-0.08572755342971511,-0.12137458539503021,-0.0034051871307198387,24.79159158445671,-26.862106222002765,1.5250244140625,4893.237548828125,4895.375,48.0,84.0,-36.0,4894.4749755859375,4900.763772906309,4888.186178265566,0.5179064227299025,0.25697535902177654,4894.6283203125,4897.488354492188,4891.768286132812,4900.0,4887.10009765625,3.182406045541974,44146.0,-0.06504054253342073,256.16993960333673,-95940.93332636541,24.158603275122925,4894.761708294905,4893.40875,4897.485111404502,14.992996893640091,0.8641618182806807,0.9855364036757109
806,4896.5498046875,4896.5498046875,4892.0498046875,4896.0,4896.0,131.0,4896.80998046875,4895.173846104513,52.783540666636085,0.9059909996397532,-31.007986676255726,-3.0646168428311285,-0.9293607167228402,-1.0930554233109178,0.1636947065880776,-7.204680972392377,4894.401525061262,0.0,-0.13973645493507314,-0.0033616682103353446,25.17074445643567,10.185205267020207,1.450122070312318,4892.6875,4895.375,44.0,80.0,-36.0,4894.399975585938,4900.577471606841,4888.2224795650345,0.6295042852838934,0.25243118877564225,4894.528312174479,4897.518351236979,4891.538273111979,4900.0,4887.10009765625,3.276519899431833,44277.0,-0.05107929605869808,243.8991502403601,3778122.763597328,24.193390781459982,4894.602013121044,4893.486750488281,4897.470334176597,14.416883222430195,0.8821083605194141,1.0218448154544872
807,4897.14990234375,4897.14990234375,4893.0498046875,4895.7001953125,4895.7001953125,133.0,4896.67298828125,4895.194487249924,52.14797128989979,0.9121824754207911,-33.33207161512548,-2.149056468290837,-0.6972011589496105,-1.0138845704386563,0.3166834114890458,-5.5353353056438825,4894.408990642543,-0.0030618246220765932,-0.10922402990793578,-0.0032025831224177506,25.383220887658517,23.270614169299733,4.165112304687682,4892.8375244140625,4895.375,40.0,76.0,-36.0,4894.434985351562,4900.633587029481,4888.236383673644,0.6020560786672924,0.2532918180124959,4894.527473958333,4897.475008138021,4891.579939778645,4900.0,4887.10009765625,3.3353468820617023,44144.0,-0.035909948287045364,203.36012542923723,2466374.6805119338,24.185246577326506,4894.228270750443,4893.560751953125,4897.452720854567,13.62235874530491,0.9066930397771403,1.0159170696850761
808,4895.2998046875,4898.2001953125,4893.85009765625,4893.85009765625,4893.85009765625,336.0,4896.4919921875,4895.1417660893885,48.28420830866427,0.7166192994501197,-41.557453284856685,-1.4860610064333741,-0.6549505929997395,-0.942097774950873,0.28714718195113353,-5.2322037351337425,4894.405188865819,-0.09696647828575866,-0.035019334238707844,-0.0030404541659320126,25.58688971894192,21.090733114071956,0.8726074218748181,4893.10009765625,4895.375,36.0,72.0,-36.0,4894.477490234375,4900.647742922282,4888.307237546468,0.4491598958860479,0.2521312111545397,4894.60498046875,4897.65751953125,4891.55244140625,4900.0,4887.10009765625,3.407829080218009,43808.0,-0.0737890348820697,85.50399143934621,1197950.8258047558,24.058271315831703,4894.162866822489,4893.662502441406,4897.416873857569,12.858234677867287,0.9586153989695317,0.9936347332082396
809,4893.85009765625,4900.0,4893.85009765625,4897.85009765625,4897.85009765625,452.0,4896.46099609375,4895.247975170442,55.893222737256025,1.0,-16.66603580756274,-0.6437011718753638,-0.29529615422961797,-0.812737450806622,0.517441296577004,-2.5148054728671183,4894.613469102283,0.05106887046131648,0.0617894915445959,-0.002717736946666945,25.780468302721072,72.51112281435086,-1.317700195312682,4893.550048828125,4895.525146484375,32.0,68.0,-36.0,4894.617504882813,4900.95808760235,4888.276922163275,0.7549129091460806,0.2590838901390011,4894.732486979167,4897.942521158855,4891.52245279948,4900.0,4887.10009765625,3.60369145618458,44260.0,-0.05436077378701918,331.5748498051539,1224405.2064102308,24.427714589311993,4894.405191626709,4893.776752929687,4897.421184542133,12.841987325365992,0.963341062911223,0.9015515713666271
810,4896.2998046875,4899.5498046875,4894.64990234375,4894.64990234375,4894.64990234375,86.0,4896.3669921875,4895.224521334101,49.60494931447482,0.7111142925875936,-41.473939210416745,0.2642233455881069,-0.26543664845030435,-0.7032772903353586,0.4378406418850542,-2.221667540961405,4894.615956372301,0.02759074060732359,0.025025115622369642,-0.002423653631990856,26.01355762229802,42.98378156357769,-2.949902343750182,4893.7750244140625,4895.525146484375,28.000000000000004,64.0,-36.0,4894.55,4900.85893913077,4888.241060869231,0.5079175231904349,0.25779445018518277,4894.777482096355,4898.140006510417,4891.414957682292,4900.0,4887.10009765625,3.6962779481535386,44174.0,-0.09371107032408064,244.89032885084626,995960.3464880656,24.371523241804905,4893.60427904429,4893.856752929688,4897.393609594886,12.826900498043358,0.9740607662301225,0.9490356506077529
811,4893.35009765625,4898.5498046875,4893.35009765625,4895.60009765625,4895.60009765625,329.0,4896.332998046875,4895.239249817322,51.35492582041566,0.7915088885099535,-34.108028312956584,0.7427834903492112,-0.16321847342624096,-0.5952655269535351,0.4320470535272941,-1.4331759937105415,4894.707554264813,0.08177283343167302,-0.0035757999650288808,-0.002118746135218396,26.27522594153801,31.651162768793217,-6.527514648437318,4894.612548828125,4895.199951171875,24.0,60.0,-36.0,4894.527514648437,4900.818090837391,4888.236938459484,0.5852531608866142,0.25704528864642195,4894.739152018229,4898.279142252604,4891.199161783854,4900.0,4887.10009765625,3.803665739803286,44503.0,-0.07769672547687376,254.56517584536823,-1817372.4322333522,24.435391805246535,4893.626052626179,4893.923254394531,4897.375763704948,12.191218561730144,0.9659905577898233,0.9695663577548522
812,4895.60009765625,4898.5498046875,4895.60009765625,4896.2998046875,4896.2998046875,236.0,4896.31599609375,4895.280840204388,52.658612861594136,0.8514007742175346,-28.683901737385973,1.2076559627757888,-0.025455883967879345,-0.4813035983564039,0.45584771438852456,-0.3999217205338773,4894.7656860110355,0.16979960489975449,0.1292109584305592,-0.0017876314519708445,26.27782109654943,65.25069576747812,-7.014916992187864,4894.612548828125,4895.050048828125,20.0,56.00000000000001,-36.00000000000001,4894.365014648438,4900.285255077528,4888.444774219348,0.663404684508695,0.24192067454597982,4894.639152018229,4898.206632486979,4891.071671549479,4900.0,4887.10009765625,3.7426686891923366,44739.0,-0.1253784954621063,241.78884492102992,1406110.3432865466,24.469122268536218,4893.830283864054,4893.971252441406,4897.365057645074,11.600942478010735,1.0407224958949097,0.9115115374643505
813,4898.5498046875,4900.7001953125,4895.9501953125,4897.35009765625,4897.35009765625,363.0,4896.353994140625,4895.361987555442,54.62439684787705,0.9417096490574828,-24.632894122715687,1.6911893956803397,0.16655191877362086,-0.351732494930399,0.5182844137040199,1.0406998122704734,4894.916844634509,0.20460985606076273,0.22083193256639633,-0.001407788253284028,26.344389656076192,103.12143932187816,-1.287524414062318,4894.962646484375,4895.050048828125,16.0,52.0,-36.0,4894.287524414062,4900.005420060488,4888.5696287676365,0.7678059754467568,0.23365589446485974,4894.60332845052,4898.27080891927,4890.93584798177,4900.7001953125,4887.10009765625,3.814620925678598,45102.0,-0.16526737060817429,261.71277388320425,1635994.3988894627,24.54698848646904,4894.388802343822,4894.066752929688,4897.364908789464,11.938904327659243,1.0722139770574874,0.8513820444910911
814,4900.0,4900.7001953125,4897.85009765625,4897.85009765625,4897.85009765625,270.0,4896.38099609375,4895.4595605005725,55.57022696407513,0.9851614495501199,-20.956449933579865,2.15679285385977,0.35497339478115464,-0.21039131698808824,0.5653647117692429,2.497211230712736,4895.13674393566,0.0991231893776824,0.3296883362839146,-0.000988919605112736,26.331118426090264,121.43873617984013,-1.8302246093753638,4895.1375732421875,4895.050048828125,12.0,48.0,-36.0,4894.380029296875,4900.263223421222,4888.496835172528,0.7949136375607678,0.24040610206527854,4894.683333333333,4898.273323567709,4891.093343098959,4900.7001953125,4887.10009765625,3.7814406921479837,45372.0,-0.18127733793052186,243.6109490427465,1002760.5957455105,24.574554414431688,4894.932331420616,4894.151752929687,4897.369736539383,12.252726045190002,1.1467166206924946,0.81702828440858
815,4899.9501953125,4900.7998046875,4898.0,4898.39990234375,4898.39990234375,174.0,4896.4019921875,4895.574868023835,56.640508480173835,1.0,-18.74952315556573,2.542540785845631,0.5424108408587927,-0.059830885418712065,0.6022417262775047,4.011007344797729,4895.293568827713,0.11957155041416408,0.3575088950179567,-0.0005380354707508378,26.330343937877682,118.80408588016668,-2.357617187500182,4895.4373779296875,4895.050048828125,8.0,44.0,-36.0,4894.50751953125,4900.618707118918,4888.3963319435825,0.8184636992942744,0.24971613847895252,4894.829996744792,4898.487467447917,4891.172526041667,4900.7998046875,4887.10009765625,3.722031144940985,45546.0,-0.18388915180585713,222.47595855449703,200742.55165012405,24.59408666097202,4895.5454507910235,4894.2537524414065,4897.379986945397,12.585301676440066,1.1638266492238212,0.8063177542058645
816,4898.0,4899.85009765625,4897.64990234375,4899.5498046875,4899.5498046875,121.0,4896.469990234375,4895.730747892998,58.87201698454098,1.0,-13.227923319382008,3.0246050666355586,0.7748123221490459,0.10709775609483956,0.6677145660542064,5.933636622833287,4895.489430908169,0.15126074407909754,0.2762202593222509,-3.81471622861919e-05,26.324502344279836,113.20511149758423,0.1451904296873181,4895.512451171875,4895.050048828125,4.0,40.0,-36.0,4894.555004882813,4900.805819475709,4888.304190289917,0.8995319114379035,0.2554191172296616,4894.891658528645,4898.53662923177,4891.24668782552,4900.7998046875,4887.10009765625,3.6133285854809145,45667.0,-0.36780977908208695,210.5705621315332,-1181745.5291748047,24.622491484254667,4896.241310804199,4894.340500488282,4897.401577171687,12.681913431308606,1.1685411751796786,0.8923209158574277
817,4899.0498046875,4899.85009765625,4897.10009765625,4897.2998046875,4897.2998046875,291.0,4896.455986328125,4895.792279531998,53.11212563824453,0.5788546472511048,-37.038185294269624,3.2310977711395026,0.7685763052431867,0.239393465924509,0.5291828393186777,6.0212188510497775,4895.517254892821,0.053110696697819496,0.1879123141509349,0.00038338894208143155,26.293252710766478,82.84465440421036,1.3475097656246362,4895.512451171875,4895.050048828125,96.0,36.0,60.0,4894.652490234375,4901.009771114561,4888.29520935419,0.7082112229283308,0.25976434048665575,4894.973323567709,4898.590804036458,4891.355843098959,4900.7998046875,4887.10009765625,3.5516622579465635,45376.0,-0.36693336722540565,86.9533389698856,-259787.4382517182,24.488856757371465,4896.6208253389395,4894.415500488281,4897.400564510152,12.436263487232766,1.0715020990538593,0.8835897849029244
818,4895.60009765625,4899.25,4895.5498046875,4895.5498046875,4895.5498046875,193.0,4896.410986328125,4895.782770714567,49.089289557876626,0.07603851503726698,-55.557277941404436,2.987955250458981,0.6153306930782492,0.31458091135525706,0.3007497817229921,4.925667036375061,4895.517788904671,-0.009195165696486929,0.1494132641849426,0.0006637456153756947,26.266483412129187,44.19853825804768,0.9352050781253638,4895.512451171875,4895.050048828125,92.0,32.0,60.0,4894.764990234375,4901.102140871482,4888.427839597267,0.5619217135639651,0.2589358487997299,4895.123323567708,4898.828304036459,4891.418343098959,4900.7998046875,4887.10009765625,3.562271761843238,45183.0,-0.37863745551464,26.28143340275909,-2061364.0701214883,24.41989018120295,4896.887903486419,4894.461750488281,4897.38214898953,11.75556741376188,1.054006065134268,0.9045928009493254
819,4897.9501953125,4897.9501953125,4895.0,4895.0,4895.0,118.0,4896.368984375,4895.7520738238,47.86272297303921,0.0,-66.28348214285714,2.3742704503683854,0.44439508804225625,0.3405437466926569,0.10385134134959934,3.6674701910755045,4895.49703918044,-0.014302250639661679,0.11953131961151209,0.0008142416161368294,26.111769752708973,18.965688876896696,-1.084887695312318,4895.512451171875,4895.050048828125,88.0,28.000000000000004,60.0,4894.934985351562,4901.1035850102935,4888.766385692831,0.5052698061176379,0.25204010583148295,4895.317488606771,4899.094978841146,4891.539998372396,4900.7998046875,4887.10009765625,3.518552015461578,45065.0,-0.3556816695881302,13.258806755936366,-2312164.791559769,24.406637950970726,4897.045196246875,4894.536501464844,4897.35844601451,11.406068346002073,1.0547447206629244,0.9352134010514123
820,4895.0498046875,4897.9501953125,4895.0498046875,4896.14990234375,4896.14990234375,113.0,4896.380986328125,4895.767674942229,50.640590567310355,0.2523202297412545,-59.99873991935484,1.7957620059742112,0.3971369509699798,0.3518623875481215,0.045274563421858316,3.358601393664696,4895.511675620857,0.04699377058160029,0.08263644366197187,0.0009155636525620174,26.054068717628482,23.171336447227137,2.507617187499818,4895.9249267578125,4895.050048828125,84.0,24.0,60.0,4895.34248046875,4900.6400094174105,4890.04495152009,0.5762074056437203,0.21643139248361914,4895.686653645834,4899.459163411459,4891.914143880209,4900.7998046875,4887.10009765625,3.4779551081071793,45178.0,-0.33179247619556224,29.92740076848117,63917.27818851978,24.433183194044005,4897.110704876636,4894.565251464844,4897.3464207043535,11.081533497367968,1.0431979900234742,0.9605615463615024
821,4894.0498046875,4897.2998046875,4894.0498046875,4895.60009765625,4895.60009765625,1174.0,4896.298984375,4895.761103283955,49.28839340393225,0.12949698948938881,-69.79747001376417,1.1748492072611043,0.3117265043929365,0.3438352109170845,-0.032108706524148045,2.728292052124895,4895.512043662628,-0.045938523130315566,0.02194474211433639,0.0009558647225299396,26.017451483732803,-16.661147930990815,-1.1050781249996362,4895.6873779296875,4895.050048828125,80.0,20.0,60.0,4895.75498046875,4899.578699166649,4891.93126177085,0.4797470963822837,0.15620547650582742,4896.049145507813,4899.80166015625,4892.296630859375,4900.7998046875,4888.0,3.461672600385238,44004.0,-0.25083810020182296,-66.55804264487328,-228439.92892887566,24.30135089397168,4896.7643340835,4894.596000976562,4897.329044355616,11.306707410787142,1.0057307925266739,0.9837860504123375
822,4899.60009765625,4899.60009765625,4897.25,4897.5498046875,4897.5498046875,396.0,4896.22998046875,4895.831248437035,53.981096997203174,0.5557462647261395,-43.62587664678508,1.0383674172799147,0.3967892338769161,0.35442601550905084,0.042363218367865274,3.4873925043289677,4895.546618425877,0.05924636902756648,0.09221561380138465,0.001029477137782446,25.901678884338846,80.33104770328603,-0.3823730468748181,4895.6873779296875,4895.050048828125,76.0,16.0,60.0,4895.982470703125,4899.662159925374,4892.302781480876,0.7129709725074501,0.15031464039211442,4896.359977213542,4899.892496744792,4892.827457682292,4900.7998046875,4891.35009765625,3.500124557500578,44400.0,-0.3535574425337641,53.247961215108596,1632157.1487368958,24.459060667844874,4897.003927066439,4894.644250488282,4897.331240975834,10.819912628313066,1.0201786149833956,0.9279630011820109
823,4897.5,4898.7998046875,4894.5498046875,4894.5498046875,4894.5498046875,268.0,4896.0609765625,4895.780995740975,46.80419359061939,0.0,-83.89591662843286,0.8293830422799147,0.2195957685553367,0.327459966118308,-0.10786419756297133,2.0046248214571727,4895.510496242017,-0.021453814604931145,-0.009979845580145419,0.0010005384079208363,25.91185037246476,-26.75780739798263,0.2173339843748181,4895.6873779296875,4895.050048828125,72.0,12.0,60.0,4896.082470703125,4899.481585287814,4892.683356118437,0.2745492278299239,0.1388503810966386,4896.504142252605,4900.169156901042,4892.8391276041675,4900.7998046875,4891.35009765625,3.5536870891076795,44132.0,-0.3577094375504964,-69.21603324419262,-2775573.73046875,24.294896946787755,4896.911536168422,4894.642749023437,4897.303564992865,11.00739079397195,0.9671005871070132,0.9770804326871586
824,4895.75,4895.75,4893.0498046875,4893.0498046875,4893.0498046875,151.0,4895.87796875,4895.673890209467,43.67734861573787,0.0,-100.0,0.4341983570775483,-0.041391656051928294,0.2536896416842607,-0.295081297736189,-0.2098908426557223,4895.33735466569,-0.06637665440520195,-0.11261481436223297,0.0008423452146739637,25.95768956496357,-134.59246779177218,1.2226318359371362,4895.199951171875,4895.050048828125,68.0,8.0,60.0,4896.127465820313,4899.33562348006,4892.919308160565,0.020338234708965744,0.13104878016936922,4896.557470703125,4900.222485351563,4892.8924560546875,4900.7998046875,4891.35009765625,3.49272339077856,43981.0,-0.35640024704126827,-91.6851713521651,-4068000.4271450425,24.248620984944832,4896.81785616338,4894.636997070313,4897.261239019678,11.75723850425146,0.9176289688601047,1.0302437832223377
825,4895.4501953125,4896.0498046875,4892.2998046875,4892.2998046875,4892.2998046875,365.0,4895.68396484375,4895.541573130174,42.16070299826208,0.0,-100.0,0.04857680376881035,-0.30522634306817054,0.14190644473377448,-0.447132787801945,-2.492096423616236,4895.03380907038,-0.10312297197553723,-0.07634958470278164,0.000572795407699981,25.982308545875654,-154.04801258259624,1.8426513671875,4895.012451171875,4895.0,64.0,4.0,60.0,4896.0074462890625,4899.579201396471,4892.435691181654,-0.01902236996485415,0.14590480699189923,4896.549959309896,4900.2174886067705,4892.88243001302,4900.7998046875,4892.0498046875,3.5111002914372342,43616.0,-0.4371412132720579,-117.69443258757008,-231264.7153253425,24.19267428280053,4896.612580761157,4894.624245605469,4897.211871513886,12.721253683718984,0.9268845883254754,1.003234173028257
826,4891.64990234375,4894.0498046875,4890.0498046875,4890.14990234375,4890.14990234375,160.0,4895.446962890625,4895.330135060118,38.07888001397457,0.0,-99.06885901162791,-0.4881835937503638,-0.6799582495714276,-0.022466494127265937,-0.6574917554441616,-5.751812033560199,4894.141799457305,-0.15721582243165722,-0.2113591555080916,0.00015333856201611904,25.963840361314016,-227.43118513046383,2.684960937500364,4894.387451171875,4895.0,60.0,100.0,-40.0,4895.71494140625,4900.105539457338,4891.324343355162,-0.1337449930221342,0.17936493867132433,4896.377457682292,4900.019986979167,4892.734928385416,4900.7998046875,4890.0498046875,3.546021699191717,43456.0,-0.4787373455151484,-150.0215672179172,-5312500.0,24.122362897821542,4896.401006663585,4894.624995117188,4897.141603163935,14.329989816173585,0.833863879076645,1.0452230345847366
827,4890.5,4892.35009765625,4890.0,4890.5,4890.5,110.0,4895.25396484375,4895.140717998937,39.112660837848786,0.04971740557173161,-95.37028664436205,-1.719067382812682,-0.9378747934888452,-0.2055481539995818,-0.7323266394892634,-8.110815798666037,4893.660859126666,-0.1612751613025738,-0.31672236100747264,-0.0003348526234705399,25.667529543380944,-206.24964158987717,4.094873046875364,4894.5999755859375,4895.0,56.00000000000001,96.0,-39.99999999999999,4895.454931640625,4900.3992223094665,4890.510640971783,-0.001076086793383232,0.2019951460235328,4896.1599609375,4899.714990234375,4892.604931640625,4900.7998046875,4890.0,3.460598553267309,43566.0,-0.49856778191354917,-123.08838016000045,-1868874.268098311,24.130238063809617,4896.098726741603,4894.63474609375,4897.0755175603135,15.838506329759083,0.8161762320345197,1.1328985930419924
828,4890.5498046875,4893.0498046875,4890.5498046875,4891.0498046875,4891.0498046875,194.0,4895.09896484375,4894.98029002594,40.784629144235325,0.13012702864848444,-90.27941043493986,-2.5175896139699034,-1.0853990645800877,-0.381518336115683,-0.7038807284644047,-9.610625711705326,4893.454236534294,-0.1734853269961227,-0.33710227898271494,-0.0008255294180904035,25.508148946008003,-155.8873018686758,1.9848876953128638,4895.0999755859375,4894.550048828125,52.0,92.0,-40.0,4895.314916992187,4900.581179811496,4890.048654172878,0.09505322360207173,0.21515522121077504,4895.972444661458,4899.434969075521,4892.509920247396,4900.7998046875,4890.0,3.395541848569644,43760.0,-0.4718238252334133,-90.2668816550004,805097.7569265463,24.15204812604762,4895.677653122347,4894.63974609375,4897.015560218296,16.79569692461252,0.7925685346251239,1.1296708136078388
829,4892.85009765625,4892.85009765625,4891.0498046875,4892.85009765625,4892.85009765625,189.0,4894.984970703125,4894.896753070267,46.01237754648581,0.3815440423319219,-71.06528528230804,-2.880375402113714,-1.044998424030382,-0.5142143536986228,-0.5307840703317592,-9.427874564519803,4893.439026700186,-0.09086041714233868,-0.34489579094895795,-0.0012233576665742257,25.340540763724462,-111.60726426796755,0.4848876953128638,4895.0999755859375,4893.949951171875,48.0,88.0,-40.0,4895.064916992187,4900.300675079981,4889.829158904393,0.2884910552780894,0.21391986323284115,4895.723274739583,4898.968318684895,4892.4782307942705,4900.7998046875,4890.0,3.2815955000110977,43949.0,-0.48523006598672236,-28.76370269089321,143019.92598034086,24.221615066618867,4895.3556396420845,4894.648996582031,4896.974112829619,17.684516762690713,0.7986233554862335,1.1435191464351915
830,4892.4501953125,4892.4501953125,4890.0,4890.0,4890.0,449.0,4894.793974609375,4894.7047235381,39.99283299482756,0.1203576194986872,-100.0,-3.289437327665837,-1.2287949041665343,-0.6571304637922051,-0.5716644403743292,-11.115228092323191,4893.120770842249,-0.11336427794455384,-0.3432026456734999,-0.0016532173775103082,25.150521178846788,-130.51187622999515,0.1675781249996362,4895.0999755859375,4893.949951171875,44.0,100.0,-56.0,4894.832421875,4900.515130404539,4889.149713345461,0.07481350223390971,0.23219215857699216,4895.449951171875,4898.572509765625,4892.327392578125,4900.7998046875,4890.0,3.2507742254567336,43500.0,-0.5182211475627851,-207.46800911451558,-395552.9368003387,23.960071421889335,4894.760831196493,4894.644497070312,4896.904718672111,18.88328065245262,0.7765318961773581,1.119734541850858
831,4892.35009765625,4893.0,4891.85009765625,4891.85009765625,4891.85009765625,154.0,4894.69697265625,4894.592777425087,45.02095434682366,0.4365475795086056,-80.72834545547022,-3.0798311121316146,-1.2112054968893062,-0.7679454704116253,-0.4432600264776809,-10.989933884272457,4893.07028593594,-0.06434938393769152,-0.27437194831652256,-0.002009032911979252,24.84099756626933,-79.56340474021687,1.5049804687496362,4894.89990234375,4893.949951171875,40.0,96.0,-56.0,4894.644921875,4900.459862765484,4888.829980984517,0.25968593048605654,0.23760419737479957,4895.269954427084,4898.190022786459,4892.349886067708,4900.7998046875,4890.0,3.2328617807812527,43654.0,-0.5547334960557625,-137.12757366065622,895991.3408601439,24.018336256053434,4894.424670371826,4894.6494970703125,4896.854423935634,19.612191203000926,0.7902656141011304,1.064637562417653
832,4894.2998046875,4896.2001953125,4892.7998046875,4892.7998046875,4892.7998046875,88.0,4894.66296875,4894.522464768711,47.454919586663856,0.589605812986818,-70.83566451350389,-2.4288143382354974,-1.1078616055401653,-0.8359286974373333,-0.271932908102832,-10.142197279408844,4893.0539019077305,-0.06842310229607826,-0.1296017457719586,-0.002258146816198327,24.614165975192964,-31.198201308285284,1.130175781249818,4894.25,4893.949951171875,36.0,92.0,-56.0,4894.469921875,4900.285779646844,4888.654064103156,0.356416950601371,0.23765015883951426,4895.12578938802,4898.068391927083,4892.183186848958,4900.7998046875,4890.0,3.3126643433147342,43742.0,-0.5633582483019077,-105.59874617341963,8017777.854746039,24.035420634577214,4894.297808521504,4894.634497070312,4896.814079465504,18.440458991797346,0.8279541734860884,0.957555919258047
833,4894.5,4894.5498046875,4892.7998046875,4892.7998046875,4892.7998046875,203.0,4894.606962890625,4894.454909471408,47.454919586663856,0.589605812986818,-70.83566451350389,-2.0927763097433854,-1.0142689658159725,-0.8715967511130612,-0.14267221470291125,-9.461150764228387,4893.048398844411,-0.05720019840040917,-0.12859897748677007,-0.002420666923235024,24.34647158638909,-40.44923758947918,3.307397460937864,4894.25,4893.949951171875,32.0,88.0,-56.0,4894.242407226562,4899.944680960706,4888.540133492418,0.3735063760246953,0.23301966922293613,4894.894938151042,4897.6875406901045,4892.1023356119795,4900.7998046875,4890.0,3.201045461649396,43945.0,-0.5911716706354118,-90.51321100578826,-711375.2693965517,24.035420634577214,4894.201999422919,4894.598745117188,4896.774136432887,17.352421938536878,0.835837294824648,0.964436272311418
834,4894.2998046875,4894.2998046875,4892.7998046875,4892.7998046875,4892.7998046875,84.0,4894.593955078125,4894.390003401451,47.454919586663856,0.589605812986818,-70.83566451350389,-1.891917509191444,-0.9293827783867528,-0.8831539565677995,-0.04622882181895327,-8.90342599639097,4893.046890379571,-0.09698727301259338,-0.14014984574702516,-0.002513465951120838,23.966206976202997,-37.47120637991243,0.5599121093746362,4894.25,4893.949951171875,28.000000000000004,84.0,-56.0,4893.989892578125,4899.473869740574,4888.505915415677,0.39149408765097393,0.22411068607906043,4894.619921875,4897.34501953125,4891.89482421875,4900.7998046875,4890.0,3.079542214388725,44029.0,-0.5759480331455592,-77.58275229067566,-223214.2857142857,24.035420634577214,4894.121128303404,4894.573493652344,4896.734590843381,16.342101817652157,0.8301825520168866,0.9703323977639118
835,4892.75,4894.35009765625,4891.2998046875,4891.2998046875,4891.2998046875,362.0,4894.514951171875,4894.268819138159,43.6434544719709,0.34992444536916145,-86.46050556940135,-1.6866498161762138,-0.9719433691088852,-0.9009118390760167,-0.07103153003286855,-9.466676534216422,4893.023907430371,-0.06640038675032955,-0.13602834069430036,-0.002610513112099068,23.685811893317748,-60.28336405347778,-0.5850830078125,4894.25,4893.949951171875,24.0,80.0,-56.0,4893.6348876953125,4898.843300985004,4888.426474405621,0.275835472538821,0.21286480946046096,4894.282421875,4897.020043945313,4891.5447998046875,4899.85009765625,4890.0,3.077452982557387,43667.0,-0.6009195526120313,-144.07093053486486,-610777.7851062585,23.924441231847577,4893.349608862046,4894.553742675781,4896.680513369193,16.130160704374664,0.8174402479810752,0.9534685886753755
836,4891.2998046875,4895.10009765625,4890.89990234375,4892.5498046875,4892.5498046875,358.0,4894.415947265625,4894.201406806761,47.432513381953584,0.9976102698227152,-71.02430362889801,-1.6194536994480586,-0.8944971838445781,-0.8996289080297291,0.005131724185150954,-8.887754623430402,4893.005934289187,-0.010218575734115852,-0.25771545875230506,-0.002651264924226303,23.541026021588127,-39.10584475771409,-0.9850830078121362,4894.25,4893.949951171875,20.0,76.0,-56.0,4893.284887695312,4897.743116202028,4888.826659188596,0.4175588457719543,0.18221822800168402,4893.974088541667,4896.81171061198,4891.136466471355,4899.85009765625,4890.0,3.157648863267574,44025.0,-0.6050333505413442,-59.56079760131275,205374.09702492825,24.015930205713186,4892.688292983286,4894.530490722656,4896.639411790271,15.499845250854106,0.7719865929044455,1.0297020516567505
837,4895.0498046875,4895.0498046875,4891.2001953125,4891.9501953125,4891.9501953125,137.0,4894.354951171875,4894.1131240030645,45.8403841140155,0.8278019775693772,-68.54622775240195,-1.8878403607541259,-0.8714583599612524,-0.8939947984160338,0.02253643845478137,-8.836567124967006,4892.984809205421,-0.007146115098363878,-0.1702516305047833,-0.0026713003887870544,23.55514699543023,-37.87485771511031,-2.867504882812682,4894.25,4893.949951171875,16.0,72.0,-56.0,4893.017407226563,4897.106659881261,4888.928154571864,0.3695101520767567,0.16714645848834056,4893.706591796875,4896.599194335938,4890.813989257813,4899.60009765625,4890.0,3.207074614105604,43888.0,-0.591371817365482,-62.78732428326808,351241.73129562044,23.9991400885648,4892.397889402671,4894.5052416992185,4896.592752919846,14.914552329727874,0.8417502898024659,1.0120019203072492
838,4891.0,4894.35009765625,4891.0,4892.0,4892.0,163.0,4894.334951171875,4894.030256395102,46.00251367978382,0.8450938804577324,-67.7429516459285,-2.0708812040438715,-0.8395038264634422,-0.8830966040255156,0.04359277756207336,-8.751113800002214,4892.971270080909,0.03783314812830759,-0.0814559457652132,-0.0026693937306919045,23.564888890342495,-44.355328588973684,-2.339916992187682,4894.25,4893.949951171875,12.0,68.0,-56.0,4892.839916992188,4896.779509896747,4888.900324087628,0.39340053496192456,0.16103502143521262,4893.489933268229,4896.365030924479,4890.614835611979,4899.60009765625,4890.0,3.217290545687347,44051.0,-0.5704456444086353,-52.657968805301216,-924773.2308744653,24.00079958298695,4892.323005548101,4894.485241699219,4896.547053885818,14.47900091790125,0.8748702930799916,0.9563262388452048
839,4891.10009765625,4894.10009765625,4891.0498046875,4891.2998046875,4891.2998046875,169.0,4894.259951171875,4893.923179857548,44.00793445132749,0.6323623520770103,-79.03606867223185,-2.2474695542277914,-0.8607572644477841,-0.8786287361099693,0.017871471662185168,-9.201390322537593,4892.928338434154,0.016354251865862385,-0.07682207711515698,-0.002675598868413709,23.629682374816632,-52.564038092229765,-1.6051025390625,4894.4749755859375,4893.949951171875,8.0,64.0,-56.0,4892.6549072265625,4896.518153952081,4888.791660501044,0.3246161020325884,0.1579202620569974,4893.298258463541,4896.178361002604,4890.418155924479,4899.60009765625,4890.0,3.205362147334679,43882.0,-0.5693495625194277,-62.04011723490105,-180666.96866729556,23.976610497170814,4892.15384380079,4894.460241699218,4896.494842451009,14.074560321205098,0.8919707858055591,0.9687928629207161
840,4891.35009765625,4893.39990234375,4891.25,4891.2998046875,4891.2998046875,174.0,4894.165947265625,4893.820302399899,44.00793445132749,0.5868043369158299,-79.03606867223185,-2.2893856272976336,-0.8675996188294448,-0.8764229126538644,0.008823293824419598,-9.579573008221221,4892.876764683201,0.005111377106820793,0.013826185101580069,-0.0026817495293382384,23.679975149174137,-55.13894147787012,0.4376953125001819,4894.4749755859375,4893.949951171875,4.0,60.0,-56.0,4892.41240234375,4895.963979907863,4888.8608247796365,0.34336571056592213,0.14518717033796852,4893.078255208333,4895.920833333333,4890.235677083333,4899.60009765625,4890.0,3.129972161364345,44056.0,-0.5887826408000449,-53.1772433442009,-308894.0149066092,23.976610497170814,4892.184997142216,4894.426740722656,4896.443150532965,13.699008338558672,0.948510648738836,0.9346844636372559
841,4891.25,4893.10009765625,4891.25,4893.0498046875,4893.0498046875,89.0,4894.105947265625,4893.790086803335,50.25923533553547,1.0,-50.81115136241928,-2.3683521943939922,-0.7234721230443029,-0.8458327547319522,0.12236063168764932,-8.240497836963923,4892.8818105139435,0.0040816094354834765,0.05088957360103363,-0.0026125261334047026,23.728433923969565,-25.601601723328216,-2.284887695312136,4893.9625244140625,4893.949951171875,24.0,56.00000000000001,-32.00000000000001,4892.284887695312,4895.540289255818,4889.029486134807,0.6174842762054019,0.13308307407417297,4892.919091796875,4895.691674804688,4890.146508789063,4899.60009765625,4890.0,3.0385525538561775,44145.0,-0.7062339549612308,-23.330494295029347,-311611.20768343465,24.008452748968732,4892.242200055638,4894.419990234375,4896.409385897687,13.350281497529847,0.9491228506112712,0.8982332770102376
842,4891.4501953125,4896.4501953125,4891.4501953125,4896.4501953125,4896.4501953125,330.0,4894.043955078125,4893.894404784087,59.67918637598982,1.0,-0.0,-2.142285156250182,-0.33105079161032336,-0.7428763621076264,0.41182557049730306,-3.978642441146868,4893.207578183051,0.13190583461145194,0.10301031506560943,-0.0023549702691400285,23.930149168990955,139.6081312595918,-0.3798095703123181,4894.300048828125,4893.949951171875,20.0,52.0,-32.0,4892.229907226562,4895.147377917863,4889.312436535261,1.223278574575138,0.11926956609260464,4892.751603190104,4895.656681315104,4889.846525065104,4898.7998046875,4890.0,3.1786559428664503,44475.0,-0.5684326208859762,140.30656292568912,2689615.885416667,24.23778393320782,4892.572129908532,4894.453991699219,4896.409791961516,13.853338027186625,0.9449278413210769,0.8419175262554675
843,4896.2998046875,4897.75,4893.64990234375,4895.4501953125,4895.4501953125,224.0,4893.9749609375,4893.9554161773585,56.30228716246567,0.8284649702186345,-29.674899193548388,-1.5012724034932035,-0.09959760269066464,-0.6142206102242341,0.5146230075335695,-1.4293665315796642,4893.316335103266,0.07359378526285697,0.17025804735301941,-0.0020176083248072403,24.126375315639475,202.43299991893278,0.5248779296871362,4894.5625,4893.949951171875,16.0,48.0,-32.0,4892.274926757813,4895.357327514895,4889.192526000731,1.0150641991298437,0.12601093778368538,4892.7341145833325,4895.631697591145,4889.83653157552,4897.75,4890.0,3.2444732081081322,44251.0,-0.5164944512873635,88.26276822201926,3202754.4187647956,24.192036505772652,4892.821079666642,4894.500493164062,4896.400243736152,14.89391094774732,0.9863882238183914,0.816130176465372
844,4895.14990234375,4897.5,4895.0,4897.10009765625,4897.10009765625,178.0,4893.996962890625,4894.078737019668,60.2942921140445,1.0,-9.487490198873761,-0.7412669462310078,0.21449152263267024,-0.4484781836528533,0.6629697062855235,2.035934341522819,4893.61748380401,0.08789022932493877,0.22996904993351874,-0.0015714820169432796,24.25904697175847,221.2905668172904,0.3223632812496362,4894.5625,4893.949951171875,12.0,44.0,-32.0,4892.47744140625,4896.202157955811,4888.752724856689,1.1205379910780717,0.15226300352609826,4892.863289388021,4895.750862630209,4889.975716145834,4897.75,4890.0,3.191296550386123,44429.0,-0.4480735765422058,117.60846093137366,772540.4889396067,24.252027437243818,4893.396361329806,4894.535993652344,4896.407207456751,15.86015723112511,1.0503469312506284,0.8203778813171096
845,4897.10009765625,4898.0,4896.4501953125,4896.4501953125,4896.4501953125,91.0,4894.00896484375,4894.171735384092,58.04487102458333,0.8649064306664489,-21.82793480503404,0.20125804227973276,0.40628433673191466,-0.27752567957589974,0.6838100163078145,4.210096164518465,4893.955004431527,0.07460739802807337,0.22721862034693563,-0.0010945229115831459,24.29870045597779,197.45784440811823,0.1148437499996362,4894.6500244140625,4893.949951171875,8.0,40.0,-32.0,4892.6849609375,4896.7900187580835,4888.579903116917,0.9586091767234526,0.16780388900398724,4893.034138997396,4895.811702473959,4890.256575520833,4898.0,4890.0,3.0740471316085425,44338.0,-0.4093567716196672,92.35852175814172,1660671.338930235,24.23995067505765,4893.586552243023,4894.564743652344,4896.40763519661,16.977514174255283,1.0863987795999028,0.8591801592529672
846,4897.2001953125,4898.2998046875,4893.0498046875,4893.0498046875,4893.0498046875,1765.0,4893.897958984375,4894.127738101874,47.96251747047962,0.2593901334786451,-70.94688221709006,0.9423899931061896,0.280663108896988,-0.1658879218813222,0.44655103077831015,2.8822286680069023,4893.948101765254,0.005109548928621398,0.054451636264880365,-0.0007509784147051876,24.457848065620563,77.74549247502212,-1.5301513671875,4894.7249755859375,4893.949951171875,4.0,36.0,-32.0,4892.8299560546875,4896.768067677272,4888.891844432103,0.5279129509117674,0.1609748001853534,4893.203304036459,4896.043367513021,4890.363240559896,4898.2998046875,4890.0,3.2294723364936466,42573.0,-0.5828262316179315,-778.2197603680213,-461135.30231940513,23.014228118159135,4894.074391290335,4894.5782421875,4896.374223947763,15.766449702213011,1.0057936903091478,0.9513420540442674
847,4895.39990234375,4896.14990234375,4892.4501953125,4892.4501953125,4892.4501953125,113.0,4893.8399609375,4894.0619521101335,46.43097118066572,0.1674099987409211,-79.0498185417354,1.130747357537075,0.13121139211580157,-0.10646805908189744,0.237679451197699,1.3290358419826738,4893.936679371003,0.02351911906723733,0.027726952850105624,-0.0005340421406426976,24.645818740419653,17.639992677134412,-0.3776611328121362,4894.7374267578125,4893.949951171875,88.0,32.0,56.0,4892.927465820312,4896.724016246064,4889.13091539456,0.43714418955496565,0.1551852322468579,4893.339973958334,4896.247517903646,4890.432430013021,4898.2998046875,4890.0,3.263060528976243,42460.0,-0.5915418803043256,-676.7249173690184,-4501056.565647631,23.000380750550068,4894.097083265726,4894.6082421875,4896.335178886716,14.95284153100639,0.9922481459427273,0.9645211930926216
848,4892.4501953125,4893.9501953125,4890.60009765625,4891.85009765625,4891.85009765625,230.0,4893.810966796875,4893.975212719785,44.88614828838908,0.07463251057581172,-83.76561608218657,0.6516687729781552,-0.03524673340689333,-0.09222379394689662,0.05697706054000329,-0.41158775160021926,4893.926137037185,-0.01430147998860672,-0.05429831312269906,-0.0004341558527286345,24.73609949659794,-64.62775262331057,-1.017285156250182,4894.4249267578125,4893.949951171875,84.0,28.000000000000004,56.0,4892.96748046875,4896.700363083188,4889.234597854313,0.3503324470774267,0.15258154195130566,4893.369156901042,4896.319205729166,4890.419108072916,4898.2998046875,4890.0,3.2692774666386546,42230.0,-0.5772477730374352,-599.7674235930873,-2949400.2591008726,22.972169434046577,4894.009321199569,4894.659992675781,4896.290551212781,15.060689373608545,0.9531480749630801,1.0074463880857791
849,4892.0498046875,4894.9501953125,4891.0,4891.0,4891.0,634.0,4893.79896484375,4893.858537711167,42.71788392653646,0.0,-94.80626545754328,0.18565314797797328,-0.23307502958959958,-0.12039404107543722,-0.11268098851416236,-2.5208936915707367,4893.908560403614,-0.019423650580304017,0.006275702317417919,-0.0004500590069398738,24.863689384864998,-55.33305524351886,-0.8749755859371362,4894.2999267578125,4893.949951171875,80.0,24.0,56.0,4892.874975585937,4896.705331200477,4889.044619971397,0.25524784450565613,0.15656870995692956,4893.372493489584,4896.430037434896,4890.314949544271,4898.2998046875,4890.0,3.3179144556287503,41596.0,-0.6716805905517541,-591.0809222315748,436111.01547626295,22.861993957835463,4893.910432820332,4894.659243164063,4896.237908912157,14.590722605709283,0.9937345020765942,0.9874587997591763
850,4891.0,4891.10009765625,4891.0,4891.0,4891.0,20.0,4893.85896484375,4893.746438193082,42.71788392653646,0.0,-94.80626545754328,-0.8228874655324034,-0.3854125832413047,-0.1733977495086107,-0.21201483373269397,-4.22281328088151,4893.8910893488455,-0.02044153720359771,-0.08914062499999997,-0.0005419712548713187,24.767291139611558,-124.00561102811037,-1.625170898437318,4894.2999267578125,4893.949951171875,76.0,20.0,56.0,4892.924975585937,4896.627897931797,4889.222053240078,0.24007346007541602,0.15135823109227112,4893.383325195313,4896.3233642578125,4890.443286132812,4898.2998046875,4890.60009765625,3.088070398530268,41616.0,-0.6463753396259011,-506.64079048420706,-963464.3793106079,22.861993957835463,4893.985048738395,4894.658493652344,4896.185790415519,14.15432489265997,1.0022879464285714,1.0914285714285714
851,4890.0,4892.35009765625,4890.0,4890.25,4890.25,260.0,4893.916962890625,4893.609322969824,40.70592402567855,0.0,-96.98788092716791,-1.5081313189339198,-0.5602022610792119,-0.25075865182273094,-0.30944360925648096,-6.245950718260221,4893.752349369342,-0.02146269354607821,-0.09230431416057039,-0.0007097318857381034,24.629237823943015,-123.83765587450779,-1.545166015625,4894.14990234375,4893.949951171875,72.0,16.0,56.0,4892.844970703125,4896.703216047669,4888.986725358581,0.16371103035289983,0.15770969109572183,4893.314990234375,4896.3150390625,4890.31494140625,4898.2998046875,4890.0,3.0353580597959633,41356.0,-0.6432313628632552,-462.1206775578918,112985.46424278845,22.822124810421855,4893.841063426708,4894.642993164062,4896.12672782432,13.237780964125706,0.9715933386494702,1.0638976528100406
852,4892.10009765625,4892.2998046875,4890.39990234375,4890.39990234375,4890.39990234375,271.0,4893.8649609375,4893.483463337429,41.30099961871882,0.030379028531412052,-95.18178609248147,-1.920227768841869,-0.6788036477919377,-0.3363676510165723,-0.3424359967753654,-7.767405989738492,4893.09724691036,-0.01839802056066146,-0.06472229508978622,-0.0009137300715714742,24.523185556171427,-103.92912642189934,0.3248291015625,4894.14990234375,4893.949951171875,68.0,12.0,56.0,4892.7249755859375,4896.72794019841,4888.722010973465,0.20958108960753832,0.1636292508753892,4893.169986979167,4896.0950113932295,4890.244962565104,4898.2998046875,4890.0,2.9649613903462515,41627.0,-0.6543822869616368,-390.3000757415859,122550.49279695067,22.830431857128296,4893.723606938319,4894.637741699219,4896.069744486205,12.386704459058176,0.9816850690387046,1.0464073641284908
853,4890.39990234375,4892.7998046875,4890.10009765625,4892.7998046875,4892.7998046875,156.0,4893.8699609375,4893.456653194295,49.95966354988912,0.47240992626162726,-66.26661960230615,-1.9374684053309466,-0.5725441068516375,-0.38360294218358537,-0.1889411646680521,-6.655671040072171,4893.084260911545,-0.005109287867057926,-0.05541925241737633,-0.0010356696144138448,24.47854708450802,-56.89727767695038,3.7252197265625,4894.14990234375,4894.39990234375,64.0,8.0,56.0,4892.7249755859375,4896.72794019841,4888.722010973465,0.5093467103517918,0.1636292508753892,4893.0958251953125,4896.068334960937,4890.123315429688,4898.2998046875,4890.0,2.946014650410805,41783.0,-0.5978664411433167,-281.05938411778794,173227.14512164777,22.90698689824989,4893.719518329659,4894.633491210938,4896.03720777179,11.880031463461842,0.9729157646606051,1.0283350170779815
854,4890.60009765625,4894.35009765625,4890.60009765625,4893.0,4893.0,145.0,4893.886962890625,4893.438745225892,50.61410102411518,0.5058194206755465,-63.854571126014825,-1.9190889246319784,-0.4667976141563486,-0.40024187657813803,-0.06655573757821054,-5.558010739679241,4893.075541320102,-0.07046319629275434,0.0071159965287821425,-0.0010873832363244022,24.572399761843723,-19.674617020388858,2.7152099609375,4894.14990234375,4895.39990234375,60.0,4.0,56.0,4892.7349853515625,4896.739649221833,4888.730321481292,0.5330882512268864,0.16369837656281244,4893.063338216145,4896.148347981771,4889.97832845052,4898.2998046875,4890.0,3.003442175381462,41928.0,-0.5704235546504884,-236.7611406277468,2651240.9078663792,22.91291976316797,4893.752150922613,4894.641740722656,4896.006986798937,12.210797279668162,0.981047150708707,0.9739311541799248
855,4893.0,4893.0,4893.0,4893.0,4893.0,150.0,4893.852958984375,4893.421539530759,50.61410102411518,0.5058194206755465,-63.854571126014825,-1.4504279641550966,-0.37862816701181146,-0.3959191346648727,0.017290967653061262,-4.6548971251644655,4893.068894124986,-0.05005045940097839,0.04089016893363673,-0.0010877042362250667,24.504403014133114,-4.711105658971479,4.280102539062682,4893.6124267578125,4895.39990234375,56.00000000000001,84.0,-27.999999999999993,4892.819995117187,4896.77101067245,4888.868979561925,0.5227795715171161,0.1615025919288044,4893.097509765625,4896.030004882812,4890.165014648437,4898.2998046875,4890.0,2.7889105914256436,42078.0,-0.5278090582011167,-202.93812053806872,0.0,22.91291976316797,4893.752498712743,4894.666740722656,4895.977066532281,12.517936966145458,1.0396558400697034,0.9987656711360666
856,4893.0,4894.39990234375,4888.0,4890.2001953125,4890.2001953125,832.0,4893.736962890625,4893.295212306513,41.75651493537835,0.053633406568655055,-78.63847539584717,-1.2329446231615293,-0.5285809323031572,-0.4224514941925296,-0.10612943811062758,-6.455198059221392,4892.8597318869715,-0.140897719183896,-0.13174976316620468,-0.0011632101236637446,24.778789953526697,-98.72041514754424,3.7476806640625,4892.3125,4894.39990234375,52.0,100.0,-48.0,4892.7025146484375,4896.815103480966,4888.589925815909,0.19577321757218794,0.1681111336818801,4892.99834798177,4896.04082845052,4889.95586751302,4898.2998046875,4888.0,3.0468385737345263,41246.0,-0.5168834315834434,-506.72374617548746,-1384631.8165843305,22.436844247124597,4893.21171649595,4894.684240722656,4895.919585226612,12.999514546088033,0.9137691075166953,1.0455188706829
857,4890.2001953125,4890.2001953125,4887.89990234375,4888.4501953125,4888.4501953125,400.0,4893.591962890625,4893.1052116400815,37.35603881877911,0.0,-94.70867176862764,-1.4686480353857405,-0.7796427178464,-0.4938897389233037,-0.28575297892309637,-9.43000482040086,4892.413672707367,-0.16338366941133414,-0.3329136976422993,-0.001353422719405086,24.90290933575625,-167.32252213529947,0.5222900390626819,4892.262451171875,4894.349853515625,48.0,100.0,-52.0,4892.527514648437,4897.032415754538,4888.022613542336,0.047457398075242505,0.18415434936699368,4892.8041829427075,4895.769197591146,4889.83916829427,4898.2998046875,4887.89990234375,2.993513887664203,40846.0,-0.5151724251482553,-534.3346395789893,-1236351.3112068176,22.293700823125114,4892.77637547292,4894.687741699218,4895.845262938909,13.484616173847085,0.852316755686471,1.1852304533287703
858,4890.10009765625,4890.14990234375,4886.5498046875,4886.5498046875,4886.5498046875,245.0,4893.44595703125,4892.848136857628,33.25728587849882,0.0,-100.0,-1.9107249540438715,-1.1190568422134675,-0.6189231595813365,-0.500133682632131,-13.369528832317853,4891.653613033362,-0.13284148454350608,-0.3849054359462353,-0.001685525632266142,25.091149615687787,-183.80059404651826,0.1951904296875,4891.4498291015625,4893.6748046875,44.0,100.0,-56.0,4892.2550048828125,4897.459621739111,4887.050388026514,-0.04809031604395407,0.2127696471710396,4892.569173177084,4895.546687825521,4889.591658528646,4898.2998046875,4886.5498046875,3.036841299706046,40601.0,-0.5363377212045952,-524.5147915141337,-1028886.3279381577,22.19845679188359,4892.418648409556,4894.664990234375,4895.752770817005,14.434572473412016,0.7904960152254074,1.1754014511716426
859,4886.2001953125,4888.39990234375,4885.0,4885.2998046875,4885.2998046875,239.0,4893.194951171875,4892.552123831349,30.85887887298702,0.0,-97.74579631397313,-2.8459056181063715,-1.4719419044140523,-0.7895269085478797,-0.6824149958661726,-17.44073540145656,4890.779196265234,-0.1461515261177488,-0.49068393676231237,-0.002145030104792655,25.319639567280383,-200.4981333506458,-0.1049072265623181,4890.6749267578125,4892.89990234375,40.0,100.0,-60.0,4891.955004882812,4897.973353251727,4885.936656513898,-0.05290918598925353,0.24605084727505477,4892.27333984375,4895.268334960938,4889.278344726563,4898.2998046875,4885.0,3.0627742314234716,40362.0,-0.5390887743658968,-492.26267844068605,-2347073.9939222774,22.137319586300737,4892.0720925206515,4894.62173828125,4895.648761203776,15.82549559066648,0.7296008377058696,1.220284774468182
860,4885.25,4885.60009765625,4880.5498046875,4884.64990234375,4884.64990234375,1320.0,4892.994951171875,4892.24223279262,29.661180960993192,0.0,-73.71748724529719,-4.56694910385977,-1.7834885998909158,-0.988319246816487,-0.7951693530744288,-21.13046329644999,4889.860317315576,-0.14718757052571393,-0.5901543739279589,-0.0026919115599819817,25.55571553503017,-223.6891784721363,-0.6225097656251819,4888.4498291015625,4890.6748046875,36.0,100.0,-64.0,4891.622509765625,4898.431720603883,4884.813298927367,-0.011998202691798002,0.2784029562650868,4891.854174804687,4894.994189453125,4888.71416015625,4898.2998046875,4880.5498046875,3.204739855518224,39042.0,-0.33016690647716834,-544.4924520563023,-1386917.5766453599,21.961717038238678,4888.882130399166,4894.57798828125,4895.5393198220845,18.208922641897505,0.7037507146941109,1.2939050886220698
861,4884.4501953125,4885.5,4883.14990234375,4883.14990234375,4883.14990234375,159.0,4892.745947265625,4891.885670814233,27.051505905539415,0.0,-81.94425606944256,-5.740475643381615,-2.126911354468575,-1.2160376683469045,-0.9108736861216706,-25.129011818929087,4888.766017706564,-0.16050087213759967,-0.4824646340599391,-0.003328475212409414,25.574776610765866,-174.19619174949966,-0.1275146484376819,4888.4498291015625,4890.6748046875,32.0,100.0,-68.0,4891.127514648438,4898.8304266122295,4883.424602684646,-0.01783094121983247,0.314974898557537,4891.427506510417,4894.592521158854,4888.262491861979,4898.2998046875,4880.5498046875,3.143693984141922,38883.0,-0.3585165035932135,-500.77924461968774,1847561.050511006,21.91289061162302,4888.619451866911,4894.5087377929685,4895.4160420362305,20.42210490375489,0.7714616347448221,1.2539262688047612
862,4883.0,4885.14990234375,4881.0,4882.0498046875,4882.0498046875,183.0,4892.460947265625,4891.499950573969,25.29383584447382,0.0,-89.58361589583616,-6.678881835937318,-2.4594935381319374,-1.464728842303911,-0.9947646958280263,-29.033050262719375,4887.491754651144,-0.18299315707421795,-0.4365414021593069,-0.004035216981280566,25.570436444793383,-169.37036838306176,-0.1574951171878638,4888.4498291015625,4890.6748046875,28.000000000000004,100.0,-72.0,4890.407495117188,4898.658308286631,4882.156681947745,-0.006476771322408638,0.33742845264657645,4890.824991861979,4893.947501627604,4887.702482096354,4898.2998046875,4880.5498046875,3.2155660098282133,38700.0,-0.42064579614856484,-457.99904840169665,-2834632.7484631147,21.871663560412266,4888.24342469341,4894.432985839844,4895.283044649676,22.893518754472687,0.7686854177285575,1.2052268198878644
863,4881.85009765625,4884.5498046875,4881.7001953125,4882.5498046875,4882.5498046875,181.0,4892.16494140625,4891.148964460774,27.596491352560662,0.09094120822787759,-85.55966860567601,-7.464295151654369,-2.652149168771757,-1.7022129075974806,-0.9499362611742765,-31.53026973014092,4885.746368665445,-0.1574601566893308,-0.4799095991435708,-0.004730808734045592,25.51702956261774,-137.05312904947326,0.6374267578121362,4888.4498291015625,4890.6748046875,24.0,96.0,-72.0,4889.762475585938,4898.345867217459,4881.1790839544165,0.0798472673697975,0.35107601542518135,4890.1908203125,4893.250805664063,4887.130834960937,4898.2998046875,4880.5498046875,3.1894262501976267,38881.0,-0.42908054704585563,-379.64204148716857,78795.36454848821,21.89020085593783,4887.466486520397,4894.363483886718,4895.15634574458,25.188403044424927,0.7697989770429404,1.2497085761865112
864,4882.14990234375,4886.85009765625,4882.14990234375,4884.60009765625,4884.60009765625,230.0,4891.89994140625,4890.892146154714,36.27091829719189,0.4335295217028036,-70.75621364357482,-7.70648839614023,-2.6093101335181927,-1.883632352781623,-0.7256777807365697,-31.01620223714204,4885.525287379006,-0.11859571411982921,-0.2869687991357457,-0.005297993020971416,25.542046234340674,-93.24133129884439,3.662329101562136,4888.4498291015625,4890.6748046875,20.0,92.0,-72.0,4889.137475585938,4897.302890550807,4880.9720606210685,0.22215876662672046,0.33402271896192726,4889.5908203125,4892.760815429688,4886.420825195312,4898.2998046875,4880.5498046875,3.2973383260763676,39111.0,-0.44074703878410654,-258.0406951586445,2809899.3716032607,21.986783052060005,4887.310134532691,4894.306484375,4895.051308450169,25.93952204755219,0.8028473328983539,1.0898161320340995
865,4886.5498046875,4887.5,4884.10009765625,4884.2001953125,4884.2001953125,609.0,4891.615947265625,4890.629716709922,35.380552432332635,0.3983653613536794,-73.64357482813327,-6.966615923713107,-2.5779121004588887,-2.0224883023170763,-0.5554237981418124,-30.865417754991725,4885.262042640176,-0.1757604994743751,-0.2301941635909286,-0.005760428913779299,25.601839005406905,-70.77649574277832,4.475024414062318,4887.39990234375,4890.6748046875,16.0,88.0,-72.0,4888.524975585938,4896.229101096879,4880.820850074996,0.21932049475988422,0.31519223280712316,4889.0058186848955,4892.268318684895,4885.743318684896,4898.2998046875,4880.5498046875,3.30466432733877,38502.0,-0.4719228543834103,-255.9692426136596,725786.3805799062,21.936924205383743,4886.886478424072,4894.250734863282,4894.943337175168,26.282896301910004,0.8704530483788333,1.100647211969762
866,4886.2998046875,4889.0498046875,4886.2998046875,4888.75,4888.75,106.0,4891.399951171875,4890.556002329141,50.32212870598644,0.9884688285822733,-40.793231094658914,-6.095904181985134,-2.1609872037543028,-2.050188082604522,-0.11079912114978097,-25.381431250007903,4885.312531211094,-0.08685877784590232,-0.14848828606658449,-0.005939934001383918,25.66874856181107,-12.817233349990431,4.690014648437682,4887.3873291015625,4890.6748046875,12.0,84.0,-72.0,4888.309985351562,4895.731843488346,4880.888127214778,0.5296431594573932,0.30365742594166906,4888.66748860677,4891.80498860677,4885.5299886067705,4896.14990234375,4880.5498046875,3.415017545028858,38608.0,-0.30765202781101614,-150.5051655438511,4863753.408755897,22.035666942697798,4886.684216148461,4894.231484375,4894.881711929645,25.800755730291563,0.8747521578298397,1.0232404438964242
867,4887.0,4890.0,4887.0,4888.5,4888.5,378.0,4891.223955078125,4890.475374786822,49.642890395148974,0.9616429519171426,-42.59827251894941,-4.8586942784932035,-1.8296530288025679,-2.006081071844131,0.17642804304156323,-21.381250896221545,4885.326684496205,-0.09196811771919068,-0.118472399254829,-0.005920546872102878,25.572814582980218,1.993622743093276,2.087719726562682,4887.349853515625,4890.199951171875,8.0,80.0,-72.0,4888.112475585937,4895.289305748458,4880.935645423417,0.5269982990601086,0.29364423173017873,4888.408317057291,4891.510831705729,4885.305802408854,4894.9501953125,4880.5498046875,3.3853734346696536,38230.0,-0.27882455487534347,-142.50442760901524,654916.9146825396,22.016336848092855,4886.659630336102,4894.210734863282,4894.818212308454,24.895459594401867,0.8955878027257574,1.0140602019805864
868,4889.0,4893.25,4889.0,4893.25,4893.25,382.0,4891.177958984375,4890.584183618711,60.540928365090664,1.0,-8.302485457429931,-3.187376493566262,-1.1702926008038048,-1.838923377636066,0.6686307768322612,-13.45366751167328,4886.048562797736,0.062365640785491554,-0.05315365539514416,-0.005567490955760352,25.490351628993402,75.13341776088565,0.2677246093753638,4888.162353515625,4890.199951171875,4.0,76.0,-72.0,4888.182470703125,4895.52904552333,4880.835895882919,0.8448906069082828,0.3005851301270454,4888.393310546875,4891.5408203125,4885.24580078125,4894.9501953125,4880.5498046875,3.4828467607646787,38612.0,-0.20886157738247874,137.06763347798693,2920484.293193717,22.387514100828852,4886.864237189367,4894.225734863281,4894.802608205883,23.51179566023864,0.9173282838962686,0.9704819392914128
869,4894.5,4895.75,4894.14990234375,4894.7998046875,4894.7998046875,129.0,4891.173955078125,4890.749502091997,63.32944386242335,1.0,-6.25120462576293,-1.1598862591918078,-0.5167318619069192,-1.5744850744902368,1.0577532125833176,-6.173336995253372,4887.415223910906,0.12989002897254828,0.0394016013485039,-0.004933253760415942,25.378480854477864,134.084292564399,-1.8226562500003638,4888.89990234375,4890.074951171875,4.0,72.0,-68.0,4888.3724609375,4896.182576428109,4880.562345446891,0.9114755894280956,0.31953847842073446,4888.522469075521,4891.552473958333,4885.492464192708,4895.75,4880.5498046875,3.412643420710059,38741.0,-0.13000070788197512,146.04722936506022,4744415.04293634,22.42837136434237,4886.885790384865,4894.2484838867185,4894.802580310178,23.03786573405203,0.9559171109767493,0.9165155096282454
870,4894.89990234375,4898.39990234375,4894.85009765625,4897.14990234375,4897.14990234375,301.0,4891.193955078125,4891.0004981803,67.12351289253168,1.0,-7.002762808764396,0.8984863281248181,0.18867800994303252,-1.221852457603583,1.4105304675466155,1.2091884656575658,4889.481066948142,0.2169239663961204,0.17921372215346543,-0.004034357098372919,25.395466696694417,153.97002027142398,-3.380151367187864,4889.58740234375,4890.074951171875,100.0,68.0,32.0,4888.679956054688,4897.319839978174,4880.040072131202,0.990165514031843,0.35346490263841457,4888.810799153645,4892.01328938802,4885.608308919271,4898.39990234375,4880.5498046875,3.4260330089629116,39042.0,-0.10819922419344062,226.23753867451592,1975447.2365014972,22.57288787630547,4886.8183389546275,4894.281982421875,4894.825936748323,23.313963842661927,1.0653523360148516,0.8861386138613861
871,4896.35009765625,4897.5,4892.85009765625,4895.7998046875,4895.7998046875,681.0,4891.19794921875,4891.188706278623,63.08538170074009,0.9034625300321539,-14.566293733074376,2.338239602480826,0.6314992872758012,-0.8511821086277062,1.4826813959035072,5.649266222788561,4890.868612332178,0.2149305143959667,0.1977345799918696,-0.003042777596603417,25.350784512970705,114.24109475184304,-4.307543945312318,4889.762451171875,4890.074951171875,96.0,64.0,32.0,4888.957446289062,4898.121781082347,4879.793111495777,0.8733145150617648,0.37489934792707674,4889.03662923177,4892.35410970052,4885.719148763021,4898.39990234375,4880.5498046875,3.5134522471619896,38361.0,-0.04715485714817028,62.57267544869222,-990033.9724558915,22.385142652605804,4887.794429859407,4894.300231933594,4894.835626976574,22.76099122201732,1.0264976532761743,0.8287630732843047
872,4897.0,4898.0,4893.89990234375,4895.85009765625,4895.85009765625,712.0,4891.163955078125,4891.371505940491,63.17425760459488,0.9055872393325073,-14.284541948190498,3.731909179687136,0.9752544361135733,-0.48589479967945026,1.4611492357930236,9.077861074507247,4892.275071199214,0.22929371677437782,0.25118066996155963,-0.0020237473515326153,25.325046459936708,111.37004557361713,-6.080053710937136,4889.8748779296875,4890.074951171875,92.0,60.0,32.0,4889.229956054687,4898.861860258631,4879.598051850743,0.8436569478573134,0.39400495744799846,4889.280802408854,4892.708292643229,4885.853312174479,4898.39990234375,4880.5498046875,3.5553554906682763,39073.0,-0.013045638888852554,58.74923520602191,446232.4836280908,22.392456798440676,4888.8272209108545,4894.294233398437,4894.845721212192,22.38908177133946,1.0712337543474282,0.8200530843858685
873,4896.9501953125,4897.9501953125,4895.75,4897.10009765625,4897.10009765625,689.0,4891.2149609375,4891.5961565960115,65.40373120908863,0.9588860874668671,-7.281779139426102,4.7511891084559466,1.3331793597208161,-0.122079967799397,1.455259327520213,12.620900640204855,4893.665552204118,0.28568025949406894,0.3547559525481494,-0.0009762354228632772,25.241277404178508,116.11780282347384,-7.395166015625364,4890.3624267578125,4890.074951171875,88.0,56.00000000000001,31.999999999999993,4889.444970703125,4899.565628552854,4879.324312853397,0.8781931504249968,0.4139798243101266,4889.532478841145,4892.934993489583,4886.129964192708,4898.39990234375,4880.5498046875,3.458558335084828,39762.0,-0.01211262761875485,173.39220160516163,287445.2939746342,22.568371089691567,4889.851171606419,4894.284733886719,4894.868152818602,22.043737281424306,1.1380672827542297,0.7833113302060803
874,4897.89990234375,4897.89990234375,4897.14990234375,4897.89990234375,4897.89990234375,305.0,4891.311962890625,4891.84336231161,66.78917559143008,0.9920071746975841,-2.8735793461484493,5.1132396024813715,1.66221402582687,0.23477883092585644,1.4274351949010136,15.943702716285948,4894.843516507916,0.3246607120032149,0.5657709637301473,7.91892306222163e-05,25.020800588265175,115.93373878662615,-7.140161132812864,4890.912353515625,4889.6748046875,100.0,52.0,48.0,4889.689965820313,4900.3650373437595,4879.014894296866,0.8845377759486166,0.43663592571582255,4889.782470703125,4893.034985351563,4886.529956054687,4898.39990234375,4880.5498046875,3.26864736025734,40067.0,0.02024620757773818,183.47051990263856,165935.5788934426,22.61818433116568,4891.958256905301,4894.311982421875,4894.898319480543,21.72306025507452,1.2714122612081795,0.7056412974780322
875,4898.14990234375,4899.89990234375,4898.14990234375,4899.89990234375,4899.89990234375,633.0,4891.46396484375,4892.159305057969,70.02207462544337,1.0,-0.0,5.3917537913603155,2.060606268207266,0.5999443183821385,1.4606619498251276,19.84601512406331,4896.455976177498,0.3553491177825367,0.5699366406177797,0.0011742709828693782,24.956077784613164,126.15217442026214,-5.434863281249818,4891.83740234375,4890.224853515625,100.0,48.0,52.0,4890.0349609375,4901.530106043829,4878.539815831171,0.9290916432546308,0.4701457228078829,4890.098299153646,4893.438313802084,4886.758284505208,4899.89990234375,4880.5498046875,3.17802969166753,40700.0,0.09176572579439557,338.1175884879759,414691.9431279621,22.876662459596687,4893.033412687516,4894.344482421875,4894.948086474207,22.04343732900128,1.2345015968207351,0.6645649562029554
876,4899.89990234375,4902.5498046875,4899.7001953125,4900.0,4900.0,1503.0,4891.660966796875,4892.466783290989,70.17854062333018,1.0,-12.229508196721312,6.37072035845631,2.3572392481428324,0.9514033043342773,1.405835943808555,23.00327701958741,4897.463973852123,0.3152745779770026,0.7308325767013661,0.0022505378905500538,24.93973829901134,125.05223626309876,-6.324755859374818,4893.662353515625,4891.5498046875,100.0,44.0,56.0,4890.524951171875,4902.8144971163,4878.2354052274495,0.8854922253015861,0.5025859623303,4890.592464192709,4893.754964192709,4887.429964192708,4902.5498046875,4880.5498046875,3.1545710976198493,42203.0,-0.013548703191398984,311.30747261022935,398167.52958519803,22.907366510769545,4895.004894354948,4894.3812329101565,4894.998354270484,23.0275305059206,1.3211005299942988,0.5902679532929327
877,4899.10009765625,4900.0,4896.4501953125,4899.0,4899.0,424.0,4891.830966796875,4892.722987867813,66.44727351111135,0.8927734818536397,-17.40108667033677,6.751480641084527,2.4830087993950656,1.257724403346435,1.2252843960486306,24.586241758438536,4897.81856772581,0.3030138834543223,0.5942674099342707,0.0032235774317984074,25.020673657324277,86.31712275941564,-2.302441406250182,4894.6248779296875,4891.5498046875,96.0,40.0,56.0,4891.05244140625,4903.836193745971,4878.268689066529,0.8108460795605184,0.5227403505837523,4891.074129231771,4894.299104817708,4887.849153645833,4902.5498046875,4880.5498046875,3.1828020683255747,41779.0,0.028332146449288522,206.26354795162518,-2427850.6917773555,22.820835898524646,4895.521676345879,4894.397731933594,4895.0381716409265,22.51718842916311,1.2321740577419087,0.637906647807638
878,4900.0,4900.0,4893.85009765625,4897.64990234375,4897.64990234375,309.0,4891.96296875,4892.916200200202,61.67922380757572,0.7557526380805748,-26.558157999206035,6.746616498161529,2.4455497025919612,1.4952894631955402,0.950260239396421,24.544173157817013,4897.804477087302,0.18204862886729736,0.4659254850132666,0.004025394405107587,25.253293698613145,64.46330519525436,-3.107446289062864,4894.6248779296875,4891.5498046875,92.0,36.0,56.0,4891.607446289063,4904.524208765926,4878.6906838121995,0.7338997897309966,0.5281193398567768,4891.544970703125,4894.897436523437,4888.1925048828125,4902.5498046875,4880.5498046875,3.3947378022844625,41470.0,0.06169294428557573,117.20015884692873,-2587434.736270349,22.73567970832641,4895.945585494744,4894.405480957032,4895.0641590111045,21.113957604512542,1.162205788884293,0.6962803038710264
879,4897.2998046875,4897.2998046875,4894.4501953125,4896.2001953125,4896.2001953125,332.0,4892.029970703125,4893.044984322254,56.9533449011029,0.35598846029826436,-39.07451923076923,6.456344784007342,2.27268575015205,1.6507687205868422,0.6219170295652077,23.090777940964806,4897.774547491591,0.15751652475196892,0.3703437306885756,0.0046122629244993935,25.340672208836118,46.269707422524846,1.0975341796875,4894.6248779296875,4891.5498046875,88.0,32.0,56.0,4892.1524658203125,4904.877086361988,4879.427845278637,0.659051088357814,0.5202053955013951,4892.032478841146,4895.357430013021,4888.707527669271,4902.5498046875,4880.5498046875,3.380807032924858,41138.0,0.0895925388979013,31.699745529510352,-901273.7906122783,22.63740752800078,4896.892121809479,4894.3987329101565,4895.075462854899,19.810957553051303,1.1276048262098448,0.7572610955212692
880,4897.14990234375,4900.0498046875,4893.39990234375,4895.0,4895.0,1198.0,4892.129970703125,4893.121651603735,53.31150384647038,0.17864608184098033,-48.55240846574138,5.965451229319115,2.0156094006597414,1.7237368566014222,0.2918725440583192,20.758648936880462,4897.677295614483,0.03576355183160476,0.31601203148499,0.004972962547684221,25.730277949200172,43.47729111906436,2.129833984375182,4894.7623291015625,4891.5498046875,84.0,28.000000000000004,56.0,4892.669970703125,4904.966666241018,4880.3732751652315,0.5947420910640175,0.5026578784804568,4892.659977213542,4896.064908854167,4889.255045572917,4902.5498046875,4881.0,3.614313840840939,39940.0,-0.06223273680212021,-178.23364445684825,471739.806794563,22.34374429385618,4896.898373873247,4894.373732910156,4895.074711980722,19.440833675434988,1.1000019531631477,0.7839899216781577
881,4896.14990234375,4896.14990234375,4883.85009765625,4884.0498046875,4884.0498046875,2451.0,4891.97396484375,4892.765892901138,32.74090153038934,0.0,-98.93203122960023,3.8669232536767595,0.9177065446392589,1.5625307942089894,-0.6448242495697305,9.256506735435824,4895.323064546632,-0.21962083086023815,0.01180791146536675,0.004719667763942304,26.131440934992803,-63.28791685340256,4.4349365234375,4892.3748779296875,4891.5498046875,80.0,24.0,56.0,4892.7149658203125,4904.87784931985,4880.552082320775,0.14378672486905716,0.4971834077605202,4892.864143880209,4896.766560872396,4888.961726888021,4902.5498046875,4881.0,4.234706044173729,37489.0,-0.2385935705698343,-3986.9043682397983,-3374719.9018455828,16.860817080181562,4895.04797695718,4894.283481445313,4894.96501141064,19.558785901225516,0.9114653667534007,0.899657455288034
882,4883.4501953125,4887.2001953125,4881.85009765625,4885.35009765625,4885.35009765625,4054.0,4891.824970703125,4892.475077401338,35.903641335185725,0.08448021513709039,-83.09154813294647,1.3548741957720267,0.15079512452939525,1.2801836602730705,-1.1293885357436753,1.9993206461412445,4894.030866516197,-0.24095249120008916,-0.2587610965738182,0.004108711978046032,26.449927148993226,-109.28444958415602,2.919824218750364,4891.8748779296875,4891.5498046875,76.0,20.0,56.0,4892.87998046875,4904.538708525599,4881.2212524119,0.1770709988352453,0.4765589224909735,4892.967488606771,4896.929915364583,4889.005061848959,4902.5498046875,4881.7001953125,4.314376873607748,41543.0,-0.09351696432925513,-2664.2912163037563,-722520.9906822245,17.940123783862525,4892.109650533778,4894.198981933594,4894.869340627014,20.038436283350507,0.853920585621938,1.1126816821957561
883,4885.0498046875,4888.89990234375,4883.10009765625,4888.89990234375,4888.89990234375,1357.0,4891.74697265625,4892.334874457903,43.68860573648978,0.29242506929783174,-65.94249050550799,-0.6249856387867112,-0.16860456145059288,0.990426015928338,-1.159030577378931,-0.8688308982983861,4893.6488575366175,-0.14093514071273228,-0.2911435436641917,0.0034181719067666585,26.655886534927422,-87.23067671913402,2.652612304687864,4891.8748779296875,4891.5498046875,72.0,16.0,56.0,4893.197485351562,4904.030232027408,4882.364738675717,0.30163927319584044,0.44276760577413127,4893.169156901042,4897.279093424479,4889.059220377604,4902.5498046875,4881.85009765625,4.420478860314337,42900.0,-0.0017547131852952045,-1595.523190983577,630350.9457109602,18.926150345858268,4891.618713630685,4894.135981445313,4894.809943231161,19.97247232914078,0.8140785437800836,1.1052220874442753
884,4886.10009765625,4889.2001953125,4884.7001953125,4886.7998046875,4886.7998046875,1840.0,4891.62697265625,4892.11781289828,40.55069027128299,0.2086079392321042,-76.08803340174086,-2.2893626493560078,-0.584454218924293,0.6754499689578118,-1.2599041878821047,-4.271708220175426,4892.894527275525,-0.18485641488661125,-0.30967289790819197,0.0026134770576258346,26.754669282783343,-92.60521703180117,3.792626953125364,4891.8748779296875,4891.5498046875,68.0,12.0,56.0,4893.307470703125,4903.829022963698,4882.7859184425515,0.19074591588493622,0.4300384688093701,4893.287491861979,4897.387418619792,4889.187565104166,4902.5498046875,4881.85009765625,4.426158941720456,41060.0,-0.008820303772691296,-1919.616976200209,232384.7231657609,18.135751735805357,4890.997542434191,4894.06498046875,4894.730240360081,19.820423354544346,0.8315127138656551,1.141185611773847
885,4884.5498046875,4886.75,4878.10009765625,4882.0498046875,4882.0498046875,1884.0,4891.44197265625,4891.722989046877,34.512719112418964,0.04732717193066047,-83.84558544524994,-4.891970645680885,-1.2825192871005129,0.2838561177461469,-1.5663754048466598,-9.498669771010324,4890.680468538547,-0.30733071958143277,-0.38152011922503726,0.0015721446025328857,26.83215116359088,-151.2903397288095,4.699951171875,4889.699951171875,4890.324951171875,64.0,8.0,56.0,4893.199951171875,4904.127683598564,4882.272218745186,-0.010176587831852754,0.44664973987304757,4893.13915201823,4897.501578776042,4888.776725260417,4902.5498046875,4878.10009765625,4.731412376686852,39176.0,0.012581239245115908,-2923.8145510287504,-2077604.8397562308,16.30449194255261,4889.902469645288,4893.975229492187,4894.604066870802,20.862614878053957,0.7732933050556001,1.1548134242806374
886,4881.64990234375,4882.5498046875,4879.0,4879.7001953125,4879.7001953125,1991.0,4891.18498046875,4891.251506939647,31.97637188144263,0.0,-93.4555548898608,-6.425962201286893,-2.00225398539078,-0.17336590288123854,-1.8288880825095415,-14.51552616814109,4888.23457718651,-0.3715818492440209,-0.45637491783503437,0.00032015995942564183,26.871958547129676,-157.21897115256385,7.152441406249636,4889.699951171875,4890.324951171875,60.0,100.0,-40.0,4892.7474609375,4905.039109114478,4880.455812760522,-0.030737027172548094,0.5024435973902814,4892.758325195313,4897.1607421875,4888.355908203125,4902.5498046875,4878.10009765625,4.647011827459219,37185.0,-0.04829928912893617,-3174.422795971072,-294208.8259817188,15.346273068764507,4888.6811548319165,4893.875480957031,4894.455769641366,21.83036414988431,0.7692302135927941,1.2256051314278285
887,4881.60009765625,4881.60009765625,4876.35009765625,4876.35009765625,4876.35009765625,2064.0,4890.872978515625,4890.667137948141,28.733937747226307,0.0,-100.0,-7.169064510569115,-2.8105752402725557,-0.700807770359502,-2.1097674699130535,-19.784817601700826,4885.42622269144,-0.4806180770394007,-0.5131076046915065,-0.00115354223930268,26.84993700955352,-160.9182562534498,7.860034179687318,4888.824951171875,4889.449951171875,56.00000000000001,100.0,-43.99999999999999,4892.139965820313,4906.274141893551,4878.005789747074,-0.05857052021444348,0.5778320396386465,4892.238330078125,4896.753247070313,4887.723413085938,4902.5498046875,4876.35009765625,4.690082411212132,35121.0,-0.13361136789861702,-3708.734048332348,-457799.1574309593,13.929259464292958,4887.328236656286,4893.776982421875,4894.275613701216,23.131136322570466,0.7154962090581739,1.2286038137496804
888,4874.60009765625,4876.4501953125,4873.5498046875,4873.60009765625,4873.60009765625,1121.0,4890.50498046875,4889.99784225042,26.370119980122794,0.0,-99.82657596982759,-8.855091050092597,-3.6312192406458053,-1.2868900644167627,-2.3443291762290426,-24.85164430177849,4882.544886563201,-0.5387735172193877,-0.6261267610360496,-0.0028200472674538846,26.782349640975596,-162.8155921897347,7.842529296875,4887.4248046875,4888.0498046875,52.0,100.0,-48.0,4891.157470703125,4907.418241096321,4874.896700309929,-0.03986904132848664,0.6649047997572933,4891.373331705729,4895.820768229167,4886.925895182291,4902.5498046875,4873.5498046875,4.562247283625552,34000.0,-0.19055459786552384,-3619.307755713441,-1028486.7061237263,13.297075568907454,4886.501661439197,4893.665483398438,4894.069887173405,24.7201391288547,0.666659954761761,1.2927867157978106
889,4872.25,4872.25,4866.14990234375,4866.14990234375,4866.14990234375,1780.0,4890.001982421875,4889.062628920747,21.265967501907895,0.0,-100.0,-11.705138442095631,-4.82711010073217,-1.9949340716798443,-2.8321760290523263,-31.392925966711232,4878.116359762335,-0.6705470025770566,-0.7295552322495644,-0.004836160664787836,26.697489873769634,-181.8442334996961,7.9249267578125,4882.7498779296875,4884.349853515625,48.0,100.0,-52.0,4889.7249755859375,4909.183312113405,4870.26663905847,-0.10578336716781468,0.7958867471942349,4890.0375,4894.709936523437,4885.365063476563,4902.5498046875,4866.14990234375,4.768529285688012,32220.0,-0.24678717486649507,-4996.742027218664,-1987689.0035157795,10.576017749118861,4884.6763711215335,4893.509982910156,4893.792076379081,26.98409189258577,0.6016509419235596,1.331206174173124
890,4861.64990234375,4869.10009765625,4861.64990234375,4868.85009765625,4868.85009765625,1914.0,4889.55298828125,4888.269980635865,26.796365445266446,0.12240456135181232,-81.24944368856733,-14.3555908203125,-5.49365163170296,-2.6946775836844674,-2.7989740480184926,-34.33639633362054,4876.271191433116,-0.5880331436862806,-0.832137191651973,-0.006882778522115573,26.709276788480466,-165.6716179994117,7.890209960937682,4878.762451171875,4882.099853515625,44.0,96.0,-52.0,4888.309985351562,4909.44631117245,4867.173659530675,0.03965774704131763,0.8647702737439011,4888.524169921876,4893.391625976563,4883.656713867188,4902.5498046875,4861.64990234375,4.960076859031726,34134.0,-0.1698986131378455,-3544.6111907409977,-1488852.3140671111,11.638084050372086,4882.084515131998,4893.369233398437,4893.543897486317,29.450186595192328,0.5507126724183685,1.3828498640703415
891,4871.0498046875,4871.0498046875,4866.0,4866.60009765625,4866.60009765625,2424.0,4889.023994140625,4887.420181303331,25.20747052102388,0.09752995376824415,-87.10883358976642,-16.20191004135995,-6.13275224278641,-3.382292515504856,-2.7504597272815534,-37.192985671803385,4874.820367387221,-0.6045524381251485,-0.6737988357612441,-0.008938511630063881,26.738900085186994,-135.37744183932708,8.149999999999636,4878.762451171875,4882.099853515625,40.0,92.0,-52.0,4886.85,4909.681171812047,4864.018828187954,0.056529500315317865,0.934392167226197,4887.149169921876,4892.036621093751,4882.261718750001,4902.5498046875,4861.64990234375,4.9664859896366025,31710.0,-0.22974845047845707,-3817.381020635141,656204.2747787123,10.517901688909578,4880.410625811728,4893.229233398438,4893.27579997557,31.14354643249826,0.6488632743490979,1.322662110110342
892,4866.9501953125,4873.0,4866.9501953125,4872.0498046875,4872.0498046875,1628.0,4888.535986328125,4886.817421436044,35.22582705354081,0.3911707883568885,-72.9168521038109,-17.461476045496056,-6.128848716294669,-3.9316037556628194,-2.19724496063185,-35.87916919108285,4874.598882191587,-0.4688497510214505,-0.6067499436927182,-0.010677189814306924,26.796799048355773,-101.9118394153203,-1.610180664062682,4878.762451171875,4882.099853515625,36.0,88.0,-52.0,4885.659985351563,4908.966779887715,4862.35319081541,0.20802118148527338,0.9540899123570734,4885.886669921875,4890.871606445313,4880.9017333984375,4902.5498046875,4861.64990234375,5.068872872073273,33338.0,-0.18420698915210054,-2004.5947252765498,538906.5355867953,12.34096560804021,4879.602546000977,4893.141733398437,4893.064596042356,32.13870338658636,0.6877515780476677,1.294501521740386
893,4872.9501953125,4874.4501953125,4872.0498046875,4874.4501953125,4874.4501953125,1003.0,4888.115986328125,4886.3324321762975,39.09555724141658,0.5563829404444973,-66.66581895400735,-17.415889246323786,-5.864461815581308,-4.318175367646518,-1.54628644793479,-33.46718955898375,4874.5846610464,-0.1965501941807946,-0.5092583955223882,-0.012012219441935586,26.701804188879684,-73.64263074787334,0.8226074218746362,4878.14990234375,4882.099853515625,32.0,84.0,-52.0,4884.527490234375,4907.7014656254,4861.353514843351,0.28257302098934395,0.9488727594370546,4884.722501627604,4889.717447916667,4879.7275553385425,4902.5498046875,4861.64990234375,4.878266997282325,34341.0,-0.1542793377815707,-1374.2823649691857,783753.2286867425,12.835129644409284,4879.175394802938,4893.083234863281,4892.879378124647,32.64265228272654,0.7426772388059701,1.2519356343283583
894,4874.39990234375,4879.35009765625,4873.7001953125,4879.35009765625,4879.35009765625,2414.0,4887.760986328125,4886.058615136296,46.165698304968764,1.0,-48.69508605072464,-15.758208869485316,-5.19961420708205,-4.494463135533624,-0.7051510715484257,-28.880691178816264,4874.741622797979,-0.12281617243518543,-0.45679522280966756,-0.012800403078796447,26.73688946125847,-42.75534388882049,5.299902343749636,4877.099853515625,4882.099853515625,28.000000000000004,80.0,-52.0,4883.6,4906.0318742092895,4861.168125790711,0.40527090371275226,0.9186614059009403,4883.713346354167,4888.953287760417,4878.4734049479175,4902.5498046875,4861.64990234375,4.933383807744302,36755.0,-0.07896764605463924,511.810009713912,766539.2625598544,15.261734447795348,4878.299476613792,4893.0669848632815,4892.744758418494,31.832433443781916,0.7722042579305136,1.2289994807401812
895,4878.10009765625,4883.7998046875,4877.2998046875,4883.7998046875,4883.7998046875,1177.0,4887.507978515625,4885.970034334382,51.65434448040518,1.0,-19.601935380961663,-12.612214211856553,-4.264504959102851,-4.44847150024747,0.18396654114461874,-23.118899732940488,4874.818642406075,-0.10431994432540952,-0.21183547596989738,-0.012985603992752528,26.78665130488418,-8.883792022591795,4.004809570312318,4877.412353515625,4882.099853515625,24.0,76.0,-52.0,4882.794995117188,4903.948422030939,4861.641568203437,0.5237505150916973,0.86644747260143,4882.829174804688,4888.306616210937,4877.351733398437,4902.5498046875,4861.64990234375,5.0452849643339945,37932.0,-0.061109595687907955,1186.8807477235316,2222623.4766620644,16.335095668236804,4877.5530523230245,4893.0757348632815,4892.6557539037585,30.1124249138343,0.9259172303514093,1.1377527063213067
896,4883.89990234375,4883.89990234375,4880.0,4881.7998046875,4881.7998046875,4495.0,4887.282978515625,4885.806495916858,49.22507444309073,0.9200592371539491,-26.86138631409177,-9.894116210937682,-3.642815320838963,-4.287340264365769,0.6445249435268057,-19.43551157917004,4874.885759643765,-0.10231644838824616,-0.03378518211920545,-0.012813329556012621,26.711797908545865,0.110546593756066,0.1648193359378638,4877.4373779296875,4882.099853515625,20.0,72.0,-52.0,4881.884985351562,4901.5102405421585,4862.259730160966,0.49782982021800787,0.80400317703032,4881.886669921875,4887.4166259765625,4876.356713867188,4900.0498046875,4861.64990234375,4.963471920006567,33437.0,-0.032568994702215456,-266.9593590941156,121477.96565088733,14.494315873910972,4877.189824694799,4893.0687329101565,4892.547734508572,28.49450612573178,0.9867484995860927,1.0205336817052981
897,4881.85009765625,4881.85009765625,4880.35009765625,4881.2001953125,4881.2001953125,1084.0,4887.057978515625,4885.625856677471,48.48881043435263,0.8958307629166088,-29.037803732520427,-7.609560259650607,-3.1620550664065377,-4.062283224773923,0.9002281583673852,-16.8094101068204,4875.024218260055,-0.01740271830459918,-0.10112606125444057,-0.012407836100829128,26.509956606682184,1.0620947285030053,-1.2947998046875,4877.4373779296875,4882.099853515625,16.0,68.0,-52.0,4880.9949951171875,4898.980860484835,4863.00912974954,0.5057044849140706,0.7369753661144903,4881.019173177084,4886.446638997396,4875.591707356771,4900.0498046875,4861.64990234375,4.716081068577526,32353.0,-0.033087713265645725,-321.67610243781337,-117599.6562211716,14.361173060091364,4876.854531586457,4893.059733886719,4892.4348236708,26.99215296535087,0.9733091936523611,1.0744352549068017
898,4881.2001953125,4882.0,4880.64990234375,4882.0,4882.0,1368.0,4886.8609765625,4885.483666219531,49.57228004793688,0.931484842578412,-18.92422916058749,-5.901186236213107,-2.6855541504965004,-3.7869374099184387,1.1013832594219384,-14.377565903150725,4875.355100858477,0.04713004068793449,-0.12712478563791996,-0.011807271746262536,26.308750337573482,13.475458016582756,-3.862402343749636,4877.4373779296875,4882.099853515625,12.0,64.0,-52.0,4880.2125,4896.51486113596,4863.910138864039,0.5548233469094678,0.6681004622630832,4880.238338216146,4885.425813802083,4875.050862630209,4900.0498046875,4861.64990234375,4.475653681982703,33721.0,0.0023097106432506164,-119.41768601812578,22191.096816146583,14.585325475218887,4876.3967783161,4893.025983886719,4892.330994579548,25.561305657415584,0.9529659101508966,1.0800906957888166
899,4882.5498046875,4886.75,4882.5498046875,4885.0,4885.0,1753.0,4886.7409765625,4885.464698916805,53.521315034837755,1.0,-6.972084427584865,-4.242407226562136,-2.042306377056775,-3.438011203346106,1.395704826289331,-11.083195823485344,4877.414590759034,0.17738476874142928,0.09281829400204156,-0.010958797605965288,26.28227008139933,56.168271374334324,-6.052392578125364,4879.2374267578125,4882.099853515625,8.0,60.0,-52.0,4879.652490234375,4894.416476343344,4864.888504125407,0.6810997966997652,0.6051244894391723,4879.677498372396,4884.932503255209,4874.422493489584,4900.0498046875,4861.64990234375,4.495249847555367,35474.0,0.007775795496997224,648.9276976987493,796659.687758172,15.662547925034561,4876.532218193525,4893.003483886719,4892.258049359851,24.287473464124457,1.0748716464297141,0.9820533524276726
900,4885.0,4885.5,4885.0,4885.0498046875,4885.0498046875,1782.0,4886.62197265625,4885.448428554872,53.5862982962237,1.0,-6.773660149790876,-3.2310503791359224,-1.5110901535399535,-3.0526269933848758,1.5415368398449223,-8.430137701701659,4878.900570040771,0.23493324856005826,0.17117217992194012,-0.009957208468755153,26.18755660356478,72.05152880248758,-13.005078125000182,4879.4749755859375,4882.099853515625,4.0,56.00000000000001,-52.00000000000001,4879.15498046875,4892.410251549277,4865.8997093882235,0.722357739156686,0.5433428998909641,4879.129166666667,4884.076676432292,4874.181656901042,4896.14990234375,4861.64990234375,4.209874858444269,37256.0,-0.01268848570379746,568.9025913310709,16837.756909371492,15.680716185653854,4876.827609213385,4892.980231933594,4892.186325532265,23.104629284639838,1.1040053746240963,0.9328331947021562
901,4885.0498046875,4885.2001953125,4885.0498046875,4885.10009765625,4885.10009765625,1723.0,4886.518974609375,4885.434768519633,53.65676043115018,1.0,-6.5732905359400835,-2.496775907628944,-1.073662731299919,-2.6568341409678844,1.5831714096679654,-6.246470500372121,4880.672143737851,0.38942892621069397,0.2466401368380634,-0.008874549205055158,25.96261932647852,74.52819365571905,-10.357397460937136,4880.7498779296875,4882.099853515625,4.0,52.0,-48.0,4879.207495117187,4892.547967489378,4865.867022744997,0.7208543436342829,0.5468294753006874,4878.984171549479,4883.324210611979,4874.644132486979,4889.2001953125,4861.64990234375,3.9199116989125353,38979.0,0.033419375737217864,500.0100475918108,-1091.052125652931,15.698454957748481,4877.281738642714,4892.964982910156,4892.115815802156,22.006273975118408,1.1617359583900584,0.915095821551995
902,4885.2001953125,4887.7998046875,4885.10009765625,4887.2001953125,4887.2001953125,939.0,4886.45498046875,4885.504000942882,56.618399067733996,1.0,-2.2929698440855195,-1.2893037683816146,-0.5511843084614156,-2.235704174466591,1.6845198660051754,-3.5193500436476692,4882.3889215241425,0.3768877104079114,0.43766257652592033,-0.007682749174026901,25.72049055939631,91.35033346287,-12.699902343750182,4880.7999267578125,4882.099853515625,4.0,48.0,-44.0,4879.3,4892.833821063973,4865.766178936027,0.7918686184469423,0.5547443716915514,4879.079166666667,4883.286686197917,4874.871647135417,4889.2001953125,4861.64990234375,3.8327542226509257,39918.0,0.015954621514970412,710.2931406813735,380935.0367171315,16.10212973611472,4877.749667690032,4892.950983886719,4892.066904155494,21.55194282631025,1.2134492936405756,0.7757867171146553
903,4887.7998046875,4888.7998046875,4886.5498046875,4888.7998046875,4888.7998046875,1713.0,4886.37498046875,4885.633248148553,58.77923058443067,1.0,-0.0,0.19464183134186896,-0.007949647452733188,-1.7901532690638196,1.7822036216110864,-0.5751741355751386,4884.033702937517,0.45616460333244474,0.709196634694331,-0.006390021491346579,25.32170840766287,106.05449035511622,-7.245190429687682,4881.9498291015625,4882.099853515625,4.0,44.0,-40.0,4879.294995117188,4892.814678738281,4865.775311496094,0.8515174554633392,0.5541654536002801,4879.133325195313,4883.163354492188,4875.103295898438,4889.2001953125,4861.64990234375,3.7197003496044307,41631.0,0.02565958743293231,1000.2699576376059,160882.68594023644,16.66280471358,4879.1138068770715,4892.944233398437,4892.034395703076,21.33690113405701,1.3857544408704976,0.6765578061761666
904,4889.85009765625,4890.7001953125,4889.35009765625,4890.0,4890.0,3017.0,4886.31498046875,4885.804493319199,60.3740717898931,1.0,-2.8347764203534576,1.463803998161893,0.5134942246768333,-1.329423770315689,1.8429179949925223,2.374244512537689,4885.346808026308,0.36843209803047877,1.0466574798450536,-0.005024706976971239,24.963054714066395,124.8200904774523,-5.004809570312318,4883.0999755859375,4882.099853515625,4.0,40.0,-36.0,4879.455004882812,4893.395393158788,4865.514616606837,0.8782174107503464,0.5713912009445833,4879.28916015625,4883.161694335938,4875.4166259765625,4890.7001953125,4861.64990234375,3.5897496549898285,44648.0,0.025133682913170488,1374.6584290911624,105177.02854979619,17.4034751035479,4881.262117083412,4892.954233398437,4892.014152959762,21.519162653680503,1.5833270038302536,0.5366695239851998
905,4890.25,4890.25,4890.0,4890.25,4890.25,2438.0,4886.25998046875,4885.978826914524,60.715029527602354,1.0,-1.8955592105263157,2.58733484604727,0.9361241048391093,-0.8763141952847294,1.8124383001238389,4.931673522714061,4886.1231907017,0.32413511379588683,1.0198831545833285,-0.00364958997883514,24.389584545807732,115.63694364708644,-0.5149169921878638,4883.1875,4882.099853515625,100.0,36.0,64.0,4879.865014648438,4894.549080160552,4865.180949136324,0.8536141044520232,0.6018226105859608,4879.6824951171875,4883.135034179688,4876.229956054687,4890.7001953125,4861.64990234375,3.351196108204841,47086.0,0.09353636705195,1265.3500820781394,1023.9285851620181,17.528117230337042,4883.302500840117,4892.940732421875,4891.996599198969,21.68840549333089,1.560930876583547,0.5410477220002187
906,4890.25,4890.25,4890.0,4890.0,4890.0,8113.0,4886.2559765625,4886.1365199767,60.15759196579044,0.9742159496571938,-3.7543198240653473,3.758656939337925,1.2366332804094782,-0.45372470014588795,1.6903579805553661,6.956865766230444,4887.353366042094,0.21826477154950574,1.118905586784444,-0.002329856103838884,23.474778669505007,102.8098384587075,3.4197998046875,4882.2874755859375,4882.099853515625,96.0,32.0,64.0,4880.3800048828125,4895.712945655236,4865.047064110389,0.8137035243261813,0.6283502824404079,4880.165828450521,4883.453377278646,4876.878279622396,4890.7001953125,4861.64990234375,3.129682100475924,38973.0,-0.07665874173335253,794.8357846384054,0.0,17.113363383396713,4885.591608082973,4892.928981933594,4891.976732540274,21.845559558720538,1.644616840656189,0.5257112538717449
907,4889.39990234375,4889.39990234375,4886.35009765625,4886.35009765625,4886.35009765625,852.0,4886.213974609375,4886.144895571976,52.56908470939162,0.44011551503215895,-25.588809742647058,4.307640165441626,1.166821954298939,-0.12961536925692257,1.2964373235558617,6.803518247628239,4887.260658801202,0.0522194412289835,0.8002766443045852,-0.001245358339040009,22.862747724971364,68.58879731527207,0.9197998046875,4881.4000244140625,4882.099853515625,92.0,28.000000000000004,64.0,4880.8800048828125,4896.30658725949,4865.453422506135,0.6772943818621638,0.6321229926261083,4880.629158528645,4883.806697591145,4877.4516194661455,4890.7001953125,4861.64990234375,3.1668406892812153,38121.0,-0.050473856969929426,237.04255870791894,-805406.1674735916,16.47742947810527,4886.002029929614,4892.900981445313,4891.920746123517,20.787624010278442,1.3909398990248287,0.5906632547202435
908,4885.0,4886.39990234375,4885.0,4886.25,4886.25,1193.0,4886.207978515625,4886.149017314252,52.373961611233575,0.3177720885949112,-33.20944468736336,4.260462143842233,1.0908443563721448,0.1144765758688909,0.9763677805032539,6.624551086376212,4887.185100429567,0.09115890635717848,0.5587583148558758,-0.0003666467074748934,22.340796244509583,49.704855975283344,-0.3123046874998181,4882.0125732421875,4882.099853515625,88.0,24.0,64.0,4881.5125,4896.729175168958,4866.2958248310415,0.6556680400743711,0.6234409998523334,4881.1966552734375,4884.299169921875,4878.094140625,4890.7001953125,4861.64990234375,3.040630807457557,36928.0,-0.0032123890449083027,186.1198354773234,-255226.81913351873,16.452990684011652,4886.648612819615,4892.862231445312,4891.864320788955,19.4122318352365,1.3478165149156327,0.7890582000597569
909,4886.39990234375,4886.39990234375,4884.0,4885.5,4885.5,546.0,4886.211982421875,4886.12356565487,50.85096306761885,0.19320385274057447,-48.59906908825408,3.702039292279551,0.9590574137637304,0.2833927434478588,0.6756646703158716,6.075721575049001,4887.170012653261,0.08808908701653287,0.3079863753306519,0.00030715016784450057,22.007723648579056,38.62199658446627,-0.4800048828128638,4881.7625732421875,4882.099853515625,84.0,20.0,64.0,4882.480004882813,4896.03659332921,4868.923416436416,0.6113847753484702,0.5553156769854349,4882.052490234375,4884.969995117188,4879.134985351562,4890.7001953125,4861.64990234375,2.994864488621303,36382.0,0.042789238914605066,101.03128755199148,-219771.27690018315,16.369184083858183,4886.815199531803,4892.82498046875,4891.8009942139415,18.2018758531182,1.230061238540421,0.9220748632097692
910,4885.2998046875,4885.2998046875,4882.0,4884.9501953125,4884.9501953125,548.0,4886.21798828125,4886.07755113164,49.70977372564539,0.09986433925160669,-55.55503137236401,2.9209932215071603,0.8010170430443395,0.38691760336715497,0.41409943967718454,5.313266924668736,4887.15906442211,0.060430055561245394,0.09039080459770121,0.0007921173633081233,21.742816084605362,16.168026180427685,1.7149902343753638,4881.2625732421875,4882.099853515625,80.0,16.0,64.0,4883.285009765625,4895.337165291107,4871.232854240142,0.5690824783730407,0.4936085238269209,4882.92998860677,4885.639973958333,4880.220003255208,4890.7001953125,4866.0,3.0309455965769243,35834.0,0.01057793691546857,43.55639379456414,-933368.319142474,16.307513227497516,4887.57611416417,4892.770480957031,4891.732827060694,17.622803233179248,1.0489563218390805,0.9585655172413793
911,4956.0498046875,4981.7998046875,4954.9501953125,4980.0,4980.0,10344.0,4888.154990234375,4889.760784420595,90.28802909847919,1.0,-1.7793439694914437,16.507760799631797,8.250388442275835,1.9596117711488912,6.2907766711269435,36.8104101667002,4921.2725253605995,1.9447287615148412,0.2809602204677729,0.004929399401525922,22.84773920744232,623.5055681872877,-3.905200195312318,4926.8123779296875,4921.724853515625,100.0,12.0,88.0,4888.955004882812,4931.75383294016,4846.156176825465,1.5636388804290877,1.7508374699543023,4888.148323567708,4891.948299153645,4884.3483479817705,4981.7998046875,4866.9501953125,9.732278723607143,46178.0,0.23333571778874915,140493.78829289533,21991838.518262185,217.57776990912274,4911.87765035731,4893.192980957031,4892.6111073884485,21.953885696229747,1.031992661755811,0.7510324412880381
912,4981.89990234375,4988.9501953125,4975.0498046875,4986.7998046875,4986.7998046875,7329.0,4890.249990234375,4893.5662361957675,90.85643087533666,1.0,-2.0106467489065625,32.830556353400425,14.535203576945605,4.474730132308235,10.06047344463737,51.63614645706354,4945.555262409149,2.082885621808088,0.45406640179550684,0.011597422060985095,23.760631441404826,355.8182525670304,-9.5924072265625,4930.3875732421875,4925.300048828125,100.0,8.0,92.0,4894.6925048828125,4954.33835862905,4835.046651136575,1.272118211238593,2.437164487319135,4893.794986979167,4897.98749186198,4889.602482096355,4988.9501953125,4872.0498046875,10.03000100227806,53507.0,0.2819054010049491,127542.64261600851,2584156.3960379995,227.58495234982254,4925.2884068861085,4893.640229492187,4893.548308356598,26.069071521873802,1.1762712726163411,0.7222048708208343
913,4989.85009765625,4995.4501953125,4986.4501953125,4989.7998046875,4989.7998046875,14518.0,4892.394990234375,4897.340101626816,91.10380919930348,1.0,-4.980503215032753,51.08427590762858,19.5328769322914,7.486359492304869,12.046517439986532,60.01112522841482,4961.99033362421,2.1432458893008626,0.5291947419189039,0.019769879691046353,24.456985881739566,244.92401398637276,-13.259790039062864,4933.6375732421875,4928.550048828125,100.0,4.0,96.0,4900.459985351563,4972.235343387366,4828.68462731576,1.1223571834456931,2.9293314607344483,4899.6408203125,4904.163305664062,4895.118334960937,4995.4501953125,4873.7001953125,9.956429502115341,68025.0,0.15532969802046603,115544.26509943587,554840.5965869954,236.3188100753839,4943.792547207764,4894.096728515625,4894.506034688249,29.97152446131371,1.2433305874152463,0.7141358454963423
914,4985.5498046875,4997.14990234375,4974.0498046875,4976.10009765625,4976.10009765625,11266.0,4894.224990234375,4900.428728922088,80.40569109896182,0.7415541157578217,-18.28034957829256,68.55028578814381,22.13298196965934,10.415683987775765,11.717297981883576,60.35648331487272,4965.272299692971,1.8190354147762822,0.3812673493913902,0.028009638875437625,25.235815751590327,167.14255683914402,-16.4976806640625,4934.4874267578125,4929.39990234375,96.0,8.0,88.0,4905.2974853515625,4983.484800450365,4827.11017025276,0.9527755698940236,3.1878725126167753,4904.889143880208,4910.284138997396,4899.494148763021,4997.14990234375,4877.2998046875,10.895262941696387,56759.0,-0.016001676855600014,76989.24159750754,-1097047.91409665,205.3875291712734,4952.1559878896305,4894.4822290039065,4895.317915911812,32.27111255805649,1.1171691242133177,0.7359017748219275
915,4976.14990234375,4986.4501953125,4975.25,4978.4501953125,4978.4501953125,5254.0,4896.109990234375,4903.488394270732,80.82173530032671,0.7516049406316044,-16.239446713056605,85.31826315487069,24.105345763882724,13.153616342997157,10.951729420885567,60.762664834280265,4968.37663584036,1.8337914049792146,0.3031563320707249,0.03597613906595552,25.698465546105865,130.12851217073128,-20.030004882812136,4934.4874267578125,4929.39990234375,92.0,4.0,88.0,4910.030004882812,4993.7049893049425,4826.355020460682,0.9088449546910946,3.408328842753271,4909.809993489584,4915.439998372396,4904.179988606771,4997.14990234375,4880.0,10.917043825325218,62013.0,-0.057899460252507175,67754.69466728326,-1012527.4707211893,207.86887256140142,4956.005914702065,4894.887729492188,4896.145102771521,34.406444362174774,1.1163318440787255,0.8131755120080006
916,4978.4501953125,4980.0,4955.0,4961.5498046875,4961.5498046875,4823.0,4897.565986328125,4905.765312326292,69.40829851087715,0.4758783375389263,-30.916307293058047,82.70282628676523,24.027760928714088,15.328445260140544,8.699315668573544,56.09337909260774,4967.461549540595,1.4631861899284253,0.11764130402063,0.04266789763591071,26.268975059866364,87.97184472800666,-23.767504882812318,4935.574951171875,4929.39990234375,88.0,4.0,84.0,4914.017504882812,4999.512367341404,4828.522642424221,0.7779833690457688,3.4796319863996983,4913.990828450521,4920.675838216146,4907.305818684896,4997.14990234375,4880.35009765625,11.922969266373416,57190.0,-0.08185287108861307,46431.08343133208,-6920017.4457028825,191.49619014286043,4957.54784796591,4895.195727539062,4896.795895825412,34.504869042217564,0.9987131375362479,0.8810718335156179
917,4965.39990234375,4971.5,4960.89990234375,4969.14990234375,4969.14990234375,2302.0,4899.178984375,4908.2509825230545,71.36655250536816,0.5231859743055128,-24.31613004448176,77.18399442784903,24.299430048341492,17.122642217780733,7.176787830560759,53.466280988113255,4967.737318176113,1.6134124501559224,0.0879264934034083,0.04843549358141871,26.604449921272092,78.8140719607239,-28.414990234375182,4935.8125,4929.39990234375,84.0,4.0,80.0,4918.414990234375,5005.733608441583,4831.0963720271675,0.7905160042098955,3.550681200369664,4918.293318684896,4925.433333333333,4911.153304036458,4997.14990234375,4880.64990234375,11.828478437078886,59492.0,-0.06674316584815472,42297.41791324,-598637.9033891561,195.02239173175886,4959.494705492921,4895.516977539062,4897.51583618878,34.59626338797158,1.0206881622148192,0.9327616688114109
918,4969.4501953125,4973.2001953125,4959.14990234375,4961.2998046875,4961.2998046875,3666.0,4900.53998046875,4910.331328490288,66.62273048852924,0.4085843907064037,-31.133415597026634,69.8988223805145,23.609141026485304,18.41994197952165,5.189199046963655,49.64988261732074,4966.9172217011655,1.4580737154907975,0.0659967137812395,0.052925275353359655,26.95677736079579,65.80140307584072,-36.029882812499636,4937.08740234375,4929.39990234375,80.0,4.0,76.0,4922.37998046875,5009.925783650647,4834.8341772868525,0.7222826383686561,3.5570518135237608,4922.4433186848955,4930.218343098958,4914.668294270833,4997.14990234375,4882.0,11.987179475055395,55826.0,-0.11142653004602762,32143.721353089648,-9544.059609820526,189.23096692603136,4962.6118158169575,4895.7984765625,4898.150502542001,34.52552644845742,1.0009282206305545,0.934931506849315
919,4961.7001953125,4968.75,4957.64990234375,4962.4501953125,4962.4501953125,1838.0,4901.89298828125,4912.375205620571,66.96923370901101,0.4169552397071557,-30.134378167046183,63.0431094898895,22.891035306781305,19.314160644973583,3.5768746618077216,46.94841529605425,4966.326815935372,1.557401662495522,0.035616367324980636,0.05630668439302881,27.171838744933314,56.487165688677216,-40.00249023437482,4955.737548828125,4929.39990234375,76.0,12.0,64.0,4926.252490234375,5013.6936370863,4838.811343382449,0.7069832474831501,3.550006704904623,4926.352490234375,4934.472509765625,4918.232470703125,4997.14990234375,4882.0,11.923816487997867,57664.0,-0.11773334068596696,27853.820869612555,-1796728.755236969,189.65714918713005,4965.05344734643,4896.0859765625,4898.790300480016,34.3205753163605,0.9913708358449516,0.9557544685199709
920,4978.60009765625,4979.5,4970.5498046875,4979.5,4979.5,3878.0,4903.539990234375,4915.007550498196,71.66436904645532,0.5303806471050924,-15.327761452251014,59.10601160385977,23.427648745823717,20.13685826514361,3.2907904806801085,46.32419916566536,4968.398686398189,1.9084164748017396,0.11573136519492022,0.05936849991265736,27.2400385906902,69.65297292391942,-45.475000000000364,4956.64990234375,4929.39990234375,72.0,8.0,64.0,4930.975,5019.203526956012,4842.746473043989,0.7749960906872724,3.578542862456678,4930.919156901042,4939.4616861979175,4922.376627604167,4997.14990234375,4882.0,12.289958502248018,61542.0,-0.05340238738842597,33320.29539940005,2729128.998170629,202.98103959928594,4974.601652315025,4896.475727539062,4899.59338206728,34.624428926398586,1.0117384440578778,0.8960070788629576
921,4978.4501953125,4979.35009765625,4974.0,4977.14990234375,4977.14990234375,941.0,4905.1669921875,4917.444505472531,70.18350328091648,0.4946057885151099,-17.36866431748697,58.0674933938426,23.393618450606482,20.788210302236187,2.6054081483702944,45.34650059923261,4968.463876117964,1.875957473006857,0.14183385091928058,0.061872343871398124,27.241811511768663,63.793815925633204,-50.627294921874636,4957.324951171875,4929.39990234375,68.0,4.0,64.0,4935.577490234375,5023.355985845082,4847.798994623668,0.7368029425666327,3.556969606267442,4935.504988606771,4944.307503255209,4926.702473958334,4997.14990234375,4882.0,11.80496146637316,60601.0,-0.045265128467246604,28244.332928838438,938198.1762512077,202.53693037255007,4975.718214157591,4896.8512280273435,4900.3650887366975,34.90657870714824,1.0376054797582648,0.8957716288389842
922,4976.9501953125,4983.7998046875,4972.0,4974.85009765625,4974.85009765625,3979.0,4906.7469921875,4919.69570516601,68.6876776400183,0.45846952821137393,-19.3658910981355,57.38101591222403,22.91690239295076,21.2139487203791,1.7029536725716596,44.103101878791264,4968.630288239061,1.8403442972666568,0.16271109213677615,0.06368022771726686,27.370893419340533,58.639269684407815,40.040014648437136,4957.4124755859375,4929.39990234375,64.0,4.0,60.0,4939.959985351563,5026.38124572088,4853.538724982246,0.7018607004548768,3.4988647934631563,4940.014152018229,4949.271671549479,4930.756632486979,4997.14990234375,4882.0,11.804593125025077,56622.0,-0.07283045425471325,22902.153531638305,363232.7784662662,200.69834342397257,4977.287858858477,4897.217978515625,4901.106233104056,35.371907159925364,1.0335239488229,0.8708128566861238
923,4976.7998046875,4979.2001953125,4970.5,4973.35009765625,4973.35009765625,2700.0,4908.2719921875,4921.799798989157,67.6745680856609,0.433994756839974,-20.66854092194702,56.00866842830874,22.16258750569432,21.403676477442147,0.7589110282521716,42.807439886467066,4968.820346063918,-0.13353217557730923,0.13927614592168835,0.06475853905587772,27.546578796504534,50.361719756704865,42.6123046875,4954.8125,4929.39990234375,60.0,48.0,12.0,4944.1875,5028.429139503504,4859.945860496496,0.673088972556362,3.4077040768985523,4944.329166666666,4953.909195963542,4934.749137369791,4997.14990234375,4882.0,11.582850424130429,53922.0,-0.10155489362510624,19051.845884261405,-982736.9054158529,199.88424854261976,4977.864173597857,4897.565729980469,4901.82507752746,35.63686153337549,1.0308026589642894,0.891526513042601
924,4971.7998046875,4976.2998046875,4968.7998046875,4971.64990234375,4971.64990234375,1633.0,4909.7469921875,4923.754705003063,66.47770131161636,0.0,-60.42695979172693,54.72643899356626,21.183406842535987,21.359622550460916,-0.17621570792492847,41.40840496180404,4968.8537334125185,-0.30380009098238453,0.13152190314258494,0.0651065428404764,27.633251882054715,43.16023489395621,41.529809570312864,4954.4874267578125,4929.39990234375,56.00000000000001,44.0,12.000000000000007,4948.269995117187,5029.470773672316,4867.0692165620585,0.6439635656368112,3.281986578551909,4948.4408203125,4958.328344726562,4938.553295898438,4997.14990234375,4882.0,11.291218250978256,52289.0,-0.10631938251433538,15933.52233717942,-1056472.5820958358,199.32598924239053,4978.431155230866,4897.92123046875,4902.519851903741,35.68622270287404,1.0322226270522121,0.9007007239096272
925,4971.64990234375,4989.0,4971.64990234375,4982.5498046875,4982.5498046875,3813.0,4911.399990234375,4926.060395186766,70.12548934443537,0.14812685989420502,-34.638508856272374,52.498212028952366,21.044344038794407,21.296566848127615,-0.2522228093332082,41.2432934913717,4968.99107075512,-0.14529641035276067,0.10922881696586917,0.06525573274582776,27.944040513301783,56.35099701923391,23.215112304687864,4956.449951171875,4929.39990234375,52.0,40.0,12.0,4952.884985351562,5030.796030785836,4874.973939917289,0.690376211553748,3.146087408235801,4952.985815429687,4963.728344726563,4942.2432861328125,4997.14990234375,4882.0,11.72399535135481,56102.0,-0.12099400138783509,19594.637379970754,3537884.8884226363,207.6856542335087,4979.5201558556755,4898.33373046875,4903.316169841889,36.35684467214954,1.0454675623911325,0.9362387454252633
926,4983.0498046875,4984.85009765625,4971.9501953125,4971.9501953125,4971.9501953125,2098.0,4912.838994140625,4927.859995191697,62.95160238554243,0.0,-59.78592032250965,49.654259535845085,19.850017230577578,21.007256924617607,-1.1572396940400296,38.87964575609722,4969.070584157349,-0.08339668138317012,-0.058421867323165344,0.0647153555670443,28.353792033391272,44.10270998002808,21.467700195312318,4956.449951171875,4929.39990234375,48.0,36.0,12.0,4956.982495117188,5029.678883096108,4884.286107138268,0.6029466567145849,2.93309036497622,4957.294156901042,4968.669181315105,4945.91913248698,4997.14990234375,4882.0,11.807988707954467,54004.0,-0.057689909223562964,13618.549115867792,-1183498.2125615936,203.22248149255014,4978.933937831163,4898.695231933594,4903.999095468463,36.97956507219108,0.9386038132571175,0.9970256805802828
927,4971.9501953125,4979.75,4971.85009765625,4979.75,4979.75,667.0,4914.453994140625,4929.894897341042,65.72986319608421,0.15546951014803456,-41.281002745502356,46.21811092601092,19.310286717950476,20.667862883284183,-1.3575761653337075,37.729430716660794,4969.363135373417,0.02610862088615131,-0.184488774211378,0.06391923202970828,28.642107620509,44.43425769803775,-0.1026855468753638,4956.449951171875,4929.39990234375,44.0,32.0,12.0,4961.652490234375,5027.252902954917,4896.052077513834,0.6379374687985595,2.6442969494400326,4961.781656901042,4973.3991861979175,4950.164127604167,4997.14990234375,4882.0,11.52883968193986,54671.0,-0.039590560001214394,12416.252060252751,-3079537.866355061,204.26884549906566,4975.452481353808,4899.103981933594,4904.752835812061,37.54480934833233,0.875648714794019,1.060137489005397
928,4981.9501953125,4984.7998046875,4978.60009765625,4980.0498046875,4980.0498046875,888.0,4916.1019921875,4931.8617564526685,65.83591370781625,0.16140402178472746,-26.324103860294116,44.49470502068016,18.69127672765353,20.272545652158055,-1.5812689245045242,36.842528823522024,4970.127257004319,0.37286736459889697,-0.06832129092297834,0.06287222740235021,28.834785200432513,57.16488115202898,2.807421874999818,4959.2374267578125,4929.39990234375,40.0,28.000000000000004,11.999999999999996,4966.34248046875,5022.431831014284,4910.253129923216,0.622191860713577,2.258779001493276,4966.544986979167,4978.402506510417,4954.687467447917,4997.14990234375,4882.0,11.148187349747728,55559.0,-0.056720190318474535,10680.53413200236,4119106.5365129765,204.32230733198892,4973.5401571568555,4899.531730957031,4905.502059382961,38.32077269174471,0.9778290884934256,1.046150379416404
929,4979.7001953125,4985.0,4978.5498046875,4980.2001953125,4980.2001953125,1666.0,4917.7819921875,4933.757381505996,65.89293123206792,0.33758838736274754,-25.881778492647058,43.36251579733471,18.00528836086596,19.819094193899637,-1.8138058330336762,36.137018467014975,4970.8086758685795,0.22237793558085292,-0.010795798554736558,0.06158465744721897,29.007222346602987,58.74812994235797,-9.777685546874636,4959.2374267578125,4929.39990234375,36.0,24.0,12.0,4971.077490234375,5013.357980973814,4928.796999494935,0.6078831503440391,1.7010594110632493,4971.342488606771,4983.402522786459,4959.282454427083,4997.14990234375,4882.0,10.812616489944318,57225.0,-0.06725426702968704,9190.536510466309,29018.589285384565,204.37261823069008,4972.928016831401,4899.970981445313,4906.245324417086,39.05131910209472,0.9694651199918067,0.9802609185465433
930,4980.0,4982.0,4975.89990234375,4979.0498046875,4979.0498046875,1002.0,4919.46298828125,4935.533554964094,64.99930377615124,0.23502309545315622,-31.738961140098123,40.234574620863896,17.170875563686423,19.289450467856994,-2.118574904170572,35.31085301961818,4970.85082058089,0.3577691471744878,0.13477839835784955,0.06002489225125893,29.2228140028067,36.0419765503691,-13.332275390625,4959.2374267578125,4929.39990234375,32.0,20.0,12.0,4975.782470703125,4990.889485820568,4960.675455585682,0.6081396278144489,0.6072216864941798,4976.087483723959,4988.287532552084,4963.887434895833,4997.14990234375,4954.9501953125,10.476008001823297,56223.0,-0.0716103120699832,7712.93252236398,-1719808.1858857663,204.14116339734116,4974.273727787769,4900.401979980469,4906.969747106344,39.33418662920867,1.0883405961660426,0.9535621978081931
931,4978.7998046875,4988.0,4978.7998046875,4982.2998046875,4982.2998046875,2792.0,4921.42798828125,4937.367525541483,66.38624303770368,0.3942078085907767,-21.372167276691847,38.2257080078125,16.580713109329736,18.747702996151542,-2.1669898868218063,34.9614719244393,4971.0840447523415,0.3999961429083927,0.21720895157485876,0.05836098457136843,29.52870308928518,79.91230372842736,3.6025390625,4959.2374267578125,4929.39990234375,28.000000000000004,16.0,12.000000000000004,4975.8974609375,4991.16529092481,4960.62963095019,0.7096677705777945,0.6136714073056084,4976.626643880209,4987.944222005209,4965.309065755208,4997.14990234375,4955.0,10.384878524014491,59015.0,-0.20354188688629343,7907.37073345484,1466347.4180636911,205.96359947569817,4975.56578738808,4900.848229980469,4907.719299918097,39.93599659695129,1.0680562107662694,0.8508472591914107
932,4982.2001953125,4986.10009765625,4982.0,4985.9501953125,4985.9501953125,672.0,4923.439990234375,4939.272728277601,67.92370919213661,0.570669111213547,-9.728214313526983,36.8543816061574,16.220580374613746,18.242278471843985,-2.0216980972302387,35.06080255081684,4971.853710335447,0.12953499974897076,0.24384047639327633,0.05672883400471317,29.618108169937063,99.017758049966,1.294921875,4959.2374267578125,4929.39990234375,24.0,12.0,12.0,4975.85498046875,4991.005514716582,4960.704446220918,0.8331636587401027,0.6089620500316482,4976.680818684896,4987.508382161458,4965.8532552083325,4997.14990234375,4955.0,9.935965604888455,59687.0,-0.2858409249590415,7128.183842961292,396676.201905523,206.45595493325055,4977.1939265836845,4901.30248046875,4908.497716787693,40.49482013842658,1.1107362542541728,0.8668957778608964
933,4988.0,4988.9501953125,4982.0498046875,4988.0,4988.0,1293.0,4925.4219921875,4941.18360167848,68.78704783463708,0.6697580316564146,-4.950447183949722,34.648212028952,15.917092362376025,17.777241249950393,-1.8601488875743684,35.36876608461581,4973.091023518198,0.2179982091988161,0.32119359823737326,0.05515774136137033,29.711943268276162,125.89718849647288,-0.9148925781246362,4959.949951171875,4929.39990234375,20.0,8.0,12.0,4975.764990234375,4990.6012623540855,4960.928718114664,0.9123343676532603,0.5963413524886771,4976.469148763021,4987.191731770834,4965.746565755208,4997.14990234375,4955.0,9.71913882061071,60980.0,-0.27065712464964864,6488.50007410075,773799.6498928085,206.98752812534335,4978.549915812055,4901.767729492188,4909.288784282343,41.1774832086931,1.1265204951267653,0.8053268968893921
934,4985.5,4987.9501953125,4980.0,4982.14990234375,4982.14990234375,2421.0,4927.328994140625,4942.790123273197,63.53146120293864,0.08018069187965766,-33.91104665216341,32.18457174862124,15.031251031350621,17.22804320623044,-2.1967921748798176,34.254103693441095,4973.463835325672,0.14673416372764844,0.15093003532405092,0.05335544156916948,29.752333074100648,86.89469717284895,-2.717382812499636,4959.987548828125,4929.39990234375,16.0,4.0,12.0,4976.06748046875,4991.163172906482,4960.971788031017,0.7014621687640198,0.6067318217441202,4976.5158203125,4986.480908203125,4966.550732421875,4989.0,4955.0,9.596343190567087,58559.0,-0.15145529954527653,3538.273431260465,-500754.7073647879,204.1480962035748,4979.285719511938,4902.2037280273435,4910.01377053171,41.45905282577513,1.0779969863397203,0.9270669510156694
935,4983.10009765625,4984.64990234375,4979.14990234375,4983.0498046875,4983.0498046875,1092.0,4929.348994140625,4944.368934309052,63.987274996488,0.14436701008533753,-29.456127628716462,29.928241325827003,14.237706573993819,16.629975879783114,-2.392269305789295,33.42923471138143,4973.514848392743,0.19503366625689797,0.08810839296153883,0.05140698312371536,29.640740490984587,70.53805035027865,-4.647558593749636,4959.987548828125,4929.39990234375,12.0,32.0,-20.0,4976.2974609375,4991.668975840215,4960.925946034784,0.7196382006827255,0.6177892307836369,4976.627473958333,4986.307552083334,4966.947395833334,4989.0,4955.0,9.303747248383724,59651.0,-0.10440697491288325,3173.190563848256,-1045199.1042811356,204.34533903621465,4979.494618579894,4902.642478027344,4910.740497239728,41.57052576295585,1.04300229729841,0.9548939043368713
936,4984.64990234375,4988.0498046875,4983.25,4987.2998046875,4987.2998046875,961.0,4931.500986328125,4946.052497853305,66.13974708700343,0.44440966518281866,-8.416727096930142,27.460595703125364,13.792761981202602,16.06253310006701,-2.2697711188644085,33.25712414437122,4975.499382193993,0.31478287190681464,0.1386394605359701,0.04951167299914439,28.265421127142034,110.02932219174447,4.96484375,4979.237548828125,4929.39990234375,8.0,28.000000000000004,-20.000000000000004,4977.5849609375,4992.088908194349,4963.081013680651,0.8349034431096911,0.5827704547756025,4977.661637369792,4986.331705729166,4968.991569010416,4989.0,4957.64990234375,8.99633673064203,60612.0,-0.0410533224386315,3303.341911869934,1872972.6928329864,205.16496760909342,4980.204981476988,4903.101977539062,4911.502281393437,41.9128023973272,1.0983892945739142,0.9597498340379441
937,4988.39990234375,4991.39990234375,4982.14990234375,4990.39990234375,4990.39990234375,3826.0,4933.781982421875,4947.79161175489,67.65825186589504,0.6560807979442895,-4.42475964135249,25.090857651654915,13.534277432579074,15.556881966569424,-2.02260453399035,33.50304505238636,4977.069985565774,0.15755181511411606,0.2122784601076082,0.047758725241610296,27.193815000103072,122.25172961807077,-6.697265625,4979.8624267578125,4929.39990234375,100.0,24.0,76.0,4978.6474609375,4993.629562358283,4963.665359516717,0.89221605421611,0.6018542802370501,4978.701635742187,4987.30419921875,4970.099072265625,4991.39990234375,4957.64990234375,9.014455535596172,64438.0,0.0015052092281057437,4525.860729147444,271987.7156299007,207.543203146822,4982.040615818172,4903.573728027343,4912.287332348167,42.45515598515036,1.1014672264378906,0.8891887663302824
938,4988.0,4991.0,4988.0,4990.0,4990.0,871.0,4936.10998046875,4949.446842666463,67.23934958294547,0.5976881461852188,-7.088113132911392,22.965126665901153,13.145623226804673,15.074630218616475,-1.9290069918118018,33.605807902568266,4978.285357891881,0.3630326929766343,0.31432736623837587,0.04606695708224237,26.35951523851732,136.315518806103,-0.3324707031251819,4979.8624267578125,4929.39990234375,96.0,20.0,76.0,4980.082470703125,4993.566318226454,4966.598623179796,0.8677559123876166,0.5415110132272722,4979.957470703125,4988.00751953125,4971.907421875,4991.39990234375,4957.64990234375,8.584851568767874,63567.0,0.07423294106192552,3829.549919068345,938609.9849311137,207.47340614693778,4982.981129146569,4904.041977539063,4913.0605927228125,42.95877003098616,1.17570785682594,0.8613804905875642
939,4990.0,4990.0,4987.2001953125,4988.7001953125,4988.7001953125,1181.0,4938.560986328125,4950.986189829053,65.81304340941175,0.4903552006151067,-13.809381087966432,20.993800264245692,12.587626273114438,14.577229429516068,-1.98960315640163,33.34257356305904,4979.000984284018,0.17973182012149203,0.1773873633418639,0.04434731152696899,25.34871949186969,120.14332963634718,-1.345166015625182,4980.58740234375,4929.39990234375,92.0,16.0,76.0,4981.394970703125,4992.690860549917,4970.099080856334,0.8233576419590295,0.4535231561932131,4981.241642252604,4988.876676432292,4973.606608072916,4991.39990234375,4968.7998046875,8.171633934391597,62386.0,0.08417487563157268,3063.175739781796,-213340.45726701833,207.16577702149945,4983.6332814900015,4904.500229492188,4913.813225584401,43.255897967597086,1.1639897633962917,0.9866024000544278
940,4986.14990234375,4993.9501953125,4984.75,4993.9501953125,4993.9501953125,1011.0,4941.06298828125,4952.671052789188,68.70096923891572,0.9836215056941146,-0.0,19.565454101562864,12.425803858991458,14.146944315411147,-1.7211404564196897,33.84730804493945,4980.977257922286,0.2791215182610459,0.24441695458360113,0.04280301996260718,24.706802528235567,136.8630086803359,-1.917285156249818,4980.5125732421875,4929.39990234375,100.0,12.0,88.0,4982.11748046875,4994.620184023998,4969.614776913501,0.9732062466114774,0.501903200968762,4981.959985351563,4989.60751953125,4974.312451171875,4993.9501953125,4968.7998046875,8.245102604256482,63397.0,0.010226903919958601,3383.829205527254,682507.0706602373,208.22973151709888,4984.755029371283,4904.969479980468,4914.610608367766,43.82748329437187,1.1400638685136946,0.8956469139300934
941,4994.0,5004.75,4994.0,5002.2998046875,5002.2998046875,20302.0,4943.776982421875,4954.617278353829,72.65702892782528,1.0,-8.492849284928493,19.031061868106008,12.823481019048813,13.882251656138681,-1.058770637089868,35.43345266384763,4984.520184239397,0.44374941786076694,0.5086491308639629,0.04168747189653961,24.10990336590664,230.08410808172061,-4.325170898437136,4985.9124755859375,4933.199951171875,100.0,8.0,92.0,4983.374975585937,4998.425633245986,4968.324317925888,1.1287043904997378,0.6040347248113533,4983.135815429688,4991.0533447265625,4975.218286132813,5004.75,4968.7998046875,8.427581324488163,83699.0,0.20491753292422746,27116.677823487644,530823.0725805955,242.17355612519378,4992.802018669676,4905.534978027344,4915.48313768438,45.01036554194149,1.2362160250420975,0.7275668941781346
942,5002.2998046875,5016.35009765625,5002.2998046875,5016.35009765625,5016.35009765625,12450.0,4946.66298828125,4957.038173228433,77.75281242963526,1.0,-0.0,19.90504222196705,14.109735999290024,13.927748524768951,0.18198747452107256,38.612959935125,4991.457037283558,0.7491448053729818,0.5495744918961265,0.04137813669092147,23.883850187330896,284.79023359435513,-3.150170898437864,4992.375,4941.175048828125,100.0,4.0,96.0,4985.449975585938,5005.753591578348,4965.146359593527,1.2609512040087525,0.814514881980102,4984.874983723958,4992.905037434896,4976.844930013021,5016.35009765625,4968.7998046875,8.829203584792578,96149.0,0.4065466489690728,48232.31634312334,1122889.389474708,277.1427011766412,4997.559720393773,4906.164729003906,4916.4867890273845,46.61262372719766,1.2331803872148075,0.683605895318681
943,5015.0,5015.0,5005.35009765625,5013.10009765625,5013.10009765625,8936.0,4949.435986328125,4959.23668006874,74.30331276789033,0.7574422003396238,-8.034571835542359,20.364313821231008,14.697431656181834,14.081685151051529,0.6157465051303053,40.16942386426601,4994.717944731594,0.6181942913144677,0.5405167638721449,0.04141194191404117,23.73306367469839,222.15139222923082,-1.4872802734371362,4992.375,4941.650146484375,96.0,4.0,92.0,4987.437475585937,5010.242313631521,4964.632637540353,1.0626574067094148,0.914491185391942,4986.714982096354,4994.792521158854,4978.637443033854,5016.35009765625,4968.7998046875,8.984260471593108,87213.0,0.4613521761471437,37193.12829410572,91801.24625630323,271.3532328511412,5000.086761959971,4906.778479003906,4917.448115481404,48.10043489922124,1.2397538599030893,0.6992370960309444
944,5012.10009765625,5019.0,5010.0,5019.0,5019.0,7356.0,4952.228984375,4961.5803396738875,76.35419294212444,0.9016535443632602,-0.0,21.695762005973847,15.46103235317878,14.35755459147698,1.1034777617018001,42.14206308220672,5001.7765451634805,0.6628587008063479,0.6586268434974817,0.04182433931774835,23.659518753602292,209.3235007786986,-1.804980468749818,4994.449951171875,4945.52490234375,100.0,20.0,80.0,4989.80498046875,5015.241753387243,4964.368207550257,1.073874280845283,1.019549782729332,4988.902490234375,4997.055029296875,4980.749951171875,5019.0,4971.64990234375,8.985384723622172,94569.0,0.5291834461658458,38079.7787721799,529153.8954170066,280.0104870042973,5002.207618757558,4907.419228515625,4918.458581994028,49.636583295438314,1.3010200384099722,0.6423931949124905
945,5017.10009765625,5019.0,5010.75,5016.75,5016.75,7318.0,4954.88798828125,4963.743855765108,73.93086973209806,0.7312531955217754,-5.64615931285457,25.433095415900425,15.703613727141601,14.626766418609904,1.076847308531697,43.03350969150769,5005.319082176835,0.576383319967923,0.5882100260476169,0.04230116946089456,23.648751570890447,162.89834645608735,-9.365087890624636,4997.2374267578125,4946.35009765625,96.0,16.0,80.0,4991.514990234375,5019.264083612311,4963.765896856438,0.9546997161660433,1.11185054766843,4990.624161783854,4998.321695963541,4982.926627604166,5019.0,4971.85009765625,8.932857243363445,87251.0,0.5354480742125854,30287.596090439918,42275.89505329325,276.7298534119484,5004.37161092829,4908.048479003906,4919.43660605379,51.06300680621131,1.2835762920988896,0.6953662660512727
946,5016.0,5022.89990234375,5014.2998046875,5020.0,5020.0,8250.0,4957.6519921875,4965.949979068437,75.15735358566481,0.8174956231234766,-6.628348214285714,28.20159983915437,15.97397105743039,14.896207346374002,1.077763711056388,44.143253840724554,5008.737963442429,0.7597141474696335,0.6196644536628575,0.04284484349909059,23.7348058361135,149.6832070195339,-10.86767578125,4999.83740234375,4950.099853515625,100.0,12.0,88.0,4993.91748046875,5022.773108380736,4965.061852556764,0.9519485698042311,1.1556309460394691,4992.764982096354,5000.247526041667,4985.282438151042,5022.89990234375,4971.85009765625,8.909088701426771,95501.0,0.5529893666704404,29791.153791805646,388292.16957092285,282.07444901667316,5006.111837944601,4908.701728515625,4920.437236839324,52.5393328100555,1.275255869429852,0.6555914157669944
947,5022.14990234375,5024.7998046875,5018.2998046875,5023.14990234375,5023.14990234375,7376.0,4960.490986328125,4968.193113314527,76.32017288770584,0.8992613627852719,-3.6142516391952166,29.74658203125,16.25502418342694,15.16797071378459,1.0870534696423508,45.41771406599034,5012.096910498065,0.8047300193252791,0.6489398220274087,0.043449003627980584,23.747192803256123,138.05175677645462,-8.787670898437682,5000.787353515625,4952.39990234375,100.0,8.0,92.0,4996.087475585938,5026.821416825708,4965.353534346167,0.9402693840449081,1.2303203812966084,4995.0133056640625,5002.425854492188,4987.600756835937,5024.7998046875,4975.89990234375,8.737010937039145,102877.0,0.544856157472554,28854.37177690484,259960.4476299824,286.70267206199236,5007.832011139029,4909.3707275390625,4921.459253411508,53.98165340787416,1.31185251687747,0.6629126948500612
948,5025.5498046875,5036.0,5025.0,5035.7001953125,5035.7001953125,15478.0,4963.564990234375,4970.840449863467,80.28065698154057,1.0,-0.5273600219876491,32.49097972196705,17.291143032544824,15.592605177536637,1.6985378550081869,47.895505224073204,5018.691382853285,0.9704728514517832,0.799219089302957,0.04447477104966013,23.843547900755752,156.67153480542672,-8.4700927734375,5006.387451171875,4958.175048828125,100.0,4.0,96.0,4998.8699951171875,5033.162816809494,4964.577173424881,1.0369957673033259,1.37202294621797,4997.56748046875,5005.220043945313,4989.9149169921875,5036.0,4975.89990234375,9.030802845554206,118355.0,0.6122188282504499,52482.80931882022,636077.9715564026,325.374310047489,5012.363950322134,4910.114228515625,4922.595979201568,55.67822877861122,1.358805695756855,0.559586606453898
949,5035.7001953125,5036.35009765625,5028.0,5030.89990234375,5030.89990234375,9588.0,4966.48298828125,4973.195722509753,75.10643053010682,0.642357986295566,-10.055674672528422,34.51643210018392,17.522937642949728,15.978671670619256,1.5442659723304715,48.320719114377766,5021.3783988148725,0.8115582076093562,0.8432361026518955,0.04546185249673181,23.957606306786968,132.76308436543394,-11.404980468750182,5008.875,4958.5,96.0,8.0,88.0,5001.40498046875,5037.262528113965,4965.547432823535,0.9112791282721147,1.4338989857947662,5000.09248046875,5007.8400390625,4992.344921875,5036.35009765625,4975.89990234375,8.98218104631819,108767.0,0.5512172198541155,38410.235275506624,145878.4031480066,316.23452666101645,5014.448919629793,4910.8394775390625,4923.6736301781075,57.26338070331214,1.3826359281634266,0.5393998255115311
950,5030.39990234375,5031.0,5015.2998046875,5019.5498046875,5019.5498046875,8741.0,4969.17298828125,4975.013529653978,64.51799253787271,0.0,-30.996738797499145,34.534650735293326,16.599430614216544,16.102823459338715,0.4966071548778288,45.12629609517646,5021.226472619815,0.5921804546593187,0.5759540976180588,0.045845162661242514,24.06642182158692,81.49335554720973,-14.729785156249818,5011.6624755859375,4959.175048828125,92.0,4.0,88.0,5003.42998046875,5038.576208936008,4968.283752001492,0.729325092929492,1.4048853927986926,5002.240812174479,5010.468375651041,4994.013248697916,5036.35009765625,4978.7998046875,9.462039208188319,100026.0,0.48307675960648205,18750.029719965503,-1621056.6586043956,296.51415743501354,5015.27169076198,4911.507976074219,4924.627621964271,56.278337010074324,1.222649201615643,0.6466951039975841
951,5020.0,5026.0,5018.7998046875,5022.14990234375,5022.14990234375,2775.0,4971.913984375,4976.862014857499,65.71057846119754,0.07565890446928282,-27.5197062747807,33.641720760569115,15.894133118536956,16.061085391178363,-0.16695227264140655,42.95683970923124,5021.285949663661,0.6705094658259908,0.55577035195925,0.04581968917278188,24.078474325354513,74.6870382507493,-11.4722900390625,5012.47509765625,4959.175048828125,88.0,16.0,72.0,5005.4224853515625,5040.065916214174,4970.779054488951,0.7414226388045256,1.3842360345803262,5004.20498046875,5012.332543945313,4996.077416992188,5036.35009765625,4979.14990234375,9.300478929924866,102801.0,0.487040782568615,17102.207045126685,-194599.8733108108,297.9515913238765,5016.3820717988965,4912.180476074219,4925.597992913321,55.36365358063921,1.2623699714627634,0.7065996195035135
952,5024.60009765625,5030.0,5022.0,5027.60009765625,5027.60009765625,2621.0,4974.721982421875,4978.851743594705,68.12875298633634,0.2290704380193876,-16.957332248265942,32.77220243566171,15.595193303620363,15.967906973666764,-0.37271367004640155,41.90603279535267,5021.5107760505625,0.6738133346891405,0.547993740588739,0.04564531250001834,24.11567542521906,83.80425042209848,-5.205175781249636,5013.6375732421875,4959.175048828125,84.0,12.0,72.0,5007.50498046875,5042.223209685034,4972.786751252465,0.7894029684278213,1.3866478156966033,5006.297477213542,5014.620035807292,4997.974918619792,5036.35009765625,4979.14990234375,9.207587577787377,105422.0,0.48281265474279983,16699.743454974658,1098847.0526516596,300.7959831066457,5016.8219583751115,4912.880727539063,4926.6129392291705,54.780702126097474,1.2324249313531548,0.6844311907644158
953,5027.0,5028.2998046875,5016.2998046875,5019.85009765625,5019.85009765625,2091.0,4977.34298828125,4980.459522185354,61.48834715712458,0.0,-31.976683668158635,29.393932387407403,14.565024579071178,15.687330494747648,-1.1223059156764705,38.841206534391596,5021.4812468308655,0.3508444846169389,0.4727841156131596,0.044985182450237034,24.263958915568775,57.72869282898067,7.252612304687318,5014.8375244140625,4959.175048828125,80.0,8.0,72.0,5009.097485351563,5043.003276652825,4975.191694050301,0.6585660132386746,1.353768474277653,5008.054972330729,5016.632511393229,4999.477433268229,5036.35009765625,4979.14990234375,9.407045607945422,103331.0,0.4653557902048248,11999.030104263993,-2123498.0272596846,297.5727255513053,5017.198511123195,4913.5357275390625,4927.5406721488425,53.272641075774125,1.1826814909901515,0.7098973753769919
954,5018.0,5031.0498046875,5018.0,5029.0,5029.0,4003.0,4980.12298828125,4982.363070334948,65.73471811587217,0.22596322636350288,-17.355562473337713,26.40802073759187,14.32183588407861,15.414231572613842,-1.0923956885352322,37.603045436032296,5021.676548090558,0.2521734348178831,0.4805595307681454,0.04429858800669422,24.492552887225983,72.62114962118345,1.660107421875182,5015.7249755859375,4959.175048828125,76.0,4.0,72.0,5011.439990234375,5044.022822203595,4978.857158265155,0.7694672117852366,1.300338107718065,5010.187467447917,5019.019986979167,5001.354947916667,5036.35009765625,4979.14990234375,9.667242685056465,107334.0,0.4900801406154962,15517.319958230744,725383.2082107548,304.8691703393942,5017.726313733362,4914.218227539062,4928.550217699601,52.088314128585516,1.2063975167798762,0.7258379860117308
955,5029.0,5032.0,5026.35009765625,5028.0,5028.0,2207.0,4982.87798828125,4984.152753851225,64.89256906134725,0.18114973284442742,-24.522836452283645,26.068932387407585,13.888319546018465,15.109049167294767,-1.220729621276302,36.36552340163569,5021.87125897006,0.2972193264346762,0.42224977449317547,0.04349756835847409,24.647808145275953,81.21246846841582,5.3125,5015.9749755859375,4959.175048828125,72.0,16.0,56.0,5013.6875,5044.2666104540085,4983.1083895459915,0.7340241391509121,1.2198251468209182,5012.512475585938,5021.352490234375,5003.6724609375,5036.35009765625,4982.14990234375,9.380289803534575,105127.0,0.47499427036353276,12985.274249912069,1190433.7798301375,304.43031569632393,5021.528896224129,4914.903227539063,4929.539767772241,51.064017808922245,1.2079155507416475,0.785665776248472
956,5030.89990234375,5034.0,5027.0,5029.7998046875,5029.7998046875,3677.0,4985.673984375,4985.942834276177,65.74321880637602,0.22641557578639324,-21.129977318548388,26.141890222886104,13.533972708694819,14.794033875574778,-1.260061166879959,35.6154881271279,5022.083270392765,0.21517841577007374,0.31505508045707253,0.042639446753164105,24.72418860081745,84.50791055020998,0.9375,5016.699951171875,4959.175048828125,68.0,12.0,56.0,5015.8125,5044.6166433798335,4987.0083566201665,0.742800219799157,1.1485334980058954,5014.71581217448,5023.665836588542,5005.765787760417,5036.35009765625,4982.14990234375,9.210269103282105,108804.0,0.45433914028468064,12075.646762201417,252234.38137408215,305.7465213120634,5023.242216733764,4915.619226074219,4930.537380079856,50.27490010966792,1.1614715503205082,0.8464164698634357
957,5029.0498046875,5035.0,5028.0,5034.9501953125,5034.9501953125,2309.0,4988.645986328125,4987.864691571718,68.1234671799476,0.35307634265386084,-5.312702677661448,25.57571662454029,13.512974607272554,14.537822021914334,-1.0248474146417799,35.687736305398595,5022.499529033125,0.36278856455872827,0.32713421550094524,0.04189778431258302,24.832988099653004,93.6727780069508,1.9599853515628638,5016.7874755859375,4959.175048828125,64.0,8.0,56.0,5018.040014648437,5045.4976482365155,4990.582381060359,0.8079322296624459,1.094356900619575,5016.949153645833,5025.786678059895,5008.11162923177,5036.35009765625,4984.75,9.052392738761954,111113.0,0.4540794476980026,12049.447503761929,303161.54179298395,308.110880215979,5024.791067298858,4916.281228027344,4931.5763135647585,49.624590498592546,1.1610510396975426,0.8339168241965974
958,5035.0,5035.0,5028.0,5028.0,5028.0,2321.0,4991.480986328125,4989.4386252355725,61.8755362100262,0.020603590326004593,-32.61744454405005,25.68192641314363,12.788097555790955,14.18787712868966,-1.399779572898705,33.83516631706999,5022.618894577629,0.1593625498007968,0.26425093316538906,0.040911781592171764,24.912756106945707,76.67381076301689,3.209887695312318,5016.449951171875,4959.175048828125,60.0,4.0,56.0,5019.940014648438,5044.4771990753625,4995.402830221513,0.6642402243738701,0.9775887502768581,5018.982486979167,5028.02001139323,5009.944962565105,5036.35009765625,4984.75,8.905793257421815,108792.0,0.42892579450281654,8023.611671751298,0.0,304.90699483587537,5025.7755214988,4916.906728515625,4932.535753230781,49.020731574022555,1.1270141779696163,0.8627632448042273
959,5031.0,5031.2001953125,5025.0498046875,5030.5498046875,5030.5498046875,2053.0,4994.381982421875,4991.0508283513345,63.20868724061869,0.09154489786343072,-26.304834030868708,24.996062155330947,12.277843857413245,13.805870474434379,-1.5280266170211334,32.703336328400745,5022.656041237945,0.14731597677977482,0.20871208571517819,0.03982414309577652,24.934816981067744,64.23221214316632,13.667700195312136,5016.699951171875,4959.175048828125,56.00000000000001,4.0,52.00000000000001,5022.032495117188,5042.327513916361,5001.737476318015,0.7098374397824971,0.8082392465164332,5020.997477213541,5030.202530924479,5011.792423502604,5036.35009765625,4984.75,8.708978783677399,110845.0,0.43779255283202356,7625.202721992185,-1011084.6741049683,305.9481143711652,5026.886953263199,4917.562478027344,4933.51101742438,47.83714275189971,1.0995572111329772,0.890845125417799
960,5032.0,5042.9501953125,5029.64990234375,5038.0,5038.0,12891.0,4997.442978515625,4992.8919723375575,66.85564404517358,0.28561134518309783,-17.90280426644063,24.718123851102973,12.33247156757352,13.511190693062208,-1.178719125488687,32.824119926560776,5023.923239210181,0.04567000810812331,0.26974748805178184,0.03892829943229309,25.097176441714517,126.70402845483994,6.6649169921875,5020.3375244140625,4962.47509765625,100.0,4.0,96.0,5024.2349853515625,5041.139217516947,5007.330753186178,0.9071469947219767,0.6729077049409287,5023.296638997395,5032.706697591146,5013.886580403645,5042.9501953125,4994.0,9.03692979689687,123736.0,0.41735933257462304,20255.954872198658,843460.8986727085,325.0395599391925,5029.35930194936,4918.255727539063,4934.550708793291,47.74867932479632,1.1040454596771159,0.834297971625334
961,5038.0,5042.25,5036.2998046875,5040.0,5040.0,3021.0,4998.642978515625,4994.739345971379,67.77900458129194,0.33474636609035674,-10.669633396906125,24.606196863511286,12.394274228610811,13.28780740017193,-0.8935331715611188,33.19656905373442,5025.208596340151,0.18088409296337876,0.2712808574322384,0.03820098250766602,25.225669940986645,143.885495170062,-6.5701904296875,5021.0875244140625,4962.47509765625,100.0,12.0,88.0,5026.1199951171875,5041.1205526086715,5011.1194376257035,0.9626496345449956,0.5969040733630241,5025.254972330729,5034.425040690104,5016.084903971354,5042.9501953125,5002.2998046875,8.816448762297092,126757.0,0.39266137071531115,18225.389890455994,585930.4681908645,326.23884536991926,5030.502681194155,4918.969228515625,4935.599955471965,47.666534713914594,1.124998110383819,0.8537172529515805
962,5040.0,5042.0,5035.35009765625,5037.7001953125,5037.7001953125,3420.0,4999.660986328125,4996.424085161228,65.51867145577862,0.2959538569612554,-18.98707353252808,24.365468462775425,12.11798962354078,13.053843844845701,-0.9358542213049219,32.85986807653082,5025.690638655694,0.36159399410780385,0.1329265678467364,0.03745286410901488,25.249843400267263,122.90940573934527,-5.03759765625,5021.5125732421875,4998.9501953125,96.0,8.0,88.0,5027.1875,5042.293408989177,5012.081591010823,0.8479663262909949,0.6009685928434894,5026.589143880208,5035.389192708333,5017.789095052083,5042.9501953125,5005.35009765625,8.661695446686585,123337.0,0.307573173134177,14498.143901640853,-116636.47074448434,324.67826361768704,5030.503493320404,4919.671979980469,4936.615878256448,47.388626747209344,1.0841464673330528,0.9512198994863164
963,5039.0498046875,5042.10009765625,5039.0498046875,5040.0,5040.0,3233.0,5000.664990234375,4998.13294456667,66.71409635755072,0.7869623235130575,-10.669633396906125,24.451045496323786,11.94689078126612,12.832453232129787,-0.8855624508636666,32.91224352634362,5027.576152106261,0.35542741661135346,0.14111461101814493,0.03673924476378873,25.263195380440614,133.66847986798527,-0.9323974609378638,5023.925048828125,4998.97509765625,92.0,4.0,88.0,5028.532495117188,5043.164429002336,5013.90056123204,0.8918656608492482,0.5819564216540719,5028.050805664063,5036.5208740234375,5019.580737304687,5042.9501953125,5010.0,8.357281653619685,126570.0,0.263483589715662,13489.161709218946,179253.28674457996,326.1541887951332,5030.864563195176,4920.394729003906,4937.6445759852395,47.139327669932705,1.0814794763264102,0.9403648653082652
964,5040.35009765625,5044.7001953125,5038.5498046875,5044.60009765625,5044.60009765625,2397.0,5002.034990234375,4999.955185864301,69.0271230022928,1.0,-0.3524516883295509,25.307661707261104,12.043651435466927,12.674692872797216,-0.6310414373302891,33.61681681964263,5029.371277333782,0.33813349649517677,0.33744169661728907,0.036186749130432426,25.338945078206827,144.2897143526397,-9.96240234375,5024.800048828125,4999.85009765625,100.0,4.0,96.0,5029.8125,5045.3366655768705,5014.2883344231295,0.9762767307211059,0.617286054972048,5029.381640625,5037.709228515625,5021.054052734375,5044.7001953125,5010.75,8.199646580146851,128967.0,0.2282145411512323,13137.34347676356,269428.8889567057,328.3419733352189,5033.028891416651,4921.135229492187,4938.708810031718,47.138247645086786,1.2000017836598917,0.8625600870426027
965,5044.60009765625,5044.60009765625,5038.0,5038.0,5038.0,4244.0,5003.225986328125,5001.447139359819,62.334216161540645,0.11220243469079982,-23.591912523210233,24.60471622242676,11.455707959080428,12.43089589005386,-0.9751879309734317,32.280023592619905,5029.747885878546,0.36156263614772327,0.34710732684987144,0.035437310032415334,25.316427730391684,108.25549413360483,-1.875,5024.800048828125,4999.85009765625,96.0,4.0,92.0,5030.875,5045.563953055208,5016.186046944792,0.7425291977318225,0.5839522172666983,5030.616642252605,5038.861735026042,5022.371549479167,5044.7001953125,5014.2998046875,8.08539308558279,124723.0,0.16132944205423974,7259.035201065195,-50535.095850327016,322.78934004201926,5034.220481847172,4921.838479003906,4939.696782071203,47.00142339689922,1.163915903313022,0.8168085764631505
966,5038.0,5040.60009765625,5034.2998046875,5034.5,5034.5,7915.0,5004.684990234375,5002.743329973159,59.06368770166505,0.0,-35.91568667904546,22.669140625000182,10.58531682562625,12.06178007716834,-1.4764632515420892,30.191729103262333,5029.827861016002,0.10936567906144362,0.21361615683130797,0.034382359633185186,25.18719896774404,59.10922883513635,-3.600000000000364,5027.112548828125,4999.85009765625,92.0,8.0,84.0,5031.6,5045.479403512332,5017.720596487668,0.604471348405678,0.5516894630865696,5031.486645507813,5039.616748046875,5023.35654296875,5044.7001953125,5015.2998046875,7.957885934380449,116808.0,0.06320374342291235,2264.530172341596,-306465.4856939069,317.29063023654095,5034.900382641914,4922.530229492188,4940.640097672485,45.98592427580189,1.1021462277041922,0.8885300708728843
967,5037.89990234375,5038.0,5034.2001953125,5037.85009765625,5037.85009765625,2060.0,5006.058994140625,5004.120065960731,61.16407411182166,0.21080945946668367,-25.65560879265572,20.665912224264503,10.05000031671625,11.659424125077923,-1.6094238083616723,29.020003874772282,5029.91883663291,0.19590488576471757,0.27879104727896864,0.03323158539872059,24.87095918509349,55.34995515044644,-2.535205078124818,5029.1875,4999.85009765625,88.0,4.0,84.0,5032.335009765625,5045.899994044951,5018.770025486298,0.703283976489026,0.5391129268223402,5032.216658528645,5040.211751302083,5024.221565755208,5044.7001953125,5015.2998046875,7.6608801310318455,118868.0,0.048797786124922665,2926.911743703511,-248989.3066072927,318.6614120762221,5035.469490530556,4923.229479980469,4941.607361353916,45.01946837942382,1.1671779594977165,0.8883869122187479
968,5037.85009765625,5037.89990234375,5034.0,5035.0,5035.0,2882.0,5007.532998046875,5005.331043766192,58.41792831206894,0.0,-49.363880329987076,18.21224006204102,9.288704659758878,11.185280232014115,-1.8965755722552373,27.244615338922664,5030.077876152016,0.10338771948047913,0.25431078988125966,0.03189005584239378,24.544482580257906,38.99853565361731,2.650195312499818,5031.10009765625,5001.175048828125,84.0,8.0,76.0,5032.3,5045.833640884866,5018.766359115134,0.599751427681928,0.5378709888069528,5032.386653645833,5040.026741536458,5024.7465657552075,5044.7001953125,5015.2998046875,7.392238860511713,115986.0,-0.13384087695689276,1335.3555738440814,-20317.717776540085,317.0309583536841,5036.170790469813,4923.915480957031,4942.536641340444,44.07159434960533,1.1630519251148004,0.9087411352335407
969,5036.7998046875,5037.89990234375,5034.0,5037.60009765625,5037.60009765625,2046.0,5009.03599609375,5006.59649685992,60.17464390153293,0.16558425410769104,-36.13209422522612,15.487522977941808,8.793808961959257,10.706985978003145,-1.9131770160438872,26.227248637353444,5030.315069478793,0.05263016000072927,0.15379840493041663,0.03051745680843148,24.23319409413813,45.33060434461078,-4.635009765625,5033.35009765625,5001.175048828125,80.0,4.0,76.0,5032.635009765625,5046.344009064334,5018.926010466916,0.6810886331831832,0.5448040349481982,5032.624153645833,5040.0417317708325,5025.206575520833,5044.7001953125,5015.2998046875,7.14278625217159,118032.0,-0.08637609560520106,1904.5618925359981,0.0,318.08752236653163,5036.482483520108,4924.617980957031,4943.482546378413,43.19142560763101,1.071512101578997,0.9177136966485804
970,5037.64990234375,5037.64990234375,5031.35009765625,5031.35009765625,5031.35009765625,1920.0,5010.072998046875,5007.567226302914,54.24251978003531,0.0,-67.93807772587218,12.690745634191444,7.807280321667349,10.127044846735986,-2.3197645250686367,23.585126852551717,5030.346649159427,0.06662883166766109,0.09153226031721207,0.028880032138913256,24.017340060597647,3.2490290038449605,-2.675219726562318,5032.8751220703125,5001.175048828125,76.0,20.0,56.0,5033.225024414062,5045.579370777548,5020.870678050576,0.42411873916074694,0.49091174360614726,5033.199161783855,5040.146720377605,5026.251603190105,5044.7001953125,5016.2998046875,7.082573283266477,116112.0,-0.06498096692925308,-81.8040921120014,-475750.4786054293,315.7054357047533,5036.805626108125,4925.296982421875,4944.356850371228,41.6620612866673,1.034330184304765,0.9427979239875529
971,5032.0,5032.0,5011.64990234375,5011.64990234375,5011.64990234375,7002.0,5010.762998046875,5007.727331245692,40.64220029984592,0.0,-100.0,8.534861845128944,5.373861614781163,9.176408200345021,-3.8025465855638583,16.069285731342024,5027.641833483286,-0.37570251915881925,-0.19205866103189917,0.026312531380746837,24.203765320191355,-181.20029278247102,5.299975585937318,5028.175048828125,5006.75,72.0,100.0,-28.0,5032.700024414063,5047.53555227,5017.864496558125,-0.20944971674492888,0.5895653539439683,5033.004996744791,5040.610050455729,5025.399943033854,5044.7001953125,5011.64990234375,8.030253595622442,109110.0,-0.152914738232565,-19775.941732971,-3683782.939875477,288.2891826313724,5034.731798749701,4925.856730957032,4945.026432977919,40.41205075484606,0.8243222285764135,1.0163808896083126
972,5012.0498046875,5019.9501953125,5012.0,5017.39990234375,5017.39990234375,4951.0,5011.613994140625,5008.106647759341,44.978540593524336,0.1527691422356634,-82.60227222361753,3.7311825022979974,3.864785857366769,8.114083731749371,-4.249297874382602,11.460318289155492,5026.855397449622,-0.40889435601925367,-0.3042569174310171,0.023405563494542207,24.375359762323093,-180.42631840192382,7.809985351562318,5028.175048828125,5006.75,68.0,96.0,-28.0,5032.190014648438,5048.335272261942,5016.044757034933,0.04196728665645959,0.6416791721499522,5032.500830078125,5040.1033935546875,5024.898266601563,5044.7001953125,5011.64990234375,8.049542122274412,114061.0,-0.13879176187304038,-12883.914342546575,-939355.2413398004,293.9695973759628,5033.39417592613,4926.43873046875,4945.74656700146,39.25132668958347,0.8265606384658447,1.1308175558968618
973,5020.0,5026.2001953125,5015.0498046875,5026.2001953125,5026.2001953125,4449.0,5012.67099609375,5008.816198643779,50.89163735056185,0.36108736874708475,-55.97529806314359,-0.275716624541019,3.340436075048274,7.159354200409153,-3.818918125360879,9.648294402953308,5026.8306489455135,-0.27380564856150796,-0.1401197768665533,0.020693226448022482,24.512892508231666,-114.32444641102421,5.192675781249818,5028.1500244140625,5006.75,64.0,92.0,-28.0,5032.50751953125,5047.901901066883,5017.113137995618,0.2951420067070895,0.6117976565712641,5032.550838216146,5040.110921223959,5024.990755208333,5044.7001953125,5011.64990234375,8.271031301040525,118510.0,-0.0675269187079253,-5450.1403767586735,1165390.5934123518,301.772942570688,5032.763338592994,4927.054731445312,4946.547100616495,37.09251618085538,0.8907093107584804,1.0308290876250337
974,5027.10009765625,5031.5498046875,5024.0498046875,5028.14990234375,5028.14990234375,2635.0,5013.80099609375,5009.574383102601,52.11935853824941,0.40433995042777127,-50.07608551125031,-3.036619657628762,3.047085255780985,6.33690041148352,-3.2898151557025352,8.640046495310747,5026.898015230297,-0.18957644557007175,-0.16790443765009977,0.01826330286368543,24.59784108766848,-54.76908751801945,7.534985351562682,5027.1500244140625,5006.75,60.0,88.0,-28.0,5032.465014648437,5047.902533330613,5017.027495966262,0.36023944671659924,0.613517178449924,5032.645833333334,5039.928426106771,5025.363240559896,5044.7001953125,5011.64990234375,8.215957636680487,121145.0,-0.10091257123520116,-3937.6234618868993,2042164.5220588234,302.7950821249652,5031.504731382142,4927.6844799804685,4947.359068792885,34.58480045712768,0.9279038589519777,1.0958082966020775
975,5028.64990234375,5029.7998046875,5025.9501953125,5028.64990234375,5028.64990234375,807.0,5014.722998046875,5010.3224426806855,52.44768154966491,0.41590676055641734,-48.56323961765184,-5.199854951745692,2.8224134144093114,5.634003012068678,-2.811589597659367,7.949002658531584,5026.946534060757,-0.22520035032242064,-0.22995173840244265,0.016110742580602692,24.440052367522554,-51.532854012803334,12.102587890624818,5026.5,5006.75,56.00000000000001,84.0,-27.999999999999993,5032.497509765625,5047.8999934792755,5017.095026051975,0.37509782534406216,0.6121208677703908,5032.613330078125,5039.805908203125,5025.420751953125,5044.7001953125,5011.64990234375,7.904075617989024,121952.0,-0.08646187017505143,-3317.462967331628,35870.208172993145,302.875330329143,5030.965818944245,4928.317729492188,4948.167932808317,32.25620728509482,0.8784743425588496,1.1084260809612922
976,5029.85009765625,5035.0,5029.14990234375,5033.2001953125,5033.2001953125,7536.0,5015.947998046875,5011.219609450561,55.44214926564642,0.5214017709664116,-34.795455552764935,-3.8189725988058854,2.9772105457186626,5.102644518798676,-2.125433973080013,8.287026662331844,5026.984990076026,-0.2259822805190536,-0.13353684439307267,0.014381932896170936,24.329818802456444,-3.202543286733089,5.332470703125182,5026.4749755859375,5008.175048828125,52.0,80.0,-28.0,5032.667529296875,5048.02214126993,5017.312917323819,0.5173454730266032,0.6101977483579419,5032.722501627604,5039.857584635416,5025.587418619792,5044.7001953125,5011.64990234375,7.793077192150522,129488.0,-0.03691505280491942,2055.175715501461,326036.6840094265,309.6944584208636,5030.705649196545,4928.97373046875,4949.014024972538,30.809666407090486,0.9150242533811486,1.0485610977742212
977,5030.0,5031.89990234375,5025.14990234375,5026.0,5026.0,2418.0,5016.872998046875,5011.799232609363,50.06925080353344,0.33211471465007303,-56.58102737601016,-1.8487132352938715,2.490187469301418,4.580153108899224,-2.089965639597806,6.911091264840681,5026.951951978135,-0.23818975784041285,-0.23512066386562624,0.012703144780765516,24.256941459069562,-53.72367766340946,2.279980468750182,5026.4749755859375,5008.275146484375,48.0,76.0,-28.0,5032.22001953125,5047.8024495548025,5016.637589507697,0.30041561162641733,0.6193063881576529,5032.4741617838545,5039.596744791667,5025.3515787760425,5044.7001953125,5011.64990234375,7.811449747621913,127070.0,-0.08780059852566383,-725.5739960880328,-991018.5934592121,306.23541216996347,5029.981005646689,4929.602980957031,4949.780054574802,28.841840491015553,0.8434132677851773,1.0785339316508036
978,5028.75,5033.39990234375,5026.0,5032.35009765625,5032.35009765625,2202.0,5017.91900390625,5012.605148885711,54.277658879384674,0.6285934265619453,-37.17732135977001,-0.4807803883277302,2.586798974951307,4.1814822821096405,-1.5946833071583333,7.07069124510824,5026.995274410067,-0.04270339346012514,-0.22987937745021902,0.011352100195829131,24.154379221468616,-21.392845949351273,5.412573242187136,5026.4124755859375,5008.275146484375,44.0,72.0,-28.0,5032.437524414063,5047.899237224668,5016.975811603458,0.49717279841878514,0.6144820570784904,5032.486661783854,5039.629239908854,5025.344083658854,5044.7001953125,5011.64990234375,7.782053504488205,129272.0,-0.03925326168252334,1375.638723219186,394879.4994215658,309.0175281745522,5029.4352534480295,4930.270732421875,4950.601647043274,27.225782581335945,0.8583120373115714,1.0881914147617904
979,5030.14990234375,5032.35009765625,5023.75,5024.0,5024.0,2016.0,5018.795,5013.052005792154,48.49006125947733,0.38241444380443046,-57.34019227525721,-0.8182329963237862,1.9669079030963985,3.7385674063069922,-1.7716595032105937,5.339754271077914,5026.895495379614,-0.2749207973197427,-0.2505898594956989,0.009931859283567148,24.047246065115775,-62.413518424045975,2.889965820312682,5025.75,5010.300048828125,40.0,68.0,-28.0,5032.110034179687,5047.98961950543,5016.230448853945,0.2446396107541896,0.631130289992997,5032.375,5039.640063476562,5025.109936523438,5044.7001953125,5011.64990234375,7.840485229614048,127256.0,-0.08321657857505871,-1225.7092193835547,-703835.380928857,305.67241176803657,5028.428154019562,4930.897983398438,4951.33197891349,25.368175612054266,0.8449142799096857,1.0955041394053846
980,5023.25,5025.0,5017.0498046875,5019.2998046875,5019.2998046875,11389.0,5019.6,5013.29701751354,45.5460658687426,0.23895798277616268,-70.96822014268507,-2.2595774931060078,1.0838789996132618,3.207629724968246,-2.1237507253549843,2.9732193626730177,5026.672199604495,-0.31182115814299904,-0.30586571859826517,0.008324277436516187,24.052283202201924,-113.6202160623974,6.425073242187864,5025.8375244140625,5010.300048828125,36.0,64.0,-28.0,5031.175024414062,5047.744463557433,5014.605585270691,0.14165293635441956,0.6586707503899847,5031.554158528646,5038.551717122396,5024.556599934896,5044.7001953125,5011.64990234375,7.848321664105902,115867.0,-0.18969102276020586,-8697.82567576626,-490396.7569558695,295.0174506983583,5025.5837291300595,4931.496733398438,4952.008275687362,24.416987094249045,0.8193638727745549,1.12522959137282
981,5018.35009765625,5022.2001953125,5017.7001953125,5020.75,5020.75,2007.0,5020.36900390625,5013.589291336538,46.622865562024636,0.3061913493333814,-65.33296130952381,-4.6374813304228155,0.49538043634765927,2.6651798672441287,-2.1697994308964694,1.3995851890452489,5026.490852717029,-0.3344866073051239,-0.29879398346808805,0.006700462686169681,24.031902499195276,-103.45182481426332,1.1375732421875,5026.5999755859375,5010.300048828125,32.0,60.0,-28.0,5030.2125244140625,5046.8558677234505,5013.5691811046745,0.2157264547705094,0.6617351942332368,5030.589168294271,5037.514217122396,5023.664119466146,5044.7001953125,5011.64990234375,7.609155830955481,117874.0,-0.19246683564402503,-7039.4874374871515,-240965.702073991,295.5973208207745,5024.963809873396,4932.116982421875,4952.692272944204,23.53374061342991,0.8274718821988346,1.1262658656669227
982,5016.64990234375,5019.9501953125,5016.0,5018.5,5018.5,1300.0,5021.02,5013.78186814687,45.13169270988511,0.22984796483177525,-73.90438988095238,-6.379062787224029,-0.15082647716644715,2.1019785983620136,-2.2528050755284608,-0.3346405361308815,5026.441126783724,-0.25540058645960556,-0.3299631158377814,0.005035056602745388,23.981960997689292,-110.14653703895964,-17.602612304687682,5026.8375244140625,5011.75,28.000000000000004,56.00000000000001,-28.000000000000004,5029.252514648438,5046.26833093938,5012.236698357496,0.18404352560618678,0.6766737697652252,5029.579166666667,5036.369230143229,5022.7891031901045,5044.7001953125,5011.64990234375,7.4049304144586605,116574.0,-0.17999909619822843,-6451.70351784613,-600155.5002652681,295.0147385372511,5024.211933549382,4932.736982421875,4953.347076198491,22.946968496546475,0.8077093725210751,1.1376724883588565
983,5018.5,5022.2001953125,5016.0,5022.2001953125,5022.2001953125,1562.0,5021.70400390625,5014.111998623953,48.073055589008426,0.5020865481586197,-59.42195012019231,-8.114476102941808,-0.3602228491263304,1.609538308864345,-1.9697611579906753,-0.9509225485707274,5026.376693020002,0.21051536269155682,-0.30291605586327375,0.003547321055328879,23.96503158423501,-83.3114356748109,-10.962622070312136,5026.8375244140625,5011.925048828125,24.0,52.0,-28.0,5028.362524414062,5044.891741785273,5011.833307042852,0.31359283494283063,0.6574393668299244,5028.566674804688,5035.514233398438,5021.619116210937,5044.7001953125,5011.64990234375,7.3188779071758985,118136.0,-0.14636649259667242,-4704.359432707398,446556.9607274328,296.16641833761486,5023.608186871411,4933.369982910156,4954.032181861317,21.98791089927882,0.8116852906838949,1.1146013465471687
984,5020.0498046875,5025.0,5020.0498046875,5025.0,5025.0,1304.0,5022.561005859375,5014.538979070072,50.24645164907361,0.6489381396801471,-42.826373350620024,-9.201123046875182,-0.2968284891330768,1.2282649492648607,-1.5250934383979375,-0.8472133087245863,5026.360084450964,0.151474823697027,-0.2179244528563431,0.0023443780944017952,23.95710157622992,-45.68895290111667,-1.182324218750182,5026.8375244140625,5011.925048828125,20.0,48.0,-28.0,5027.38251953125,5042.177888595634,5012.587150466867,0.4194842818424329,0.5885913398037209,5027.603336588542,5034.490885416667,5020.715787760417,5044.60009765625,5011.64990234375,7.149686293270477,119440.0,-0.16254043696102596,-3510.7444691063415,1300111.358151114,296.89337966343135,5023.235293306653,4934.027731933594,4954.738329305484,20.603490515593624,0.8703338398244165,1.0882582926807596
985,5022.85009765625,5026.85009765625,5022.14990234375,5026.4501953125,5026.4501953125,1620.0,5023.429013671875,5015.006085589383,51.38154276723065,0.611930584786266,-37.17306385869565,-8.56787109375,-0.12809278627082676,0.9569934021577232,-1.08508618842855,-0.4448033801038887,5026.3609056436,0.004973936379079235,0.05676407963652763,0.0014356507518638536,23.81551962562206,-19.895065668434594,1.3448730468753638,5026.4375,5011.925048828125,16.0,44.0,-28.0,5026.805029296875,5040.77630816665,5012.833750427099,0.4873013062124804,0.5558711264251865,5026.850838216145,5033.643391927083,5020.058284505208,5040.60009765625,5011.64990234375,6.9747226517868715,121060.0,-0.0888221526095712,-2673.5929154840073,573045.9719528387,297.3609053164164,5024.030290923429,4934.683732910156,4955.451880211026,19.260772633053506,1.0801027835484156,1.023338703911888
986,5024.25,5026.9501953125,5015.60009765625,5016.60009765625,5016.60009765625,1325.0,5024.01501953125,5015.068595866514,44.033254660095224,0.0,-92.2291840031328,-8.163914579504308,-0.7801954784154077,0.609555626043097,-1.3897511044585047,-2.2587661982822365,5025.637043262983,-0.22970287107224743,0.10894100053695188,0.00037750810865847336,23.89097248200801,-75.49850460814295,2.7398681640625,5026.3375244140625,5011.925048828125,12.0,40.0,-28.0,5025.9100341796875,5040.086711482618,5011.733356876757,0.1716460308540306,0.5641436956300074,5026.013346354166,5033.058390299479,5018.968302408854,5038.0,5011.64990234375,7.287249437819952,119735.0,0.001593151090943076,-4156.133841062185,-2762445.458826029,294.76436523596306,5024.777635992312,4935.279233398437,4956.060320185606,18.78015816895791,1.0102773581970463,0.9013363576600945
987,5019.25,5022.10009765625,5015.7998046875,5018.0,5018.0,849.0,5024.567021484375,5015.183552891357,45.23205638149069,0.10507606239189651,-87.62930709018147,-7.870418772978155,-1.1705379080485727,0.25353691922476307,-1.4240748272733357,-3.4010157730165247,5025.39399355356,-0.21178452567927425,-0.03623640012675611,-0.0006816162742638086,23.96899935269026,-81.33809941323355,8.282666015625182,5026.0750732421875,5013.425048828125,8.0,36.0,-28.0,5024.917529296875,5038.372588589262,5011.462470004488,0.24293947181678963,0.5355335371750752,5025.11083984375,5032.280908203125,5017.940771484375,5037.89990234375,5011.64990234375,7.216752547172098,120584.0,-0.03298671380749561,-3392.6122795041942,-1725490.1859027338,295.0012820853646,5024.905696610407,4935.894233398438,4956.67663540764,18.333873309440573,0.9799883806908207,1.0162247808175768
988,5017.14990234375,5023.75,5016.7998046875,5017.0498046875,5017.0498046875,2465.0,5025.108017578125,5015.256739236304,44.53476183842567,0.043957560804044254,-92.52724572751755,-7.510457835478519,-1.5388213418573287,-0.10493473299165529,-1.4338866088656734,-4.538330434638375,5024.570308989035,-0.32087717552028067,-0.16376040039529471,-0.0017315043890937104,24.133342014716455,-67.90613195282347,1.97998046875,5024.72509765625,5013.425048828125,4.0,32.0,-28.0,5024.02001953125,5037.053265498927,5010.986773563573,0.23259866110728683,0.5188373420889933,5024.289168294271,5031.611751302084,5016.966585286458,5037.89990234375,5011.64990234375,7.1977127446955205,118119.0,-0.04750717463424038,-3242.5578746196666,373576.85290292115,294.5345161536562,5024.338729076058,4936.514482421875,4957.277363460176,17.601820256254154,0.8928188126281785,1.0565792130234732
989,5017.64990234375,5019.2001953125,5015.0,5017.7001953125,5017.7001953125,904.0,5025.688017578125,5015.352561043214,45.15796488645546,0.09858187539159038,-86.4990234375,-8.240273150276153,-1.7579430553332713,-0.4355363974599785,-1.3224066578732927,-5.32070871329445,5024.3106168018585,-0.16513737937723835,-0.23359727309296452,-0.002701474410346533,24.223481986398088,-88.42718342540067,9.3250732421875,5024.5750732421875,5014.72509765625,4.0,28.000000000000004,-24.000000000000004,5023.0250244140625,5034.730141695662,5011.319907132463,0.2725426848164373,0.46605848964347907,5023.329174804688,5030.666772460938,5015.9915771484375,5037.64990234375,5011.64990234375,6.983604356681554,119023.0,-0.07268587714680497,-2695.342017531143,-1475088.4697500584,294.65170716189596,5024.096419572947,4937.127734375,4957.878585667663,17.213326878230443,0.8531164651832406,1.086713738276205
990,5019.89990234375,5019.9501953125,5014.64990234375,5015.14990234375,5015.14990234375,699.0,5026.11201171875,5015.344613643236,43.11240849473323,0.0,-97.33333333333333,-9.292029526654915,-2.1130282465283017,-0.7710347672736432,-1.3419934792546586,-6.541171317376455,5024.0851268849065,-0.34179250208586964,-0.32400338362368963,-0.003670088227954939,24.279003755577985,-93.51301033762255,1.784985351562682,5024.4625244140625,5014.72509765625,8.0,24.0,-16.0,5022.215014648437,5033.7444312824755,5010.685598014399,0.19360495292411134,0.4591367195713443,5022.48583984375,5029.773461914063,5015.198217773437,5035.0,5011.64990234375,6.863367828972158,118324.0,-0.05141854796549364,-2564.958127191873,151616.5651476946,294.29643388613874,5021.969018615609,4937.723483886719,4958.448449515186,16.69618960712295,0.8179856731376686,1.1419890567613582
991,5015.14990234375,5019.0,5015.0,5017.85009765625,5017.85009765625,742.0,5026.423017578125,5015.4428679182565,45.90632468187152,0.2502331869761743,-82.93229166666667,-9.72058823529369,-2.151748605053399,-1.0471775348295944,-1.1045710702238045,-6.859707189465829,5023.985800269865,-0.12241047658738058,-0.2644786455035941,-0.004484129951701161,24.282440297278573,-80.52599216602988,-3.2252197265625,5023.4625244140625,5014.72509765625,4.0,20.0,-16.0,5022.5250244140625,5033.203470189068,5011.846578639057,0.28110453261115564,0.4252222028998741,5022.4283447265625,5028.898461914063,5015.958227539062,5035.0,5012.0,6.6588415554741465,119066.0,0.08012538058292232,-1912.314834468034,-161751.38982479784,294.695932397826,5021.399843724503,4938.332485351562,4959.03951069072,16.215990712523134,0.8743605976905882,1.1388392431941823
992,5017.89990234375,5019.0,5017.89990234375,5019.0,5019.0,348.0,5026.476015625,5015.582363294012,47.09789383817383,0.48197129374184383,-75.42344827586207,-9.436763269761286,-2.065833615165502,-1.250908750896776,-0.8149248642687261,-6.819486710114783,5023.957316237702,-0.005973038056424003,-0.2781147585507614,-0.005106234611459071,24.22677406311942,-62.46770813150872,-1.855029296874818,5022.8125,5019.35009765625,8.0,16.0,-8.0,5022.605029296875,5033.151848022038,5012.058210571711,0.3290939955062655,0.41997404389331594,5022.537508138021,5028.665120442708,5016.4098958333325,5035.0,5014.64990234375,6.265345897493851,119414.0,0.05834999718181088,-1581.9604273118864,458358.5878898357,294.7756808972505,5020.657298997447,4938.929736328125,4959.636132474892,15.770091738966162,0.8893757506623935,1.167490509213155
993,5018.89990234375,5024.89990234375,5017.85009765625,5021.0498046875,5021.0498046875,1131.0,5026.635009765625,5015.796772760424,49.24421410237356,0.7415293313151659,-47.96951292128141,-9.018214326745692,-1.8114618546815109,-1.363019371653723,-0.4484424830277878,-6.224180161770447,5023.932906112006,0.00597131280187223,-0.16823988382396382,-0.005483413499570112,24.296666946343,-19.13763581023637,-3.847509765624636,5022.7874755859375,5023.5,4.0,12.0,-8.0,5022.347509765625,5032.781532046926,5011.913487484323,0.4378137671581266,0.41550379622331396,5022.47666829427,5028.399251302083,5016.554085286458,5035.0,5014.64990234375,6.321378668208576,120545.0,-0.03797861949119279,-1024.77620890126,1823255.7860019458,295.2375914574342,5020.241562710774,4939.540485839843,4960.2472137904415,15.195405121228289,0.9149416658462144,1.0831815496701782
994,5021.9501953125,5027.85009765625,5021.9501953125,5027.85009765625,5027.85009765625,1338.0,5026.81201171875,5016.269452168103,55.669907837628074,1.0,-0.0,-7.122913315717597,-1.049050787226406,-1.3002256547682598,0.2511748675418537,-3.8460386933245707,5023.99177588815,0.18631259651788384,0.09910899929444228,-0.005405300711459538,24.4198680110895,57.14088038611271,-0.13232421875,5023.012451171875,5025.025146484375,28.000000000000004,8.0,20.000000000000004,5022.33251953125,5032.733964859225,5011.931074203275,0.765231318870669,0.4142077525741336,5022.375016276042,5028.217594401041,5016.532438151042,5035.0,5014.64990234375,6.355586832532963,121883.0,-0.014259503495675691,421.44781982570566,1554411.0616760938,297.0497208618653,5020.53577971472,4940.199736328125,4960.919879301544,15.187407837021842,1.0402854698826776,0.9411764705882353
995,5026.0,5026.75,5020.0,5024.4501953125,5024.4501953125,1245.0,5026.966015625,5016.590265624746,52.11735661453823,0.7170972399771686,-25.75645483465266,-5.440278894760922,-0.7109824650779046,-1.1823770168301888,0.4713945517522842,-2.767814303073066,5023.99661537126,0.04480108144832718,0.08399094708354793,-0.005147064566395971,24.53777534922598,27.478694381264248,2.877465820312864,5022.949951171875,5027.35009765625,24.0,4.0,20.0,5022.122534179687,5032.168863586109,5012.076204773265,0.6158463473895711,0.40008300626073884,5022.155021158854,5028.142618815104,5016.167423502604,5035.0,5014.64990234375,6.462337605655608,120638.0,-0.012503081449642102,-243.4559284306451,-826886.6481551204,296.20783450174054,5020.810330205997,4940.842736816407,4961.552021749414,14.738365296737445,0.9932522243111521,0.9092612772276042
996,5024.4501953125,5028.0,5022.0498046875,5027.2998046875,5027.2998046875,722.0,5027.11201171875,5017.0102475487765,54.72519121082221,0.9247687297439204,-5.244870341245748,-3.433823529411711,-0.2106924908584915,-0.9880401116358495,0.777347620777358,-1.0976768184691974,5024.350867844522,0.04576725746268657,0.1703840071750572,-0.004658415456552791,24.285456907994003,77.01266933018941,4.6226806640625,5022.324951171875,5027.72509765625,20.0,76.0,-56.0,5021.8275146484375,5030.849626329999,5012.805402966876,0.8032710208102376,0.3593158727672278,5021.8216796875,5027.814282226563,5015.829077148437,5033.39990234375,5014.64990234375,6.42575601328735,121360.0,-0.07721234347145658,85.24034259516131,1359728.696934074,296.61731571635573,5021.243993235399,4941.486235351563,4962.206228544818,14.554072337022461,1.048331327149567,0.8779473199745097
997,5027.60009765625,5028.0,5025.14990234375,5027.85009765625,5027.85009765625,7190.0,5027.206015625,5017.435339709854,55.23225253220813,0.9651478934245317,-1.1228557843531692,-1.3970588235297328,0.2275716572858073,-0.7449177578515181,0.9724894151373255,0.42969049875901943,5024.698738971865,0.02785071550207545,0.18827906404698214,-0.004005876626521979,24.02292273678241,102.55757465131913,-5.319921874999636,5022.4124755859375,5028.175048828125,16.0,72.0,-56.0,5021.92001953125,5031.146971628047,5012.693067434452,0.8213454487890198,0.3674671066409678,5021.787516276041,5027.585123697916,5015.989908854166,5033.39990234375,5014.64990234375,6.170351844927539,128550.0,0.12608068514559836,638.2926429833526,61443.54008500865,297.4043398842049,5023.214578009144,4942.148735351562,4962.8594013717975,14.38294316014426,1.0894136457276389,0.9011345816806567
998,5026.0,5026.4501953125,5019.7001953125,5026.25,5026.25,4449.0,5027.01701171875,5017.781012662409,53.36086417969988,0.8161223349587773,-13.108518342416152,-0.5114372702200853,0.4407044770450739,-0.5077933108721997,0.9484977879172736,1.2431375097038697,5024.8314484568,0.192359409877188,0.013324032914026285,-0.003325929573326508,23.806479351702787,59.27225018645936,-3.615014648437864,5023.074951171875,5028.175048828125,12.0,68.0,-56.0,5021.615014648438,5029.785508716465,5013.44452058041,0.7836416814559378,0.32541300136284745,5021.465022786459,5027.230135091146,5015.699910481771,5032.35009765625,5014.64990234375,6.311748309129143,124101.0,0.17819544112494343,-469.8683735365905,-530981.1654479939,295.98845947122794,5023.370873863779,4942.813486328125,4963.490153596954,13.713799959671116,0.9539983921308994,0.9406743592168731
999,5022.9501953125,5028.0,5020.89990234375,5024.5,5024.5,1460.0,5026.889013671875,5018.044502361922,51.31311940406877,0.6530528639028426,-26.217036684832305,-0.10588522518355603,0.46306546714731667,-0.31362155526829644,0.776687022415613,1.4065583834373427,5024.814562114243,0.1295336787564767,-0.001177599191190426,-0.0027183608610927812,23.714685477619025,72.38503936558573,-4.5902099609375,5023.1624755859375,5028.175048828125,8.0,64.0,-56.0,5021.6400146484375,5029.842542940737,5013.437486356138,0.6743355981013449,0.3266872284103316,5021.353352864584,5027.043465169271,5015.663240559896,5028.0,5014.64990234375,6.368058976780633,122641.0,0.2240183172964602,-767.7443201742205,668554.8530866022,295.4801282103476,5023.319300298683,4943.477985839843,4964.097216745244,12.756460473984516,0.9447045374907371,0.9458821366819276
1000,5024.4501953125,5032.0,5024.4501953125,5029.64990234375,5029.64990234375,3214.0,5027.091015625,5018.4996160866995,56.59228760684645,1.0,-13.54515520783497,1.1354535271138957,0.8861260826306534,-0.07367202768850648,0.9597981103191598,3.0413412562436815,5025.499414904293,0.2511455565874102,0.17117859290438975,-0.001979877156546472,23.789699716360257,143.0871691815305,-4.457324218749818,5024.875,5028.175048828125,4.0,60.0,-56.0,5022.15751953125,5030.9862549343015,5013.328784128198,0.9243180065125963,0.35159133773549045,5021.765861002604,5027.435953776041,5016.095768229166,5032.0,5014.64990234375,6.452469384689159,125855.0,0.4466587038368697,1706.4743159667391,886795.8501472782,298.77434378061605,5024.144049532454,4944.186235351563,4964.749482273587,12.616361960799393,1.0665003006614553,0.8953217077570655
1001,5029.0498046875,5033.0,5029.0,5032.0,5032.0,2702.0,5027.288017578125,5019.029042906829,58.78835228838743,1.0,-5.449562278811102,2.4804759306061896,1.3949577045741535,0.22005391876402552,1.1749037858101279,5.066945701118215,5026.402225890964,0.2849872278311641,0.3054477718161509,-0.0010901821278040038,23.828520736913283,165.42725188735562,-7.570117187499818,5025.125,5028.175048828125,8.0,56.00000000000001,-48.00000000000001,5022.72001953125,5032.500592414598,5012.939446647902,0.9744088398211158,0.38945323829780165,5022.321687825521,5027.966780598958,5016.676595052084,5033.0,5014.64990234375,6.2772930000685045,128557.0,0.45560470781792944,2369.829966141134,410792.35288675054,300.0368499173212,5024.986584067732,4944.909484863281,4965.41864165395,12.670705321788114,1.1235727679483134,0.8181249961321625
1002,5032.89990234375,5033.0,5029.4501953125,5030.9501953125,5030.9501953125,1244.0,5027.35501953125,5019.496539079601,57.39155462708347,0.9108954663470153,-11.170538303930178,3.5494715073527914,1.693972901059169,0.5148377152230543,1.1791351858361148,6.396862469624377,5026.884703803914,0.3150512602099089,0.2900695230396121,-0.0001760964522949355,23.81064541154376,143.2505175584329,-5.492431640625,5025.1875,5028.175048828125,4.0,52.0,-48.0,5023.342529296875,5033.545223941062,5013.139834652688,0.8728263111333611,0.406211385533987,5022.970857747396,5028.5959309895825,5017.345784505208,5033.0,5014.64990234375,6.082472406313611,127313.0,0.44156453181412003,1844.7175379424007,64232.533384366056,299.7773195057056,5025.7866048343485,4945.5992358398435,4966.070696914234,12.721167014134787,1.121856103476152,0.83178658043654
1003,5031.75,5033.0,5031.0498046875,5031.14990234375,5031.14990234375,896.0,5027.581015625,5019.953533717411,57.597949356639496,0.9240618014827393,-10.082222399616828,5.454855526194478,1.9248705771387904,0.7968442876062016,1.1280262895325888,7.56378428091671,5027.271556094164,0.2650498605710064,0.40694709794236494,0.0007231475508304459,23.692505629667078,136.40390398332943,-4.790014648437136,5025.1875,5028.175048828125,92.0,48.0,44.0,5023.790014648437,5034.524260538827,5013.055768758048,0.8428227641916727,0.42733656697793654,5023.550846354167,5028.9634195963545,5018.138273111979,5033.0,5014.64990234375,5.794424712112638,128209.0,0.38376499336288644,1606.7489610934865,174082.07058906555,299.81288684250154,5026.2614022885855,4946.292236328125,4966.718251197115,12.768024299885266,1.1704155877007876,0.7634684897584226
1004,5032.0,5035.0,5023.5,5025.39990234375,5025.39990234375,3121.0,5027.509013671875,5020.167116800797,50.07658254042848,0.32372682204528036,-48.00048828125,6.569277056525607,1.6251480090859332,0.962505031902148,0.6626429771837852,6.539465990321798,5027.242605101637,0.12751349559175135,0.3004394848942413,0.0013488407785625575,23.77039365079869,66.92974080240803,-2.760205078125182,5026.0875244140625,5028.175048828125,88.0,44.0,44.0,5023.810009765625,5034.554681486278,5013.065338044972,0.5739851630398711,0.4277499228580233,5023.781681315104,5029.521744791667,5018.041617838541,5035.0,5014.64990234375,6.201965804104593,125088.0,0.2751449040857848,-1186.4651762055826,-1022472.827719481,296.24595873494513,5026.666979052851,4946.958486328125,4967.30214822345,12.636953661800181,1.0666286107121374,0.7661891258178961
1005,5024.0,5025.0,5021.0,5024.9501953125,5024.9501953125,318.0,5027.448017578125,5020.354688507138,49.53180348066202,0.20819625276917336,-58.59977792329812,5.489697265625182,1.335928364852407,1.0371896984921998,0.2987386663602072,5.539387843299589,5027.228517878856,0.0776807794529087,0.15009435863610543,0.001744263019365217,23.765981809934033,-0.918497142231174,4.115087890624636,5026.0875244140625,5028.175048828125,84.0,40.0,44.0,5023.735009765625,5034.42572344884,5013.044296082411,0.5568336961816981,0.425608184445738,5023.706681315105,5029.411735026042,5018.001627604167,5035.0,5014.64990234375,6.073246985507836,124770.0,0.2565536721581749,-1037.399699024428,-7861635.220125786,296.2175019277822,5026.871324560869,4947.609736328125,4967.875760632296,12.967144274845605,1.0256447840133873,0.8755504253772819
1006,5022.7001953125,5029.9501953125,5022.35009765625,5025.4501953125,5025.4501953125,1392.0,5027.361025390625,5020.554512303427,50.180748540403684,0.09812666369421755,-55.68430942687128,4.220460420496238,1.1339935625064754,1.0565504712950549,0.07744309121142057,4.867020016783965,5027.20201673634,-0.047732177712870215,0.1782454633308279,0.0019844589406952657,23.886232740410392,31.774934014841644,0.2726806640621362,5026.0875244140625,5028.175048828125,80.0,36.0,44.0,5024.177514648438,5034.371390010711,5013.983639286164,0.562423789718491,0.40579280220702185,5024.016682942709,5029.534236653646,5018.499129231771,5035.0,5014.64990234375,6.182307747703705,126162.0,0.2790064670499094,-789.7711705923668,1719929.6632717396,296.35601076328254,5026.92188583393,4948.256987304688,4968.448640579363,12.171985902983659,1.0063691387816691,0.8281236754508412
1007,5027.5498046875,5029.0498046875,5025.4501953125,5025.7001953125,5025.7001953125,961.0,5027.176025390625,5020.75630379398,50.52331545997376,0.10711464930474239,-60.783813110359354,3.2305879480691146,0.9828025514088949,1.041800887317823,-0.05899833590892811,4.384860423816194,5027.175660440871,0.024878343926389646,0.1416520976448219,0.0021161871460135327,23.983117105458238,40.54388405193519,2.737280273437136,5026.387451171875,5028.175048828125,76.0,32.0,44.0,5024.562524414063,5034.368315491671,5014.756733336455,0.5580101538689254,0.3903142225800588,5024.421687825521,5029.804207356771,5019.039168294271,5035.0,5014.64990234375,5.997829292510583,127123.0,0.2625115855480882,-642.6252890791717,411971.1785609218,296.40381742550437,5027.12732647002,4948.906987304687,4969.018307790638,11.43362455768328,1.044607695975418,0.9029555983305961
1008,5024.2001953125,5024.85009765625,5015.0,5016.0,5016.0,1522.0,5026.936025390625,5020.569782076569,39.24674532800343,0.0,-95.0,1.042227711396663,0.07934327218481485,0.8493093642912214,-0.7699660921064065,0.4350135034087725,5026.22374286047,-0.22476886452970163,-0.10074886994850119,0.0017883816190843282,24.187516972108707,-100.45164985736037,3.340063476562136,5024.9124755859375,5028.175048828125,72.0,28.000000000000004,44.0,5024.510034179688,5034.485889586076,5014.5341787733,0.07346844791684488,0.3970876896862231,5024.392529296875,5029.9200439453125,5018.865014648438,5035.0,5014.64990234375,6.333712579652684,125601.0,0.2996554629660693,-2659.9212857285756,-4740570.589371329,293.4661775560599,5026.756420763676,4949.517736816406,4969.485787315109,12.456116557910523,0.8894685946881957,0.9902174646366969
1009,5016.7001953125,5018.0,5004.2001953125,5007.0,5007.0,5458.0,5026.465029296875,5020.037633759841,32.09018794863455,0.0,-90.90966739592251,-2.094373276654551,-1.3473481092260045,0.4099778695877762,-1.7573259788137807,-5.764302377803097,5023.579936376087,-0.4146921099729951,-0.25161402345661465,0.0008134928826866016,24.57185944656025,-223.41644240026548,2.274975585937682,5019.60009765625,5024.4501953125,68.0,100.0,-32.0,5023.975024414062,5036.239535313697,5011.7105135144275,-0.19203837613156363,0.488239326033084,5024.014192708333,5030.021687825521,5018.006697591146,5035.0,5004.2001953125,6.86700487307035,120143.0,0.17846027246226898,-9297.361102053064,-2231267.9103810783,283.6731153551027,5024.183532857526,4950.063486328125,4969.859063063217,14.53681133716469,0.8130468869210168,1.0646609103776314
1010,5007.0,5012.0498046875,5004.64990234375,5012.0498046875,5012.0498046875,1599.0,5025.946025390625,5019.724385560926,38.83011127502438,0.2524489414560332,-74.51409366181554,-4.32660558364023,-2.046938440284066,-0.08140539238659228,-1.9655330478974737,-8.682755622050507,5021.971463915256,-0.2825206727182293,-0.34111655666193486,-0.00035827115478718395,24.893054661776024,-200.23045987536148,0.6799804687498181,5019.60009765625,5024.4501953125,64.0,96.0,-32.0,5023.82001953125,5036.594515166955,5011.045523895546,0.039308040825795316,0.5085570576191364,5023.6641845703125,5029.77666015625,5017.551708984375,5035.0,5004.2001953125,6.905068978118897,121742.0,0.22731309941955638,-6815.646988143699,-1272766.6080109845,285.2857851564434,5023.493870603791,4950.650485839844,4970.278871437588,16.46888506075784,0.7989451979567096,1.1400617546186445
1011,5011.9501953125,5023.9501953125,5008.64990234375,5015.35009765625,5015.35009765625,8356.0,5025.45302734375,5019.552844858781,42.824024345995376,0.4020439855251928,-63.79878880116681,-5.937070599724393,-2.3084523552543033,-0.5268147849601346,-1.7816375702941687,-9.71716018721467,5021.165259362711,-0.18210572880386108,-0.18134724510342315,-0.0014826093307788346,25.174406754352216,-106.26509247330812,5.954882812499818,5019.60009765625,5024.4501953125,60.0,92.0,-32.0,5023.69501953125,5036.746653935479,5010.643385127021,0.1803112308947186,0.5196029756379102,5023.599186197917,5030.276676432292,5016.921695963542,5035.0,5004.2001953125,7.504727834592548,130098.0,0.16394754298489456,-1902.3762688553143,1455724.2393493652,290.78797470393795,5021.096438581,4951.249235839844,4970.727341350213,16.096752538197503,0.8308392824455427,1.0121865275489659
1012,5016.89990234375,5018.0498046875,5009.5498046875,5014.5,5014.5,779.0,5024.9890234375,5019.354694080006,42.06220161581421,0.3735093372068127,-66.55886362915756,-8.15945829503653,-2.554849083377121,-0.9324216446435319,-1.622427438733589,-10.773812286656387,5020.362109545031,-0.30121186639034947,-0.16208030578780042,-0.002557051378197752,25.3833843267774,-122.04224119726757,8.529980468750182,5019.60009765625,5024.4501953125,56.00000000000001,88.0,-31.999999999999993,5023.47001953125,5036.984592990219,5009.95544607228,0.16813530747075017,0.5380572953127998,5023.3691813151045,5030.416666666667,5016.321695963542,5035.0,5004.2001953125,7.575818703550223,129319.0,0.15803435665902543,-1725.2119553358052,-2728122.618140244,290.6559348540124,5020.520641098406,4951.840236816406,4971.162890192499,15.751200910105762,0.903784488932069,1.0658647947198694
1013,5015.4501953125,5019.0,5012.10009765625,5017.2998046875,5017.2998046875,410.0,5024.53501953125,5019.27411018226,45.50093944295735,0.5023098713327845,-57.46853102508006,-8.666811236213107,-2.49543362084205,-1.2450240398832357,-1.2504095809588143,-10.578863206741282,5020.111578840295,-0.29213424706875996,-0.15535560054289455,-0.003438110870731656,25.4949557441978,-85.22890798045768,7.667675781250182,5018.337646484375,5024.4501953125,52.0,84.0,-32.0,5023.28251953125,5037.028278624276,5009.536760438224,0.2823796123858632,0.5472819432146493,5023.112516276042,5030.152506510417,5016.0725260416675,5035.0,5004.2001953125,7.527538963564494,129729.0,0.16684512785847538,-1314.7645443056904,2945491.1336666197,290.8848549700509,5020.284185470554,4952.439985351562,4971.621963968569,15.275768595244381,0.9162443391354814,1.071599939678376
1014,5016.60009765625,5020.0,5014.0,5016.85009765625,5016.85009765625,1213.0,5023.98001953125,5019.179050867515,45.03854979657578,0.4849907163340609,-58.92862804781382,-7.368451286764866,-2.45631911997134,-1.4872830559008565,-0.9690360640704836,-10.557742105222955,5019.948425935176,-0.2802670888967957,-0.2018056785669572,-0.004162560940489044,25.591066901937367,-66.12342312814327,8.417382812500364,5018.337646484375,5024.4501953125,48.0,80.0,-32.0,5022.73251953125,5036.583098916008,5008.881940146492,0.28764708278294143,0.5515157070737517,5022.665844726563,5029.71083984375,5015.620849609375,5035.0,5004.2001953125,7.418429037595601,128516.0,0.1382912145024702,-1204.8688421057705,717205.8558326464,290.77613222073524,5019.2467539530835,4953.034985351563,4972.071995149541,14.666230373823778,0.8993382888251032,1.1011439673920604
1015,5015.2998046875,5019.60009765625,5014.0,5014.64990234375,5014.64990234375,837.0,5023.513017578125,5019.001437199917,42.74960116998849,0.41788901232268694,-66.07216462157963,-5.58576085707773,-2.5731957710549977,-1.7044655989316848,-0.8687301721233129,-11.204043793066974,5019.626731586515,-0.32795683532135494,-0.2544420591056502,-0.004828401247486893,25.640732534912303,-67.5932225164241,3.157397460937318,5018.112548828125,5024.4501953125,44.0,76.0,-32.0,5022.242504882813,5036.502720518376,5007.982289247249,0.23378374026380042,0.5678824000115091,5022.283341471354,5029.270841471354,5015.295841471354,5035.0,5004.2001953125,7.288548224642343,127679.0,0.11774622783186797,-1295.825218456732,-133780.8947409353,290.40905657750983,5017.990590836875,4953.616235351563,4972.4956559176435,14.10023059679036,0.858283469602156,1.1127255287078062
1016,5014.64990234375,5014.64990234375,5011.25,5012.25,5012.25,627.0,5023.068017578125,5018.736674956783,40.341259402492355,0.32347297443626005,-73.86410475918704,-6.107981962316444,-2.826886829711839,-1.9289498450877156,-0.8979369846241232,-12.452828252773976,5019.02626111453,-0.26166877461069593,-0.3311499704971571,-0.005510280308631298,25.644748300087223,-91.64917403483167,3.460180664062136,5017.0626220703125,5024.400146484375,40.0,72.0,-32.0,5021.490014648438,5036.185032792869,5006.794996504007,0.18560723921461522,0.5852851684087099,5021.630013020834,5028.489998372396,5014.770027669271,5035.0,5004.2001953125,7.010787804578604,127052.0,0.10101137380970761,-1325.6700114673774,-2087712.287902832,290.1089880186204,5017.275522827503,4954.179736328125,4972.8912215304035,14.003374593166539,0.82810591749267,1.1592558879898271
1017,5008.0,5013.75,5007.0498046875,5013.0,5013.0,2527.0,5022.571015625,5018.511707311419,41.45134219519494,0.5078440563491919,-71.42902438251055,-6.5320743336396845,-2.933603336298802,-2.129880543329933,-0.8037227929688688,-13.176999817751714,5018.573718790525,-0.23781718918622677,-0.37746715933148356,-0.006133736580568592,25.77006935144719,-94.81876473499004,4.702685546874818,5016.837646484375,5022.400146484375,36.0,68.0,-32.0,5020.747509765625,5035.582072207235,5005.9129473240155,0.23886962301314443,0.5909304306880869,5020.843343098959,5027.895833333334,5013.790852864584,5035.0,5004.2001953125,6.98860262657299,129579.0,0.00813936993140312,-865.5385812577522,-676130.7956014738,290.4871116158074,5016.309222870432,4954.758237304687,4973.290313853484,14.510058711209536,0.7841128745940118,1.1615800339254954
1018,5011.9501953125,5013.89990234375,5005.64990234375,5012.0,5012.0,5608.0,5022.111015625,5018.256346240383,40.372663474672144,0.4493255700066414,-69.7094963592233,-7.3121036305146845,-3.063553837627296,-2.3166152021894058,-0.7469386354378904,-14.080575227712739,5018.423519375614,-0.26764160005099047,-0.3490525574402572,-0.006718214895920381,25.844311648484965,-91.64166655456312,5.665185546875364,5016.9500732421875,5021.10009765625,32.0,64.0,-32.0,5020.035009765625,5035.110881995716,5004.959137535533,0.23351426560956529,0.6006281709495669,5020.1625,5027.289990234375,5013.035009765625,5035.0,5004.2001953125,7.078702438960634,123971.0,-0.018293087413220915,-1543.0330696495018,-91944.54350927247,289.3684202134536,5014.130344748881,4955.34048828125,4973.675484859918,15.167765961869858,0.8344898889796877,1.1835424464199449
1019,5013.0,5018.0,5010.0498046875,5015.0,5015.0,1084.0,5021.659013671875,5018.12864638782,44.99696462230732,0.7001946178548981,-58.059010922330096,-7.599032054227791,-2.891138374707225,-2.43151983669297,-0.45961853801425523,-13.58939903036969,5018.1444854724705,-0.21290954288280337,-0.14995497503956068,-0.007121739906203938,25.905659587830414,-50.60269330169984,-3.560009765625182,5017.2000732421875,5021.050048828125,28.000000000000004,60.0,-31.999999999999996,5019.560009765625,5034.641868424538,5004.478151106712,0.34882467510294796,0.6009235323243884,5019.656665039062,5026.82666015625,5012.486669921875,5035.0,5004.2001953125,7.1409519299277315,125055.0,-0.012857564672737893,-858.0283454138588,3117004.619753229,290.01726299078797,5014.044185438539,4955.94048828125,4974.086674065292,14.940411626464682,0.9051022460023955,1.0550572210419562
1020,5015.0498046875,5016.89990234375,5015.0,5016.0,5016.0,450.0,5021.35201171875,5018.045170058886,46.486755831655536,0.7810160198894562,-52.515130079383795,-7.612428193933738,-2.6433355091749036,-2.4738829711893566,-0.16945253798554694,-12.766096222303416,5018.059968804002,0.0,-0.18113391804245282,-0.007333919675881423,25.795317378115506,-31.159768464126895,-11.877514648437682,5016.2125244140625,5021.050048828125,24.0,56.00000000000001,-32.00000000000001,5018.877514648438,5033.291841192751,5004.463188104124,0.4001856021649218,0.5744043962915181,5019.019995117187,5025.907495117188,5012.132495117187,5035.0,5004.2001953125,6.76659124520075,125505.0,-0.04265823208282717,-671.1671532118789,812756.6178639729,290.1069937983652,5013.54589971655,4956.539738769531,4974.5037220845425,14.72929688644559,0.9339622641509434,1.1150961821933962
1021,5015.9501953125,5019.0,5012.60009765625,5016.0,5016.0,683.0,5021.439013671875,5017.964967311479,46.486755831655536,1.0,-42.85781844836963,-6.949764476103155,-2.419064483367947,-2.462919273625075,0.043854790257127796,-12.08076694486363,5018.042684902736,0.17974835230677053,-0.19944529963244384,-0.00739447214402837,25.70084333041092,-27.344745288065603,-6.0277099609375,5016.2125244140625,5020.925048828125,20.0,52.0,-32.0,5018.0775146484375,5031.2087333076515,5004.9462959892235,0.42089406541944485,0.5233565492315433,5018.246663411458,5025.254158528645,5011.239168294271,5035.0,5004.2001953125,6.74039918081141,126188.0,-0.07833558250159874,-575.2861313244678,-140462.7175840766,290.1069937983652,5013.189976363716,4957.14173828125,4974.916620372258,14.913524459726132,0.8851106034834824,1.0845559031159262
1022,5014.7001953125,5017.89990234375,5013.60009765625,5013.60009765625,5013.60009765625,238.0,5021.363017578125,5017.793795952451,43.227895276351646,0.7736362873579526,-52.40555775316456,-5.746659581801396,-2.407231080503152,-2.4517816350006902,0.0445505544975382,-12.329876957190065,5017.999682875002,0.030931316111425997,-0.08154400019073504,-0.0074297411300781905,25.658091602793544,-32.13183290461271,-1.859912109374818,5016.2125244140625,5019.60009765625,16.0,48.0,-32.0,5017.210009765625,5029.054287526546,5005.365732004703,0.3476094455803303,0.472145983041077,5017.441658528646,5024.486653645834,5010.396663411459,5035.0,5004.2001953125,6.566071002717739,125950.0,-0.08159541188365313,-574.6990779656153,-90420.24612426758,289.993122833889,5012.9281415021815,4957.721989746094,4975.301530593989,15.084592920629492,0.9863290656366974,1.0678730658274325
1023,5014.4501953125,5015.9501953125,5012.5,5012.64990234375,5012.64990234375,832.0,5021.09201171875,5017.592074634463,41.97327194161549,0.41051411533384086,-58.549851999898806,-4.772061695772209,-2.4463261193650396,-2.45069053187356,0.004364412508520488,-12.871387851572521,5017.6313494681945,-0.05383862063312076,0.06789766548729848,-0.007469025272410619,25.51412666567103,-46.64053807523954,-1.7850097656246362,5016.112548828125,5019.60009765625,12.0,44.0,-32.0,5016.285009765625,5026.392393729822,5006.177625801427,0.3201756540193336,0.4029828426622792,5016.5399983723955,5023.659993489583,5009.420003255208,5035.0,5004.2001953125,6.343508453416471,125118.0,-0.0805669610498577,-605.5367096848131,-632357.0815416484,289.8354392363541,5013.644344845704,4958.312490234375,4975.673156183539,15.42745530624522,1.0901659779650859,1.0222683124777874
1024,5012.75,5014.0,5011.7998046875,5012.5,5012.5,590.0,5020.779013671875,5017.3923854331115,41.76731989996722,0.23204968287143699,-62.568371621441344,-4.8676456227021845,-2.4610357969568213,-2.4527595848902126,-0.008276212066608668,-13.381075957858835,5017.301227526366,-0.03988433542726094,0.1047787710125373,-0.007500580756554497,25.261471811255323,-58.91217569633996,1.6597900390625,5015.9625244140625,5019.60009765625,8.0,40.0,-32.0,5015.6400146484375,5024.953668187084,5006.326361109791,0.3314294902957173,0.37138444989854,5015.779996744792,5022.435001627604,5009.124991861979,5029.9501953125,5004.2001953125,6.047557514779581,124528.0,-0.033464688573398,-531.666091560197,-494184.49401855463,289.8177953983571,5013.890938438388,4958.909741210938,4976.039592440419,15.865473907499725,1.0823241693371564,0.9775453983246191
1025,5012.5,5013.25,5010.0498046875,5010.0498046875,5010.0498046875,274.0,5020.40701171875,5017.104441090146,38.44662860437764,0.0,-69.33886828405186,-5.570299574907949,-2.6399716570704186,-2.490201999326254,-0.1497696577441645,-14.713828629978048,5016.807385017353,-0.14450003552162782,-0.1244178223125112,-0.007606296612863671,24.95751254382462,-84.4415391634248,1.9551025390628638,5015.9625244140625,5019.60009765625,4.0,36.0,-32.0,5014.894995117187,5023.464599688703,5006.325390545671,0.21730373383902193,0.34176606209540616,5015.1533203125,5021.768334960938,5008.538305664062,5029.9501953125,5004.2001953125,5.84417450033104,124254.0,-0.049987078556037096,-551.6214378551688,-1459943.1170164233,289.68385953489076,5012.761370465683,4959.498491210938,4976.37800251253,16.570709104878752,1.0187276682191404,1.1431454905316516
1026,5009.7998046875,5019.60009765625,5009.7998046875,5017.0,5017.0,1522.0,5020.0830078125,5017.100345361121,50.474789150533006,1.0,-20.905781074551705,-5.680024988510922,-2.1956468882735862,-2.4312909771157205,0.23564408884213428,-12.39367206233058,5016.816528412205,0.0029879773330287606,0.023672248189429368,-0.007471937544594278,24.923190664182865,21.006880527522192,0.1774169921873181,5016.112548828125,5019.60009765625,8.0,32.0,-24.0,5014.472485351563,5021.636829242153,5007.308141460972,0.6763954024985434,0.28574666274544436,5014.630810546875,5021.3558349609375,5007.905786132813,5029.0498046875,5004.2001953125,6.126754390932395,125776.0,-0.02251167330681768,1038.352662641998,1963953.4878198172,291.795255165275,5012.946434308951,4960.132741699219,4976.782201492505,15.677928418768671,1.0032872772099235,0.9796150290204941
1027,5015.75,5016.9501953125,5012.5,5012.5,5012.5,968.0,5019.8130078125,5016.9199396606855,44.42212116738223,0.4967918860140731,-52.26445268637926,-5.689420094209709,-2.1814819339388123,-2.381329168480339,0.19984723454152675,-12.23708854073666,5016.790295765616,-0.04287243148809207,-0.022401665373880553,-0.007342982176457204,24.926850425496106,-0.3214540491055869,-1.5624755859371362,5017.1500244140625,5019.60009765625,4.0,28.000000000000004,-24.000000000000004,5013.812475585937,5018.827574520035,5008.797376651839,0.36914758779597834,0.20005131657869266,5013.993310546875,5020.7608642578125,5007.225756835937,5024.85009765625,5004.2001953125,6.010557648722938,124808.0,-0.02645605098744606,267.7308536931413,11560.616414409038,290.92700720832863,5012.9290829093525,4960.742741699219,4977.13760247268,14.848917781666454,1.0047534756061178,1.0271551409799984
1028,5013.10009765625,5016.89990234375,5013.10009765625,5013.14990234375,5013.14990234375,598.0,5019.42900390625,5016.7720950600215,45.439702981324714,0.5813918387697536,-46.23731186559328,-5.24325884650716,-2.093679780653474,-2.323799290914966,0.2301195102614919,-11.801686125856211,5016.75680338418,0.017954059429397977,-0.05551640010843051,-0.00718357268026353,24.985316998015772,21.274869168691712,-0.6699707031248181,5017.1500244140625,5019.60009765625,16.0,24.0,-8.0,5013.669970703125,5018.58939493774,5008.75054646851,0.44714133864330746,0.19624044914647115,5013.781640625,5020.2466796875,5007.3166015625,5023.9501953125,5004.2001953125,5.895510841224871,125406.0,-0.008962664685077932,285.0038176744782,174678.12949598435,291.00454169243096,5012.691062382613,4961.3532421875,4977.49593381468,14.079122190071539,0.9784901057197073,1.0340065058281378
1029,5012.64990234375,5014.9501953125,5010.64990234375,5010.64990234375,5010.64990234375,2812.0,5019.162001953125,5016.532009071148,42.23617488386128,0.31505617712218803,-64.15820791039552,-4.952201573989441,-2.200459520608092,-2.2991313368535913,0.09867181624549914,-12.399900514559787,5016.545381359553,-0.046880064956114104,-0.11307264420488894,-0.007093872436347087,24.80836481483943,-69.3971949507477,-1.852465820312318,5017.1500244140625,5019.60009765625,12.0,20.0,-8.0,5013.852465820312,5017.974841066682,5009.730090573943,0.11156332391345125,0.16443943153380533,5013.899137369792,5019.889200846354,5007.909073893229,5023.9501953125,5004.64990234375,5.7815667074766655,122594.0,0.003771029802969554,-759.99672770759,-336430.81635872636,289.6022297454625,5012.44930057576,4961.942241210938,4977.8258240488,13.889695321421277,0.9434636778975555,1.0565363221024444
1030,5010.0,5010.0,5006.0,5007.14990234375,5007.14990234375,1208.0,5018.91900390625,5016.164083317133,38.17809977268728,0.0,-89.24746237311865,-5.181449620864441,-2.5382446784569765,-2.3469540051742683,-0.1912906732827082,-14.187576668927052,5015.776345985183,-0.0967697058310056,-0.11944418071586482,-0.007177110182020189,24.696180148662346,-218.6790724643874,1.392529296875182,5014.9376220703125,5019.60009765625,8.0,16.0,-8.0,5013.607470703125,5018.616346948513,5008.598594457737,-0.14461248821238495,0.19981126462959609,5013.805810546875,5019.62587890625,5007.9857421875,5023.9501953125,5005.64990234375,5.700733538639047,121386.0,-0.06299847018823866,-1255.425766606506,-1589420.141763245,288.75842702876855,5012.145872752003,4962.527990722656,4978.117605922382,14.570906532484278,0.9270843223155067,1.0465285030313716
1031,5006.39990234375,5009.0,5004.64990234375,5004.64990234375,5004.64990234375,2647.0,5018.597001953125,5015.712546808374,35.550620297279764,0.0,-100.0,-6.1755672679228155,-2.973395503797292,-2.4722423048988733,-0.5011531988984186,-16.51784863669749,5014.623198833978,-0.2063828047108674,-0.08399172771565777,-0.007455967920876529,24.537114599707298,-216.46797538120654,2.927539062499818,5014.60009765625,5019.60009765625,4.0,100.0,-96.0,5013.0724609375,5019.348140652668,5006.796781222332,-0.17104751803964105,0.25037259142247487,5013.311637369791,5018.584195963542,5008.039078776042,5020.0,5004.64990234375,5.604259547039829,118739.0,-0.13900334401788528,-2021.436371377005,-193108.31708371255,287.43681690543235,5011.439627020251,4963.0919897460935,4978.381608871848,15.425739659002318,0.9655438325913982,1.049535560307056
1032,5005.0,5005.0,4999.0,5003.25,5003.25,7415.0,5018.292001953125,5015.223819482556,34.133996357384206,0.0,-79.36902984190192,-8.10072811351074,-3.3921139100039,-2.6562166259198787,-0.7358972840840212,-18.871346399532886,5013.541209513929,-0.2541866028708134,-0.2114215753747184,-0.007893899040229746,24.520946583864912,-246.33548842530024,3.490039062499818,5011.6624755859375,5017.0,24.0,100.0,-76.0,5012.5099609375,5020.060265905256,5004.959655969745,-0.11321767644128639,0.3012584524158547,5012.730810546875,5017.878369140625,5007.583251953125,5020.0,4999.0,5.63252672225127,111324.0,-0.019663767388480295,-3215.5563010240403,-390420.86353674985,285.36269062658045,5008.544409898411,4963.644240722656,4978.62905554974,17.03178598872243,0.9013380470453574,1.1127596224200758
1033,5003.14990234375,5004.75,4999.0,4999.0,4999.0,1438.0,5017.827998046875,5014.587591267554,30.19954911918829,0.0,-100.0,-10.061758961396663,-4.020544411619085,-2.92908218305972,-1.0914622285593647,-22.212143606757795,5011.765883615569,-0.3389154704944179,-0.35275703769162214,-0.00856968744728653,24.414448078779426,-218.40038314867428,2.005126953125,5010.612548828125,5017.0,20.0,100.0,-80.0,5011.594970703125,5020.845568784696,5002.344372621554,-0.18076521064169027,0.3691678252392149,5011.969978841145,5017.0600423177075,5006.879915364583,5020.0,4999.0,5.640917670661893,109886.0,-0.06809040320109697,-3629.2625437348916,-49982.6147426982,284.1411846054941,5007.748013872369,4964.1752416992185,4978.831751514419,18.523114723462534,0.8305262448420218,1.183283282533644
1034,4999.0,5000.60009765625,4986.60009765625,4990.2998046875,4990.2998046875,4169.0,5017.133994140625,5013.635129048728,24.080467370290208,0.0,-88.7887665719697,-12.883366842831492,-5.16111899580028,-3.375489545607832,-1.7856294501924475,-27.588037621337236,5007.944172856624,-0.46474175273058543,-0.5614419627065541,-0.009697876630484202,24.406909925691323,-274.4908651986172,2.3824462890625,5004.1876220703125,5010.800048828125,16.0,100.0,-84.0,5010.2674560546875,5023.06190530299,4997.473006806385,-0.2803247713001791,0.5107291920251253,5010.747477213541,5016.237540690104,5005.257413736979,5019.60009765625,4986.60009765625,6.237994979900329,105717.0,-0.11473191364316226,-8292.384217174551,-2778811.0533101466,276.88551061913444,5005.099067312437,4964.662741699219,4978.945861496241,21.16146349305698,0.6326052352316944,1.1940471979382485
1035,4990.0,4995.7998046875,4989.2998046875,4993.0,4993.0,888.0,5016.464990234375,5012.825908301719,28.895858345690627,0.18244041333939223,-80.6063565340909,-14.842517807905097,-5.780515194993313,-3.856494675484929,-1.9240205195083844,-30.22692503086984,5006.244991177266,-0.39200627864639725,-0.5839815287950189,-0.010956850468557825,24.402959579691345,-204.1414888272667,3.315039062499636,5003.525146484375,5010.800048828125,12.0,96.0,-84.0,5009.1849609375,5023.841106047224,4994.528815827777,-0.052156137112852836,0.5851708501089244,5009.578304036459,5015.113362630209,5004.043245442708,5019.60009765625,4986.60009765625,6.256709624193163,106605.0,-0.09363760701715136,-6765.21883793533,-768795.5289273649,277.3659974698939,5004.381665070535,4965.171242675781,4979.085703670408,23.61135877910897,0.6989660414971265,1.2829475702921453
1036,4993.0,4999.0,4993.0,4997.4501953125,4997.4501953125,1173.0,5016.0819921875,5012.222939164887,36.09054254121839,0.45502495843322643,-67.12091619318181,-15.971475758271481,-5.844920964931589,-4.254179933374261,-1.5907410315573278,-29.917361679509792,5004.841916952528,-0.30024548004987534,-0.4829289069685616,-0.01205489249219734,24.21532443305426,-130.9514436421352,1.6048339843746362,5003.5125732421875,5010.800048828125,8.0,92.0,-84.0,5008.444970703125,5023.881106853509,4993.008834552742,0.1438624509556336,0.6164043426922725,5008.766642252604,5014.431705729166,5003.101578776042,5019.60009765625,4986.60009765625,6.238373222465079,107778.0,-0.0700324357695456,-5053.0334180070695,1764805.7864450128,278.41147696149466,5003.936961235663,4965.695744628906,4979.268434930528,25.020104450648983,0.7395724664967067,1.2225013734652683
1037,4998.0,5000.2001953125,4994.89990234375,4994.89990234375,4994.89990234375,803.0,5015.619990234375,5011.543604387588,33.96925958136357,0.37465604509207434,-74.84907670454545,-15.84749971277597,-6.032214714214206,-4.60978688954225,-1.4224278246719555,-30.379853258068916,5003.378016465345,-0.3023902542760245,-0.3959212970781961,-0.013073858715419596,24.05867169166842,-110.18490083506747,9.460034179687682,5002.03759765625,5010.800048828125,4.0,88.0,-84.0,5007.539965820312,5023.896685567695,4991.183246072929,0.11361251914264112,0.6532836426280458,5008.036645507813,5013.6317138671875,5002.441577148437,5019.60009765625,4986.60009765625,6.171367490056859,106975.0,-0.15152978442113485,-4623.726537421238,1023127.3854209358,278.0016909358476,5003.410233377743,4966.210493164062,4979.423971919715,26.015534120093324,0.7825837816971072,1.1785050787753033
1038,4996.75,4996.75,4990.64990234375,4990.85009765625,4990.85009765625,842.0,5015.09599609375,5010.732094319692,30.866674347993253,0.25710859457592855,-87.12121212121212,-16.436919806985316,-6.433272986138945,-4.974484108861589,-1.4587888772773558,-31.812008373308952,5001.046592167161,-0.521225878886785,-0.43723780750971086,-0.014128437900688712,23.977536720614577,-125.22454231588051,6.017529296875182,5000.800048828125,5010.800048828125,52.0,84.0,-32.0,5006.482470703125,5024.2251045575695,4988.73983684868,0.059468645548394594,0.708786416741526,5007.1483154296875,5012.635888671875,5001.6607421875,5019.60009765625,4986.60009765625,6.166276787642084,106133.0,-0.29953457585484883,-4450.327824486062,-2789307.801570575,277.31900747600986,5002.868462112912,4966.7047436523435,4979.537664713113,27.3947278710262,0.7507409005898432,1.187978708099554
1039,4990.85009765625,4999.2001953125,4990.85009765625,4996.14990234375,4996.14990234375,764.0,5014.664990234375,5010.160243653969,38.75071947615444,0.5558109137263567,-71.06119791666667,-15.329120232077003,-6.251402335383318,-5.2298677541659355,-1.0215345812173826,-30.286173003548,5000.645733194603,-0.32618648690773067,-0.3549928928722561,-0.014927766326029022,24.02080018850599,-90.14814466894423,7.609936523437682,5000.550048828125,5010.800048828125,48.0,80.0,-32.0,5005.539965820312,5023.375058390635,4987.70487324999,0.23675316123148968,0.7126141312268885,5006.200821940104,5011.708390299479,5000.693253580729,5019.60009765625,4986.60009765625,6.322263992542649,106897.0,-0.30467862729216905,-3236.130880809482,1448365.2189764052,278.1303022859164,5002.576105975161,4967.228994140625,4979.702960609936,28.043984274768597,0.7866722366293768,1.141665129501633
1040,4996.0,4996.14990234375,4989.0,4991.4501953125,4991.4501953125,3168.0,5014.19099609375,5009.426516268029,34.94495630950425,0.5086553253619844,-84.01949901057,-14.336585190717415,-6.412575436737825,-5.466409290680313,-0.9461661460575117,-30.33105079070284,4999.832622536539,-0.4328557384869929,-0.4916989949355485,-0.015675798475687265,24.117257328422017,-102.81338583076364,6.337426757812864,4999.4500732421875,5010.800048828125,44.0,76.0,-32.0,5004.312475585937,5022.475224867765,4986.149726304109,0.14591593282890222,0.725883899953762,5005.0124918619795,5010.782560221354,4999.242423502605,5019.60009765625,4986.60009765625,6.381381017628889,103729.0,-0.3105006299993289,-4900.77959426527,-552987.9169030624,275.1502732303399,5000.759375817943,4967.72974609375,4979.819848517424,28.86069821509069,0.7618813375518464,1.2535803324873949
1041,4989.5498046875,4990.9501953125,4989.0498046875,4990.9501953125,4990.9501953125,574.0,5013.652998046875,5008.70195466193,34.55611641339411,0.4904505588997773,-85.6431495149386,-14.440996955422634,-6.505658915728418,-5.6742592156899345,-0.8313997000384834,-30.49109336154443,4999.145028243638,-0.3931567244806984,-0.5648074962484393,-0.01634638067800517,24.15885244238618,-105.24146990171889,4.089916992187682,4999.3875732421875,5010.800048828125,40.0,72.0,-32.0,5003.059985351562,5021.280879834573,4984.8390908685515,0.16769496277053036,0.7283900067702459,5003.734993489584,5009.280086263021,4998.189900716146,5019.60009765625,4986.60009765625,6.09702456101254,103155.0,-0.29539029066595923,-4241.668223655946,-852510.9872585388,275.09277491045896,5000.0998813943215,4968.219248046875,4979.930598236779,29.619075445389775,0.7196467232550947,1.284454219503534
1042,4989.0,4990.9501953125,4985.2001953125,4985.60009765625,4985.60009765625,2274.0,5012.985,5007.795999485237,30.62882569399069,0.36067767223093344,-98.65579044117646,-15.399207261029915,-6.93123742123953,-5.925654856799854,-1.0055825644396759,-31.935362722052,4997.807094970581,-0.4303806578151965,-0.6068031506718012,-0.017113014851407413,24.19325327453298,-116.64805284313836,2.989916992187318,4997.650146484375,5010.10009765625,36.0,100.0,-64.0,5001.659985351563,5020.710227815859,4982.609742887266,0.07848600285765849,0.7617567975467794,5002.345833333334,5007.963435872396,4996.728230794271,5019.60009765625,4985.2001953125,6.072237092368787,100881.0,-0.327378619890373,-5373.733058892597,-486703.0322394459,272.65513846965877,4998.848456540407,4968.664997558593,4979.987011166326,30.76476663335015,0.6795651757170484,1.2863683263888497
1043,4985.2001953125,4988.64990234375,4983.25,4986.64990234375,4986.64990234375,6897.0,5012.297001953125,5006.966740773807,32.25576717965201,0.5572705738365492,-87.29008469626169,-16.209497070312864,-7.101934310358956,-6.160910747511675,-0.9410235628472812,-32.564286890670665,4997.090096569596,-0.35966551809289077,-0.5974912449682925,-0.017836996993656543,24.17780717749407,-112.91488729488073,2.8900146484375,4996.5750732421875,5009.125,32.0,96.0,-64.0,5000.3599853515625,5019.777930691626,4980.942040011499,0.14697390048973594,0.7766618962214028,5000.969995117188,5006.685083007813,4995.254907226563,5019.60009765625,4983.25,6.02421318175316,107778.0,-0.2168756602651824,-3571.699346238298,-166392.79130059291,274.1074216026548,4995.212488142149,4969.12099609375,4980.0533085909765,32.033470006691125,0.6892840638936368,1.2867753088619294
1044,4988.0498046875,4988.5,4985.64990234375,4985.7001953125,4985.7001953125,580.0,5011.45400390625,5006.132758598854,31.535232718728707,0.5081552310514528,-90.48467839805825,-17.173803710937136,-7.2304975700217256,-6.374828112013685,-0.8556694580080402,-33.287860395918116,4996.826374070423,-0.3507680944885824,-0.48719056416086404,-0.01850371428665319,24.066474883977367,-99.7149753099309,-0.019995117187136202,4996.5750732421875,5009.125,28.000000000000004,92.0,-64.0,4999.019995117187,5018.600092246206,4979.439897988168,0.15986379646334267,0.7833574239808627,4999.6625,5005.410083007812,4993.9149169921875,5019.60009765625,4983.25,5.79749064421722,107198.0,-0.22534167925284376,-3140.1465936506843,552820.6660829742,273.99696065413985,4994.615123551572,4969.563996582031,4980.109496518554,33.21155171050775,0.7572772488276254,1.2444678129884894
1045,4985.9501953125,4992.39990234375,4985.9501953125,4989.5,4989.5,1054.0,5010.755,5005.480493555762,37.54642965299845,0.9179093982526318,-71.26436781609195,-17.05599006204102,-6.945706615254494,-6.4890038126618474,-0.4567028025926465,-32.06684701065734,4996.704516297642,-0.1900380076015203,-0.3999955736788814,-0.01891934629109957,24.132650915040315,-73.27411025738618,-7.692700195312682,4996.5750732421875,5009.125,24.0,88.0,-64.0,4997.992504882813,5017.304469579074,4978.680540186551,0.2801232288795362,0.772788861823801,4998.570841471354,5004.480900065104,4992.660782877604,5019.60009765625,4983.25,5.861934671862419,108252.0,-0.21203899393860873,-2119.4122030398726,1285105.7514067618,274.8002568780866,4993.490869729405,4970.0292456054685,4980.202934364141,33.14856549448603,0.7796079386069261,1.1796035122858075
1046,4989.2998046875,4991.85009765625,4988.0,4989.85009765625,4989.85009765625,709.0,5010.006005859375,5004.867536853821,38.08581185888402,0.9546764696017305,-69.30187136627907,-16.36878159466869,-6.615498428938736,-6.514302735917226,-0.1011956930215101,-30.925413492313343,4996.358943747598,-0.009011623526658262,-0.2804847618723558,-0.019098400093483184,24.13749360754451,-64.3781544717334,-3.635009765625,4996.3250732421875,5009.125,20.0,84.0,-64.0,4996.635009765625,5014.144538412037,4979.125481119213,0.30625086356150055,0.7008528184344347,4997.292513020833,5002.905061848958,4991.679964192708,5016.9501953125,4983.25,5.718232027890103,108961.0,-0.2343516355901541,-1781.179139993998,407274.0821138928,274.850005197213,4990.777781474201,4970.513247070313,4980.2989260386885,33.09007829389443,0.8635317068744541,1.14401646874681
1047,4988.14990234375,4989.9501953125,4988.0,4988.14990234375,4988.14990234375,300.0,5009.212001953125,5004.211943343622,36.43988462356746,0.8424815854621029,-71.75864689162188,-15.407184914981372,-6.417026132065075,-6.494847415146795,0.07782128308171998,-30.427418565256403,4995.993502501795,-0.09713794624974965,-0.31348189282832595,-0.01914034870202648,24.093294244022488,-71.28031203971345,2.032690429687136,4996.3250732421875,5009.125,16.0,80.0,-64.0,4995.417504882813,5011.687543217912,4979.1474665477135,0.27665687107250175,0.6513985395293209,4996.028344726563,5001.515893554688,4990.540795898438,5016.89990234375,4983.25,5.449086548219382,108661.0,-0.22052055662818326,-1599.5904905305697,-617530.107498169,274.7477859754393,4990.149426790034,4970.991745605469,4980.377045205903,33.03576875048795,0.8572310028952489,1.1707128957235748
1048,4988.0498046875,4988.85009765625,4985.7001953125,4985.7001953125,4985.7001953125,512.0,5008.401005859375,5003.485992440441,34.14987874346005,0.5331399730766321,-85.54473699372011,-14.267885454963107,-6.383817615559565,-6.47264145522935,0.08882383966978491,-30.649189445599408,4995.648387782376,-0.23511990196563132,-0.1770438253001756,-0.019146921706551814,24.074273439890646,-86.85632599061574,0.8548828125003638,4995.5625,5009.125,12.0,76.0,-64.0,4994.04501953125,5008.645598984788,4979.444440077711,0.21422969049604373,0.5847195768735378,4994.646687825521,5000.101741536459,4989.191634114583,5014.9501953125,4983.25,5.284859105042997,108149.0,-0.21924382566789066,-1550.2561347404883,-1045835.972763598,274.49634004366993,4989.5875433108495,4971.46099609375,4980.430011873631,33.3447035195963,0.9769085156255339,1.1539523409257095
1049,4985.35009765625,4987.89990234375,4985.2001953125,4987.0,4987.0,472.0,5007.651005859375,5002.839482932973,36.43254826294507,0.7145775018259612,-77.87636112231377,-13.483160041359952,-6.181361365556768,-6.4143854372948335,0.2330240717380656,-30.19590992835837,4994.799654534827,-0.15815937252402476,-0.17737535005918537,-0.019041529753014846,24.092828184510566,-85.5144986329255,-2.012426757812136,4994.625,5009.125,8.0,72.0,-64.0,4992.862524414062,5005.604807371451,4980.120241456673,0.269957846891846,0.5104199402680019,4993.377522786459,4998.752547200521,4988.002498372396,5010.0,4983.25,5.100205385486355,108621.0,-0.15441148789317985,-1241.1469994204185,-414735.4323985213,274.6193935343465,4989.382461758662,4971.94099609375,4980.495384889814,33.708122853358,0.9283136530299968,1.1056890030891822
1050,4986.2998046875,4988.7001953125,4986.2998046875,4987.0498046875,4987.0498046875,826.0,5006.79900390625,5002.220279864523,36.52334647306874,0.7257569400898637,-77.5825315434695,-13.069641831341869,-5.948325908396328,-6.321173531515132,0.3728476231188047,-29.79773039407857,4994.438292214512,-0.076145203610396,-0.26541440507409886,-0.018826598259927982,24.099508211571404,-74.70825026257891,4.292382812500364,4994.625,5009.125,4.0,68.0,-64.0,4991.85751953125,5003.004597364073,4980.710441698427,0.28435088927103713,0.4466104166318336,4992.359187825521,4997.654231770834,4987.064143880209,5009.0,4983.25,4.907361474023044,109447.0,-0.15055494117651727,-1057.9633320925016,276059.7926363818,274.6276427165953,4988.876354759271,4972.421245117188,4980.560602997254,33.76232310725375,0.8836829907909983,1.1490973958650972
1051,4988.7998046875,4991.85009765625,4986.7001953125,4987.4501953125,4987.4501953125,630.0,5005.9080078125,5001.641060862484,37.29873108778812,0.8212253906157962,-73.66680952672503,-12.578305951286893,-5.666021088302841,-6.190143042872675,0.5241219545698339,-29.260900107741854,4994.197460617188,-0.1741282227574651,-0.25899379527462785,-0.018495173853346453,24.004723804686847,-48.65935754284717,0.4526611328128638,4994.625,5009.125,8.0,64.0,-56.0,4990.997534179687,5000.6128830938405,4981.382185265534,0.3155376940109995,0.38530770044685125,4991.487532552083,4996.822566731771,4986.152498372396,5005.0,4983.25,4.924685821860684,110077.0,-0.0971050620948997,-870.7905569721443,1451084.292124188,274.67822294009994,4988.5504889587955,4972.90724609375,4980.6291561546195,32.772670040164044,0.8599428431702173,1.1189366384448451
1052,4990.35009765625,4990.89990234375,4987.5498046875,4990.89990234375,4990.89990234375,148.0,5005.107001953125,5001.219838959788,43.68187110843442,1.0,-52.03881711871671,-11.923941578584163,-5.105081752822116,-5.973130784862564,0.8680490320404477,-27.021704579685778,4993.956323451313,-0.011024711200500074,-0.1461256377551019,-0.017929167179008536,23.935110609588435,-21.822032425116276,0.5701660156246362,4994.4500732421875,5009.125,4.0,60.0,-56.0,4990.380029296875,4998.1843235173155,4982.575735076435,0.5333068585185474,0.3127735432822243,4990.855859375,4996.0583984375,4985.6533203125,5004.75,4983.25,4.819330193959921,110225.0,-0.2263437786385009,-673.4552430296951,-113842.13292920911,274.78059120858006,4988.373127704295,4973.40974609375,4980.731352634114,31.85370647786646,0.935514987244898,1.081640625
1053,4991.5498046875,4991.5498046875,4987.2001953125,4989.4501953125,4989.4501953125,300.0,5004.2730078125,5000.758284306953,41.757981056371946,0.8526098706487597,-51.9361065899542,-10.778973747702366,-4.723067942583839,-5.723118216406819,1.0000502738229802,-25.60661500094716,4993.825216250222,-0.030054397285086114,-0.19738671351932235,-0.01725185634296203,23.9422226603205,-21.908843165257615,-4.302441406250182,4994.4375,5009.125,4.0,56.00000000000001,-52.00000000000001,4989.9025390625,4996.633598403098,4983.171479721902,0.4663987697098522,0.26978720678030915,4990.280029296875,4995.412548828125,4985.147509765625,5000.60009765625,4983.25,4.785778706891356,109925.0,-0.1823754782800773,-639.3776525075958,217692.8520202637,274.6934501883463,4988.09875669185,4973.892998046875,4980.818107287631,30.784078040269986,0.9214052385135654,1.1187919520328877
1054,4989.25,4991.14990234375,4985.0,4985.25,4985.25,1395.0,5003.470009765625,5000.150116294916,36.7128644259844,0.4661010927964343,-78.14184321468595,-9.65414033777597,-4.705003552738162,-5.519495283673088,0.8144917309349253,-25.74781399022172,4993.772141191007,-0.007022176857196835,-0.1600013889009454,-0.016659412309710388,24.054059939806702,-72.59073225829013,-3.000146484375364,4993.7625732421875,5009.125,4.0,100.0,-96.0,4989.650048828125,4996.674991142699,4982.625106513552,0.18682669329558613,0.2815805615956251,4990.011694335937,4994.751708984375,4985.2716796875,5000.2001953125,4983.25,4.883216109524115,108530.0,-0.175050328893141,-1385.076910854725,-573130.7050233246,273.5191179009047,4987.238601157059,4974.354248046875,4980.862205722581,30.291436519290283,0.9137839738192172,1.0737853627201626
1055,4985.0,4990.35009765625,4984.10009765625,4988.0,4988.0,1475.0,5002.731005859375,4999.673641146096,41.680960349925954,0.8467092777985452,-48.08687763487913,-8.868681066176578,-4.417859047272941,-5.299168036393059,0.881308989120118,-24.41119391437058,4993.696573763132,0.02707424187961235,-0.09234419050559373,-0.016009389966873618,24.24048156550318,-59.296142548923925,-3.699853515625364,4992.300048828125,5009.125,4.0,96.0,-92.0,4989.400048828125,4996.2848082414475,4982.515289414803,0.39832260329850916,0.27597544177437583,4989.750870768229,4994.478385416666,4985.023356119791,5000.2001953125,4983.25,4.980843530272393,110005.0,-0.16117254781297505,-607.7444950183359,-360107.421875,274.3327681691962,4987.158600531992,4974.829248046875,4980.933228551212,30.028657363923408,0.9118237287033952,1.004167919208989
1056,4986.5,4988.0,4985.2998046875,4986.0,4986.0,277.0,5001.942001953125,4999.137419924681,39.266716650072766,0.6365122335325712,-69.94503442019318,-8.537844669118385,-4.302086468377638,-5.099751722789975,0.7976652544123368,-23.97429573845831,4993.441903424556,0.006013291528878392,-0.049967048109759826,-0.015395593906017193,24.327606222159186,-83.54051281010364,0.6724609374996362,4992.050048828125,5006.60009765625,4.0,92.0,-88.0,4988.8275390625,4994.7806842123455,4982.874393912655,0.2625172080195349,0.23865908786110604,4989.248364257813,4993.810888671875,4984.68583984375,5000.2001953125,4983.25,4.817940086145794,109728.0,-0.19637161686251114,-600.0667100157165,-560700.2478644305,274.2217016094528,4987.132332181732,4975.308247070312,4980.983644187519,29.784648148225596,0.9956178265446733,1.0455848746544332
1057,4986.5,4993.60009765625,4986.5,4989.7998046875,4989.7998046875,1305.0,5001.223994140625,4998.771238934988,45.70167558560118,1.0,-40.003083881578945,-7.6617747587315534,-3.8592365073527617,-4.851648679702532,0.9924121723497707,-21.623989005393685,4993.397844775001,0.0060087120452951195,0.13840106145389508,-0.01465392756543902,24.45352188835586,37.39002996089784,1.2775634765621362,4991.487548828125,5006.60009765625,4.0,88.0,-84.0,4988.572534179688,4993.863485714082,4983.281582645293,0.6159782413271142,0.21212286673764946,4988.913362630208,4993.5658772786455,4984.26084798177,4999.2001953125,4983.25,5.016665626867523,111033.0,-0.16332987900392945,194.04926529902866,1849913.5697024993,275.21623532730035,4988.1585225156205,4975.814995117187,4981.071367177568,27.700839339473585,1.040513255812037,0.9021121943581418
1058,4992.0,4995.0,4991.9501953125,4991.9501953125,4991.9501953125,411.0,5000.742998046875,4998.503747028224,48.995270868866285,1.0,-27.980110200241903,-6.2704374425557035,-3.2967532514812774,-4.540669594058282,1.2439163425770046,-18.63743908263943,4993.315046064366,0.04208738970407996,0.20779828149275492,-0.013745755059175661,24.46153737206455,142.60243106841114,-0.4776367187496362,4991.7750244140625,5006.14990234375,12.0,84.0,-72.0,4988.6275390625,4994.0336768574925,4983.221401267507,0.8073040658598979,0.21673848178326272,4988.924202473958,4993.424202473958,4984.424202473958,4999.2001953125,4983.25,5.029774890126986,111444.0,-0.15064496050840198,292.58659123845314,2541540.138912897,275.3933587754284,4988.451008583879,4976.341997070313,4981.179614223687,26.05503138715859,1.0535765243032436,0.8457782428104886
1059,4992.0,5003.89990234375,4991.9501953125,5001.10009765625,5001.10009765625,3361.0,5000.625,4998.605564699911,60.08865300911401,1.0,-14.140567200986437,-3.896745749081674,-2.088584664598784,-4.0502526081663826,1.9616679435675985,-11.807968837590122,4994.286813777238,0.25961920884565187,0.2617816343822128,-0.012380486139043129,24.45234260815624,315.6059149105924,-3.174853515624818,4993.7874755859375,5004.050048828125,100.0,80.0,20.0,4988.875048828125,4995.859104614701,4981.890993041548,1.3752112813604789,0.2799851957894568,4989.103369140625,4993.783349609375,4984.423388671875,5003.89990234375,4983.25,5.524055757350058,114805.0,-0.07671944127162254,4644.048760682067,1582136.650023025,281.55384126706474,4991.299128186403,4976.920998535156,4981.377827989186,26.324569397489466,1.0486165892424109,0.786834954860198
1060,5003.35009765625,5003.9501953125,5000.2998046875,5000.64990234375,5000.64990234375,736.0,5000.397001953125,4998.685734803591,59.40405004270006,0.9736069654100636,-16.62607925614346,-0.5469137752761526,-1.1541253161631175,-3.4710271497657295,2.316901833602612,-6.752220969192685,4995.0194576456215,0.2998517047877357,0.3660905940702863,-0.010760858858257059,24.38247493542344,303.0678636223481,-2.335034179687682,4993.8126220703125,5003.60009765625,96.0,76.0,20.0,4989.335034179688,4997.956742149406,4980.71332620997,1.1561848420175815,0.3456054929426309,4989.575032552083,4994.0800374348955,4985.0700276692705,5003.9501953125,4983.25,5.390222533610768,114069.0,-0.06783540005645639,3933.2784020132003,2083079.1281617207,281.48758709427676,4992.006889690775,4977.500998535156,4981.569589923062,26.58289423210908,1.1432831009750988,0.7771925069048125
1061,5000.5498046875,5001.60009765625,4999.4501953125,4999.4501953125,4999.4501953125,630.0,5000.07900390625,4998.715713647078,57.523224771183706,0.9010967823052749,-22.669913659508524,2.6457806755515776,-0.5045497457658712,-2.877731668965758,2.373181923199887,-3.2593968659032253,4995.419971503833,0.24965300406055743,0.3455532182195342,-0.009066167324545963,24.242952227400544,201.09993962145626,-2.710229492187864,4993.8126220703125,5003.60009765625,92.0,72.0,20.0,4989.760034179688,4999.432308791518,4980.087759567858,1.000924628471568,0.387684960622376,4990.067537434896,4994.585017903646,4985.550056966146,5003.9501953125,4983.25,5.158771091477855,113439.0,-0.1172426624307705,3263.4078546273863,-545956.9560156928,281.33644365403444,4992.498380248195,4978.0825,4981.747506394599,26.559605721732954,1.1301457913343267,0.7845925731147925
1062,5000.60009765625,5000.60009765625,4995.0,4995.5,4995.5,675.0,4999.69900390625,4998.589607229545,51.71700090329922,0.6461102875708833,-42.57004403119081,4.701661592371238,-0.30498845775309746,-2.363183026723226,2.0581945689701286,-2.0795302181674975,4995.421859165694,0.16944276964223157,0.3037498414666797,-0.007530680279413591,24.19257558441345,113.62515120400192,-2.804833984375364,4993.8126220703125,5003.60009765625,88.0,68.0,20.0,4990.255029296875,5000.037730490839,4980.472328102912,0.7680737456420065,0.39207219416767375,4990.556697591145,4995.066682942708,4986.046712239583,5003.9501953125,4983.25,5.190294417533009,112764.0,-0.06366855463225568,2416.2950416895455,-2260861.184861925,280.8031086408289,4992.9733587039245,4978.649750976562,4981.884347126992,25.294494451188108,1.0945140425292053,0.7907642010625255
1063,4996.39990234375,4998.4501953125,4995.35009765625,4998.4501953125,4998.4501953125,359.0,4999.32201171875,4998.584140095544,55.342453984326255,0.7985937922119529,-27.707672250510416,5.85431554457773,0.09018184647720773,-1.8725100520831395,1.9626918985603472,0.06355395557802342,4995.583106052369,0.220553580872616,0.29698905748672466,-0.006037761491568347,24.09732732139569,101.20371583549701,0.0548583984373181,4993.8126220703125,5001.625,84.0,64.0,20.0,4990.845043945313,5001.098898569014,4980.591189321612,0.870843533787214,0.410906551231864,4991.118375651042,4995.51337076823,4986.723380533855,5003.9501953125,4984.10009765625,5.040994648869936,113123.0,-0.17789224562402953,2222.412909617825,-777098.9266610743,281.01512347761957,4993.337041329505,4979.229252929687,4982.049181437295,24.119748271396464,1.1061675983915487,0.809178540904824
1064,4999.2998046875,5000.0,4996.60009765625,4998.60009765625,4998.60009765625,374.0,4998.95701171875,4998.584765882239,55.52519014184531,0.8047782280781676,-26.952500430472536,6.214608226103337,0.4107185185630442,-1.4158643379539027,1.8265828565169469,1.8187185064043074,4995.944458000252,0.15428470743089742,0.3055189132071301,-0.0046198392781325376,23.92713139455374,99.93063351462337,-2.039843749999818,4994.112548828125,5001.625,80.0,60.0,20.0,4991.4900390625,5001.988216902497,4980.991861222503,0.8386329847957802,0.4206430447758135,4991.707543945313,4996.130029296875,4987.28505859375,5003.9501953125,4984.10009765625,4.923773769932798,113497.0,-0.14096846253983022,1912.93441918135,1272601.9410526052,281.0263396495072,4993.9033646821,4979.799252929687,4982.213867170817,23.37237764248599,1.1067938367186259,0.8012749235114958
1065,4998.4501953125,5000.0,4997.39990234375,4998.25,4998.25,383.0,4998.629013671875,4998.571637808425,54.95955252245584,0.780580643582657,-28.7162079059356,5.768569048713289,0.6292426677773619,-1.0068429368076497,1.6360856045850116,3.0871270780027196,4996.152700557758,0.1763682238128614,0.27659040918242317,-0.003317753237750332,23.71764867414524,88.99983264199815,-6.677539062499818,4994.41259765625,5001.625,76.0,56.00000000000001,19.999999999999993,4991.9275390625,5002.780809364186,4981.0742687608135,0.7912698551568303,0.434832846300672,4992.170874023437,4996.40087890625,4987.940869140625,5003.9501953125,4984.10009765625,4.757796904669741,113114.0,-0.1627876350267783,1620.5027303920501,271484.3725099887,280.9995146585649,4994.332704953465,4980.369501953125,4982.373430681556,22.678390629926263,1.1166503070122016,0.8400598978297784
1066,5000.0,5004.75,4998.9501953125,5003.10009765625,5003.10009765625,811.0,4998.446015625,4998.749224469124,60.901802653388195,1.0,-7.989879643422951,6.037968175551214,1.180182567315569,-0.569437835983006,1.7496204032985752,6.054853353457956,4997.375732865232,0.3580582248884209,0.3546407165096215,-0.0019530707615967305,23.73647778951913,120.77679903038269,-4.590039062500182,4996.175048828125,5001.425048828125,100.0,52.0,48.0,4992.5900390625,5004.428109504441,4980.75196862056,0.9439092774999135,0.47422561633614424,4992.789208984375,4997.11669921875,4988.46171875,5004.75,4984.10009765625,4.882239982907616,113925.0,-0.13718361885482422,1950.920797367293,2252803.248630058,281.7864759348554,4994.901696981901,4980.9412524414065,4982.579666173842,23.00782787689024,1.1130587444622748,0.7584180279526533
1067,5003.0,5012.0,5003.0,5009.0,5009.0,5530.0,4998.366015625,4999.151215666413,66.66346397537728,1.0,-10.752725808992107,7.812517233456674,2.069028743180752,-0.04174452015025443,2.1107732633310063,10.650371060310292,4999.588081351139,0.4210104250200481,0.4779132494753511,-0.00037054316517416675,23.911765672717756,161.89507884731935,-7.632543945312136,4999.800048828125,5001.425048828125,100.0,48.0,52.0,4993.632543945312,5007.259981226159,4980.0051066644655,1.063842479623328,0.5457925532534277,4993.754207356771,4998.434187825521,4989.074226888021,5012.0,4984.10009765625,5.176365698414215,119455.0,-0.0006147454353234121,6333.140677877323,919513.943829114,288.30772462548657,4999.08204374036,4981.5437524414065,4982.842555067635,24.38394400450286,1.1641281816894335,0.6862149322140825
1068,5009.0,5013.9501953125,5008.75,5013.85009765625,5013.85009765625,6098.0,4998.403017578125,4999.727642411112,70.5106762422075,1.0,-0.3353344347570052,10.180448644301578,3.128741899207853,0.592352763721367,2.536389135486486,15.923124440013222,5002.536287597957,0.558565937750702,0.621491945735575,0.0014803063862063516,24.057653817554147,177.68279769030676,-5.240234375,5001.53759765625,5001.425048828125,100.0,44.0,56.0,4995.0400390625,5010.75462914523,4979.32544897977,1.09849027224776,0.6292077725038363,4995.025870768229,4999.808365885417,4990.243375651042,5013.9501953125,4984.10009765625,5.178067813706057,125553.0,0.24288331848877595,9653.53422501092,328325.0210675383,294.21227553541166,5003.387986031273,4982.146752929688,4983.151087829711,25.894038649302384,1.2723521320495186,0.6508601863139436
1069,5012.5498046875,5015.60009765625,5009.39990234375,5009.39990234375,5009.39990234375,1625.0,4998.291015625,5000.106946722196,63.29304126157432,0.7689910281906098,-20.462492949802595,12.43366842830892,3.568344980576512,1.1875512070923961,2.380793773484116,17.903747788368953,5002.919393388261,0.3928032871747148,0.6753383998173457,0.0032543721546950594,24.281802856610746,150.83041201976593,-4.2098388671875,5002.5750732421875,5001.425048828125,96.0,40.0,56.0,4996.1600341796875,5012.599117921918,4979.720950437457,0.9026948329866576,0.6580687419845533,4996.264200846354,5001.221720377604,4991.306681315104,5015.60009765625,4984.10009765625,5.251076920762768,123928.0,0.16747369475295776,7241.3768524647185,438745.79209547775,292.7699573085079,5005.008675725014,4982.719753417969,4983.412270063682,27.486222261347848,1.2932385270230602,0.6179001272057145
1070,5009.14990234375,5011.0,5005.10009765625,5011.0,5011.0,1142.0,4998.191015625,5000.534125282111,64.69249691521114,0.7654811087504626,-15.807842676644798,13.949274758731008,3.999741566984085,1.7499892790707339,2.249752287913351,19.93263958938362,5003.510827429376,0.3816104717027824,0.5483646964616387,0.004956882447111653,24.43846145347094,115.80452761722748,3.7425537109375,5002.5750732421875,5001.425048828125,92.0,36.0,56.0,4997.3575439453125,5014.444176631672,4980.270911258953,0.8992142953239194,0.6838267038571824,4997.348372395833,5002.480867513021,4992.215877278646,5015.60009765625,4984.10009765625,5.297421593833285,125070.0,0.21803983694885293,6467.938948317974,-2298973.498118947,293.13473384044005,5005.42427231373,4983.28900390625,4983.686774839168,27.689225212090815,1.210756468645213,0.6623917721835744
1071,5012.60009765625,5013.85009765625,5009.4501953125,5012.2998046875,5012.2998046875,365.0,4998.11701171875,5000.995524474479,65.83207892790983,0.7825466342319208,-13.954784763084547,15.494575769760559,4.395837368249886,2.2791588969065644,2.1166784713433215,21.918625070970982,5004.4077289037305,0.22394486838003316,0.5771523999634688,0.0065793219841067865,24.572588286467433,128.9413198977593,2.049877929687682,5002.66259765625,5001.425048828125,88.0,32.0,56.0,4998.600024414062,5016.229576465342,4980.970472362783,0.8885458982051511,0.7053795848907116,4998.508365885416,5003.603361002604,4993.413370768229,5015.60009765625,4984.10009765625,5.233313075970194,125435.0,0.2403781043120886,5611.723200120764,4339747.428894043,293.22941129223364,5006.425325810184,4983.87150390625,4983.971481603829,28.27189206896272,1.268529753284538,0.6913773533210693
1072,5010.0,5010.0,5004.4501953125,5005.2001953125,5005.2001953125,1717.0,4997.949013671875,5001.160413526951,55.32786555632569,0.19213190543687575,-43.97439867864148,15.041796874999818,4.089723218322433,2.6412717611897385,1.4484514571326947,20.157821595003192,5004.452947538704,0.09099403192807654,0.3548387096774194,0.007787796353402987,24.78315621876194,69.55112308803392,0.1351562500003638,5002.97509765625,5001.425048828125,84.0,28.000000000000004,56.0,4999.3150390625,5016.7967494175255,4981.833328707474,0.668323239845592,0.6993642216356142,4999.346712239583,5004.551692708333,4994.141731770833,5015.60009765625,4984.10009765625,5.420191383043751,123718.0,0.17899929039701312,3068.615700549941,-1430294.5095366633,290.79738811487397,5006.666682801867,4984.418254394532,4984.1827125860045,27.549941651834377,1.1225806451612903,0.7677419354838709
1073,5003.39990234375,5007.0,5003.39990234375,5005.0,5005.0,619.0,4997.796015625,5001.310985545501,55.06107235157861,0.17793600176524302,-51.4565408044751,13.512508616728155,3.7873136660327873,2.8704801421583483,0.916833523874439,18.70569120822557,5004.4732772678,0.11100830032677422,0.2104081344442874,0.008643919012133225,24.944110303504203,49.775242530260996,-4.592529296875,5003.175048828125,5001.425048828125,80.0,24.0,56.0,5000.092529296875,5017.127580233359,4983.057478360391,0.6440403882977114,0.6813894277624449,5000.133374023438,5005.30087890625,4994.965869140625,5015.60009765625,4984.10009765625,5.2901846882727686,123099.0,0.17434780878502057,2612.539043551735,-1177823.1198645176,290.77262968492073,5007.847576994702,4984.95775390625,4984.389849774203,26.638144518595187,1.1221931930518287,0.9117850586075413
1074,5006.0,5006.0,5003.0,5003.2001953125,5003.2001953125,318.0,4997.61001953125,5001.385072203031,52.60514655993465,0.04725768859041186,-60.19341534523217,11.561771886488714,3.363648672318959,2.969113848190471,0.3945348241284883,16.750560832565046,5004.4446295971175,0.15414263462115904,0.06934306569343074,0.009139922256927412,25.065131092788153,32.97746825426864,-2.539843749999818,5003.5626220703125,5001.425048828125,76.0,20.0,56.0,5000.9900390625,5016.637474881773,4985.342603243226,0.5706235921184556,0.6257735247241928,5000.980045572917,5005.990055338542,4995.970035807292,5015.60009765625,4984.10009765625,5.126600067681856,122781.0,0.21666454910681615,2157.55662438363,-660331.2942216981,290.6582764600206,5008.010872476244,4985.484255371094,4984.5770173915,25.696431727312575,0.9956232892335767,0.9262802235401459
1075,5003.0,5003.0,4996.39990234375,4997.39990234375,4997.39990234375,2592.0,4997.357021484375,5001.228791032079,45.55334500285426,0.0,-88.35004385029274,9.606459673713289,2.530683797430356,2.881427838038448,-0.3507440406080917,12.675997288852056,5004.401725304999,-0.021012372389644995,-0.022561610551891764,0.009128763916594873,25.2861026271869,-30.810437732672035,-2.859936523437682,5002.925048828125,5001.425048828125,72.0,16.0,56.0,5001.460034179688,5016.04729778327,4986.872770576106,0.3608329860118281,0.5833202106542268,5001.5525390625,5006.580053710937,4996.5250244140625,5015.60009765625,4985.2998046875,5.2461495606152955,120189.0,0.1343430377907825,-298.43137552831695,-1222252.7399843123,287.65332786949944,5007.188712042439,4985.971755371093,4984.704608286548,24.284421289341886,0.9145529063092409,0.9371145168611327
1076,4997.9501953125,4999.7001953125,4997.5,4998.5498046875,4998.5498046875,285.0,4996.988017578125,5001.123732744057,47.06824462330802,0.06069958385875153,-84.19897762345678,6.686893956801214,1.9409663895694393,2.6933355483446464,-0.752369158775207,9.867497493647575,5004.2791134407,-0.0010061410748497652,0.022907433556558998,0.008805534702277483,25.322320005293594,-46.63852263912242,-3.8375244140625,5002.925048828125,5001.425048828125,68.0,12.0,56.0,5002.0875244140625,5014.936829423886,4989.238219404239,0.3623380905092554,0.5137577040429069,5002.160042317709,5007.162556966146,4997.157527669271,5015.60009765625,4986.5,5.035731232624918,120474.0,0.13840755403649813,-208.98086931445027,-849085.1050929019,287.7189064052126,5007.386854347053,4986.464504394531,4984.842371434816,22.973268739797675,0.9885427880380835,0.9656353544815245
1077,4998.4501953125,4999.7998046875,4996.7998046875,4999.7998046875,4999.7998046875,723.0,4996.734013671875,5001.071813996741,48.737959363460625,0.12760235980619603,-82.29235542444434,4.5386043772978155,1.5565329060373188,2.4659750198831807,-0.9094421138458619,8.062276280643138,5003.993960414948,0.031006946181163408,0.0401332875973931,0.008318857254991794,25.324277774370184,-53.37490657219037,0.5125732421875,5002.925048828125,5001.425048828125,64.0,8.0,56.0,5002.5875244140625,5014.204484443659,4990.970564384466,0.3800150934728055,0.46443805222405643,5002.601700846355,5007.3992106119795,4997.80419108073,5015.60009765625,4991.9501953125,4.890321858865995,121197.0,0.16955254558909097,-50.01931655524311,-124602.89159751036,287.8997088449827,5007.270425423238,4986.968503417968,4984.991201616435,21.894102167096033,0.9734684877037991,0.933335200106406
1078,4996.7998046875,4999.0,4996.7998046875,4997.2001953125,4997.2001953125,261.0,4996.41501953125,5000.919985813045,45.52186491126831,0.0,-95.83184985504298,2.760213694853519,1.0302240681576222,2.178824829538069,-1.1486007613804468,5.555183883137054,5002.723496372237,-0.11792493111448771,-0.011539815531929842,0.007625788519286712,25.234382240588506,-75.57403231934896,6.149975585937682,5002.487548828125,5000.10009765625,60.0,4.0,56.0,5002.850024414062,5013.706001763705,4991.99404706442,0.23978256772301187,0.43399171658815144,5002.836694335938,5007.591723632812,4998.0816650390625,5015.60009765625,4991.9501953125,4.755298868946996,120936.0,0.17900668571105816,-139.80199231520837,-337112.36098716996,287.764003802105,5007.306516647764,4987.466254882813,4985.112684140775,20.892018921015936,0.943758360909667,0.9552981764415969
1079,4996.7998046875,4999.7998046875,4996.7998046875,4997.14990234375,4997.14990234375,271.0,4996.14501953125,5000.772139402485,45.459366540757614,0.0,-96.09378973602564,1.2517994600184466,0.6021214191141553,1.8634841474532864,-1.261362728339131,3.510558387288979,5001.887287819462,-0.23657611611599122,-0.011473653998277933,0.006807434570066695,25.04453788385272,-70.48267191081551,11.197583007812682,5002.487548828125,5000.074951171875,56.00000000000001,8.0,48.00000000000001,5002.652514648437,5013.769260277336,4991.535769019539,0.2525079511407104,0.4444340515895217,5002.783349609375,5007.090893554688,4998.475805664062,5015.60009765625,4995.0,4.629920378307925,120665.0,0.12254120287009261,-121.7773354889286,442696.32149446494,287.76127639595785,5007.342705084968,4987.971003417969,4985.232457456228,19.75696610249104,0.9326141590070633,0.9440878130053413
1080,4997.0498046875,4999.0,4995.0,4995.0,4995.0,1198.0,4995.902021484375,5000.545780994545,42.75695456325483,0.0,-100.0,0.503722426470631,0.08834939692405896,1.508457197347441,-1.420107800423382,0.9753080279570383,5000.32513242591,-0.3759605350997944,-0.14423977521073983,0.005843049402083657,24.83391865410836,-85.62922152181594,7.029882812499636,5001.175048828125,4999.425048828125,52.0,4.0,48.0,5002.37001953125,5013.953323217722,4990.786715844779,0.1818688462835499,0.46311263026308075,5002.5183512369795,5006.843375651042,4998.193326822917,5015.60009765625,4995.0,4.584926065571644,119467.0,0.09714125693547714,-472.32100296372454,-433991.54841402336,287.2458660004032,5006.943802543619,4988.471003417969,4985.329646934276,19.11317091759072,0.8907056611171214,1.0349454363278612
1081,4996.25,4997.25,4994.9501953125,4995.0,4995.0,585.0,4995.7090234375,5000.328299386916,42.75695456325483,0.0,-99.75881393204227,-0.20583639705819223,-0.3151853714234676,1.1437286835932594,-1.458914055016727,-1.1080705090150111,4998.795894744005,-0.2874576321409818,-0.3765432596546969,0.00481090690048397,24.681022970438367,-87.63862238574251,8.852490234375182,5000.7125244140625,4999.425048828125,48.0,4.0,44.0,5002.147509765625,5014.111340456267,4990.183679074983,0.20128673873596054,0.47834777632146774,5002.2966796875,5006.62919921875,4997.96416015625,5015.60009765625,4994.9501953125,4.421703109995098,120052.0,0.10002232346511082,-404.8465739689068,-353777.7142646985,287.2458660004032,5006.247198333504,4989.025754394531,4985.42586935284,18.526825346700466,0.8109058359608732,1.18744909561557
1082,4993.35009765625,4994.2001953125,4993.35009765625,4993.60009765625,4993.60009765625,151.0,4995.516025390625,5000.064448338655,40.91994428860684,0.0,-98.87640449438203,-1.3019445082718448,-0.7394263555670477,0.767097675761198,-1.5065240313282457,-3.402562812694196,4997.546175012544,-0.34723413178507284,-0.5903491639254386,0.0037136538810151566,24.344653330187178,-109.15422234800336,10.247290039062136,5000.362548828125,4999.425048828125,44.0,4.0,40.0,5002.052514648438,5014.253781879421,4989.851247417455,0.15362544594038263,0.48785042521051863,5002.13085123698,5006.2258707682295,4998.03583170573,5015.60009765625,4993.35009765625,4.223717340977592,119901.0,0.12146095891299104,-377.2092425313844,-1308897.7100043898,287.2035466302518,5003.033290355354,4989.567004394531,4985.507204957849,18.35510694213028,0.6824629934210527,1.2728121573464912
1083,4993.85009765625,4997.89990234375,4993.60009765625,4995.64990234375,4995.64990234375,979.0,4995.4490234375,4999.891328887875,44.66860282482043,0.15047520377075452,-88.7814405487805,-2.0025117761942965,-0.8998651987794801,0.43370510085306235,-1.3335702996325425,-4.417457331634371,4997.28231079433,-0.33218089484948643,-0.5807663677289001,0.0026927822193085434,24.19467662789984,-80.90333262960905,3.287695312499636,5000.97509765625,4999.425048828125,40.0,96.0,-56.0,5001.9125,5014.338112805008,4989.486887194993,0.24799642663392035,0.4968344730143681,5002.045841471354,5006.200846354166,4997.890836588542,5015.60009765625,4993.35009765625,4.229152151443478,120880.0,0.10302290549600304,-36.64238087511524,867363.0647201461,287.6054127688729,5001.17114596231,4990.100754394532,4985.608127319899,17.139923876811505,0.6642533054482294,1.2450196731771295
1084,4995.7001953125,4995.7001953125,4992.0,4992.0,4992.0,412.0,4995.48302734375,4999.581865009919,39.82325272522342,0.0,-100.0,-3.0792207605691146,-1.3064705740307545,0.08566996587629899,-1.3921405399070534,-6.7289659049728545,4996.436907916238,-0.2637296171462297,-0.5085057089321481,0.0016190785723590388,23.846912807909934,-104.6768320193316,3.417504882812864,4999.8375244140625,4999.425048828125,36.0,100.0,-64.0,5001.582495117187,5014.675140765866,4988.4898494685085,0.13405046717375077,0.5235401260085331,5001.787508138021,5005.957527669271,4997.617488606771,5015.60009765625,4992.0,4.1913695200903724,120468.0,0.08453345571125352,-246.23057869652735,-1706313.0452794936,287.304398927827,5000.0019012952225,4990.626755371094,4985.671728043084,16.405921970275962,0.7013263921579487,1.2098321010900968
1085,4990.10009765625,4990.10009765625,4985.39990234375,4986.5498046875,4986.5498046875,1514.0,4995.3540234375,4999.070803820805,33.90838074358251,0.0,-95.32561878485937,-4.884363511029733,-2.0449209006628735,-0.3404482074315355,-1.704472693231338,-10.733076920697151,4994.891702019468,-0.36863527097902093,-0.7713323585449069,0.00034001658638718334,23.71368914278781,-155.44005934388557,2.202709960937682,4996.5499267578125,4999.425048828125,32.0,100.0,-68.0,5000.997485351562,5015.5928159729665,4986.402154730158,0.005058123079628123,0.5836967790587939,5001.227506510417,5005.502530924479,4996.952482096354,5015.60009765625,4985.39990234375,4.36342152981606,118954.0,0.057461464873180636,-1389.8541679005948,-1893768.1908651576,285.65143504498946,4997.981623585909,4991.149255371094,4985.680465124124,17.04890457103901,0.549000841862732,1.320333200407639
1086,4986.5498046875,4988.64990234375,4985.39990234375,4986.14990234375,4986.14990234375,261.0,4995.128017578125,4998.564101802097,33.51503463409256,0.0,-96.52779347604947,-6.63469812729727,-2.632075948657075,-0.7987737556766434,-1.8333021929804316,-14.075769694531099,4993.061944000392,-0.3407877419081576,-0.6950543872371284,-0.0010379618915335742,23.702634278458817,-141.35950905099693,-2.750073242187682,4996.5499267578125,4999.425048828125,28.000000000000004,100.0,-72.0,5000.149975585938,5016.067152888172,4984.232798283703,0.06022123218347405,0.6366679951582537,5000.450830078125,5004.598364257812,4996.303295898438,5015.60009765625,4985.39990234375,4.283891420543484,118693.0,0.040253801683354504,-1206.2142170174743,-902899.3803879311,285.6305038368783,4996.24615745208,4991.68150390625,4985.685136141235,17.645959843176126,0.6524728063814358,1.3475271936185642
1087,4986.2001953125,4989.2001953125,4984.7998046875,4986.64990234375,4986.64990234375,983.0,4994.963017578125,4998.096878293927,34.53752903959413,0.05356146729121242,-91.27320466166107,-7.91987448299642,-3.022216502515221,-1.243462305044359,-1.7787541974708618,-16.537009396990584,4991.469158233644,-0.21511186236983587,-0.6062304880834539,-0.002401478219294541,23.709500914716003,-129.24904739548558,-0.482666015625,4996.2498779296875,4999.425048828125,24.0,96.0,-72.0,4999.032470703125,5015.438173178219,4982.626768228031,0.12261389360883507,0.6563551075628912,4999.394995117187,5003.312548828125,4995.47744140625,5015.60009765625,4984.7998046875,4.292212792290378,119676.0,-0.04195423528347594,-963.6836145864066,-11147.511696645712,285.72907688615,4994.850085124331,4992.233002929687,4985.694735804941,18.309931213793188,0.6666698393360238,1.2729003274194777
1088,4989.14990234375,4989.2998046875,4985.0,4986.0,4986.0,550.0,4994.866015625,4997.622490909852,33.809679962520434,0.019355369199155682,-93.40559102859902,-9.612686695772027,-3.345285026520287,-1.6638268493395447,-1.6814581771807422,-18.796650397691785,4990.218100064032,-0.2510689135423067,-0.5589365612758295,-0.0037174815667461066,23.80425525243806,-123.48678221697007,2.159838867187318,4996.0499267578125,4999.425048828125,20.0,100.0,-80.0,4997.639965820313,5013.497060104191,4981.782871536434,0.13297292644130357,0.6345832990102536,4998.124153645833,5001.99668782552,4994.251619466146,5015.60009765625,4984.7998046875,4.292755070519637,119126.0,-0.4280443711323118,-877.0782823687057,117191.05460427023,285.6573962396112,4994.164826453398,4992.795002441406,4985.697773259619,18.893268057920295,0.686315281361974,1.2452518426378034
1089,4985.60009765625,4987.10009765625,4985.0,4987.0,4987.0,923.0,4994.683017578125,4997.205922638877,36.04311813669633,0.16607081408782057,-85.33203125,-11.13813620174642,-3.4805064054244212,-2.02716276055652,-1.4533436448679011,-20.12686959764512,4989.653581198655,-0.256006344004008,-0.4592864424057086,-0.0048988500052181295,23.84667627913439,-116.97034460944155,0.6802246093748181,4995.77490234375,4999.425048828125,16.0,96.0,-80.0,4996.519970703125,5012.05742339017,4980.982518016081,0.19364441859047152,0.62193097508457,4996.8691569010425,5000.536686197917,4993.201627604167,5013.85009765625,4984.7998046875,4.136136683786091,120049.0,-0.29178805611552155,-619.9242420303192,-250249.16472181855,285.842514570939,4992.014708542187,4993.3992529296875,4985.710730739623,19.434937984609753,0.7975025484199796,1.2567889908256882
1090,4987.2998046875,4989.9501953125,4986.9501953125,4987.64990234375,4987.64990234375,916.0,4994.60701171875,4996.831176744951,37.51869664381296,0.2630021550324384,-80.99934895833333,-11.051046932444478,-3.4949411289344425,-2.3207184342321048,-1.1742226947023378,-20.87036985386986,4989.414357025418,-0.19111287511972036,-0.3086413551284499,-0.005904370717200701,23.92299921221631,-88.48915508497318,1.797436523437682,4995.77490234375,4999.425048828125,12.0,92.0,-80.0,4995.352465820312,5009.835612517384,4980.8693191232405,0.23408529107422396,0.5798648562306579,4995.82666015625,4999.349194335938,4992.304125976562,5013.85009765625,4984.7998046875,4.054984063515656,120965.0,-0.40038796268055016,-446.3192721867022,786074.1761053493,285.96188704875635,4991.461453858969,4993.993251953125,4985.730025979465,18.95895505716836,0.8199692564275165,1.1286106115559664
1091,4987.60009765625,4994.0498046875,4987.60009765625,4992.60009765625,4992.60009765625,857.0,4994.640009765625,4996.665252074807,47.46155337376007,1.0,-47.998046875,-10.313828412224211,-3.07153462095539,-2.470881671576762,-0.6006529493786279,-18.66631152502923,4989.471841277856,-0.09104799288422512,-0.18539747462428946,-0.00654397440132525,24.059023518429992,-42.944308993093074,0.6325195312501819,4995.77490234375,4999.425048828125,8.0,88.0,-80.0,4994.36748046875,5006.613026632313,4982.121934305186,0.42783568862944515,0.4903742550563907,4994.8041585286455,4998.4291829427075,4991.179134114583,5010.0,4984.7998046875,4.226035704068109,121822.0,-0.36557897679703893,223.48596424175514,1787220.4858475,286.8124514359679,4990.9195199503565,4994.623251953125,4985.798384901622,17.85030696014104,0.8578397343289743,1.0432372089532638
1092,4993.0498046875,4993.0498046875,4989.85009765625,4992.0,4992.0,264.0,4994.7680078125,4996.482301013049,46.49559766125062,0.9307385785269825,-51.998697916666664,-9.364275045956674,-2.7526736699492176,-2.5272400712512533,-0.2254335986979643,-17.110063058983936,4989.504085315044,-0.06006006006006006,-0.14545777379049962,-0.006921634521231595,23.97520551359375,-33.471719561209504,1.292529296874818,4995.2249755859375,4999.425048828125,4.0,84.0,-80.0,4993.707470703125,5004.926311991684,4982.488629414566,0.4239016463818559,0.449319122290488,4994.058317057292,4997.565836588542,4990.5507975260425,5007.0,4984.7998046875,4.15272651315253,121558.0,-0.3101629538872225,168.9271434572187,757506.3994436553,286.7807193168013,4990.760095056439,4995.223002929688,4985.860092514541,16.820848012901386,0.9167531096096517,1.0622108834001514
1093,4991.0498046875,4993.9501953125,4989.64990234375,4992.35009765625,4992.35009765625,623.0,4994.88201171875,4996.320253822587,47.17111832819664,0.9791750865585291,-46.82965408156248,-8.254098690256797,-2.4435563178658413,-2.5105033205741707,0.06694700270832943,-15.630044418656725,4989.589944071427,-0.05305109797297297,-0.1437859031640375,-0.00708038389781751,23.933595245690217,-21.74383366261022,0.5251220703121362,4994.8123779296875,4999.425048828125,12.0,80.0,-68.0,4993.074975585938,5003.031202195368,4983.118748976508,0.4635967541658149,0.3988014062721556,4993.400821940105,4996.94335123698,4989.85829264323,5006.0,4984.7998046875,4.163266974266635,122181.0,-0.2945230277893748,175.95338579815177,241656.90040894537,286.82441139209055,4990.644857312518,4995.812502441407,4985.92466968013,16.108523517509735,0.9150360171423361,1.0588219203063736
1094,4991.5,4992.0,4990.0,4990.0498046875,4990.0498046875,245.0,4994.96900390625,4996.074353856506,43.3026239616633,0.7017944413420034,-59.923962875992395,-6.936902573529551,-2.3570227168138445,-2.4798071998221056,0.12278448300826117,-15.376762501450239,4989.598226706821,-0.07109686196971064,-0.1290984184926287,-0.007161726377824945,23.789682071264725,-34.73304589789426,3.232446289062864,4994.8123779296875,4999.425048828125,8.0,76.0,-68.0,4992.417456054687,5001.290078973144,4983.54483313623,0.36657545412743875,0.3554439506133934,4992.7316487630205,4996.224178059895,4989.239119466145,5003.0,4984.7998046875,4.033754880122589,121936.0,-0.2930661264559357,70.30693392073724,-653101.0841836734,286.7115243216088,4989.910172696481,4996.366000976563,4985.965715799606,15.447079343217487,0.9470133877750704,1.076111806267699
1095,4989.64990234375,4989.64990234375,4985.4501953125,4987.75,4987.75,1120.0,4994.93400390625,4995.747908607231,39.78925254831179,0.4498769930573232,-77.47959297774796,-6.735311351103519,-2.4458252811818966,-2.473010816094064,0.027185534912167242,-16.151880051433487,4989.5728106939705,-0.15813562795991162,-0.20479995675714635,-0.007263633983969141,23.69138587400097,-79.37573589927283,0.0650390624996362,4994.3748779296875,4999.85009765625,4.0,72.0,-68.0,4991.9349609375,5000.720420874265,4983.149501000736,0.26182459611548253,0.35198615388669946,4992.1658203125,4995.538330078125,4988.793310546875,4999.7998046875,4984.7998046875,4.074173058328118,120816.0,-0.18013176152111612,-307.7056637822252,-1293641.4458921978,286.19534084632966,4989.300326059049,4996.885751953125,4985.983469871252,15.163346385178626,0.871775929946577,1.0765758867037234
1096,4987.0,4989.0,4984.9501953125,4984.9501953125,4984.9501953125,2332.0,4994.836005859375,4995.324468870183,35.96368798629213,0.17557452134882715,-98.8519885198852,-7.186901137407403,-2.710873529975288,-2.520583358870309,-0.19029017110497914,-17.97261852399509,4989.517500046529,-0.1412220490284455,-0.16078022015942572,-0.007470229772491261,23.6658086790073,-94.07137557091264,-4.705175781249636,4994.4124755859375,4999.85009765625,4.0,100.0,-96.0,4991.25498046875,4999.992312507125,4982.517648430375,0.13920421425220994,0.3501056176278278,4991.55166015625,4995.016650390625,4988.086669921875,4999.7998046875,4984.7998046875,4.072432460411824,118484.0,-0.3087077761500701,-1196.48264484905,-99847.33923426214,284.88630480177056,4988.660594544141,4997.40150390625,4985.973188532359,15.025658660502236,0.8842782704717209,1.0450584906311466
1097,4984.10009765625,4984.9501953125,4976.89990234375,4982.2001953125,4982.2001953125,4511.0,4994.71701171875,4994.8097914757645,32.643823082446175,0.0,-71.80739163182089,-8.822025792738714,-3.1070124880907315,-2.637869184714394,-0.4691433033763377,-20.580548706258973,4989.193171874812,-0.08722683108291111,-0.4167334158596082,-0.007831054044698312,23.815475551151184,-161.2808804713059,-4.22509765625,4989.46240234375,4996.25,4.0,100.0,-96.0,4990.375,4999.037478358217,4981.712521641783,0.028148622746906805,0.3471674316345931,4990.679174804687,4994.3966796875,4986.961669921875,4999.7998046875,4976.89990234375,4.356565353864551,113973.0,-0.20977089444926794,-2797.7351241563283,-1079686.6668510057,282.39776439234663,4986.089160452159,4997.90650390625,4985.935646311266,16.487146335930426,0.7539341569779202,1.1706675728375284
1098,4982.4501953125,4985.0,4980.0498046875,4983.60009765625,4983.60009765625,663.0,4994.675009765625,4994.370195639705,35.88828950687052,0.21895839380517282,-60.93158329299889,-10.21308019301523,-3.2702970975051358,-2.7643547672725424,-0.5059423302325934,-21.797344513815478,4989.083272512865,-0.05113774630605187,-0.294648731342692,-0.008209751834922856,23.997699551096762,-120.73073779679694,-3.045092773437318,4988.71240234375,4996.25,4.0,96.0,-92.0,4989.694995117187,4998.24204764345,4981.147942590925,0.14345033318740863,0.3425881756150066,4989.940006510417,4993.795011393229,4986.0850016276045,4999.7998046875,4976.89990234375,4.398967493767083,114636.0,-0.18196093420818027,-2265.467927290246,1194507.8995073184,282.5840546290937,4985.767569853772,4998.414504394531,4985.9124070211665,17.827734820829694,0.8360376356444748,1.1306863669871667
1099,4987.2998046875,4987.2998046875,4985.5,4985.5,4985.5,1675.0,4994.645009765625,4994.022344830306,40.10500781011427,0.5035308769280151,-49.853372434017594,-10.771333582260922,-3.209399130478232,-2.8533636399136806,-0.3560354905645515,-21.576468714611796,4989.040168839349,-0.023059616501441983,-0.0511075804586707,-0.008493892379817857,24.093963985874755,-59.66140809423518,-3.112500000000182,4988.46240234375,4996.25,12.0,92.0,-80.0,4989.1125,4997.118708409467,4981.106291590533,0.2743938319336942,0.3209471989042955,4989.349178059896,4993.144173177084,4985.554182942708,4999.0,4976.89990234375,4.349020317873006,116311.0,-0.24032611217437885,-1487.2101625657467,416372.7262126866,283.22261638433537,4985.652077218702,4998.917004394531,4985.908303468717,18.317163332907928,0.9684903133500253,1.019597893808696
1100,4985.4501953125,4986.5,4985.0,4985.0,4985.0,380.0,4994.604013671875,4993.66852738598,39.3711055181439,0.4540022191955563,-52.76884093044444,-10.657811063879308,-3.1649987388709633,-2.9156906597051373,-0.24930807916582598,-21.603637366067122,4988.955340680687,-0.02005615724027276,-0.050037296476983406,-0.008705470654009461,24.002903107316975,-65.51453216962221,-1.612500000000182,4987.6875,4996.25,8.0,88.0,-80.0,4988.6125,4996.329324029082,4980.895675970918,0.2659334989118648,0.3093775685757148,4988.807511393229,4992.477506510417,4985.137516276041,4997.89990234375,4976.89990234375,4.145518866596363,115931.0,-0.20916820803070868,-1301.8944250563543,-256540.3988486842,283.1845058638259,4985.630884617982,4999.416755371094,4985.899265623258,18.868353799615317,0.9587423799439266,1.00877967642091
1101,4985.0498046875,4985.89990234375,4985.0,4985.89990234375,4985.89990234375,140.0,4994.5730078125,4993.36387542354,41.44789379035298,0.5941578456902891,-47.52156706431683,-10.314309512868022,-3.0223566640206627,-2.9370238605682424,-0.08533280345242034,-21.042454810817816,4988.642719821179,-0.022059307324042512,-0.06360995395746549,-0.008807183466084383,23.904289870043787,-59.469787886657784,-0.5075927734378638,4986.887451171875,4996.25,4.0,84.0,-80.0,4988.157495117188,4995.3708758281455,4980.94411440623,0.3435135435172284,0.28922024687547054,4988.300838216145,4991.9008382161455,4984.700838216146,4997.89990234375,4976.89990234375,3.91368911496448,116071.0,-0.17805981437931628,-1097.9114603161609,-192867.60262080602,283.20977894870555,4985.549599135411,4999.920754394531,4985.899271958785,19.38017351870075,0.9672677775341665,1.030877731491632
1102,4985.0498046875,4985.2998046875,4982.0498046875,4982.0498046875,4982.0498046875,1120.0,4994.396005859375,4992.920186375068,35.79808877462881,0.21287104233714216,-69.97124391424423,-8.950379136029369,-3.183287539049161,-2.9862765962644264,-0.1970109427847344,-22.216196246147042,4987.695533975713,-0.11227928515228092,-0.13679371309066446,-0.008964312481131033,23.879589646924032,-108.69970885623222,5.020117187499636,4986.39990234375,4996.25,4.0,100.0,-96.0,4987.57998046875,4994.807370080631,4980.35259085687,0.11741541011156864,0.28981548727770656,4987.771655273436,4991.491650390624,4984.051660156249,4997.89990234375,4976.89990234375,3.909146867913446,114951.0,-0.22131139565454308,-1557.0825909852808,-515109.4709123884,282.3449181493596,4985.335521655341,5000.395002441406,4985.860968801857,20.43420199880068,0.8962254590346683,1.0330191721253328
1103,4982.2998046875,4985.0,4982.0498046875,4985.0,4985.0,258.0,4994.307001953125,4992.609590830947,42.28963993349534,0.650964531099848,-52.76884093044444,-7.898170381433374,-3.0377529855641114,-2.9965718741243634,-0.04118111143974801,-21.220035814509313,4987.500562183498,-0.15222724647659694,-0.09935258061006136,-0.009018973589851953,23.922756086410033,-85.88529078577751,4.9525146484375,4985.8123779296875,4996.25,4.0,96.0,-92.0,4987.0474853515625,4993.325023757076,4980.769946946049,0.33691972718445923,0.25175370493074084,4987.186653645833,4990.83916829427,4983.5341389973955,4995.7001953125,4976.89990234375,3.840650328241057,115209.0,-0.2140183432672961,-1225.9064507552407,-171411.3146759743,282.49769670847974,4985.249977542855,5000.876003417969,4985.852401948107,21.41294273032204,0.8978636973631714,0.9972162779732328
1104,4982.9501953125,4984.64990234375,4982.60009765625,4982.89990234375,4982.89990234375,113.0,4994.26,4992.22881873341,39.247456161686,0.4456575298249865,-65.01437804287788,-7.734767061120692,-3.0566410773717507,-3.008585714773841,-0.04805536259790966,-21.31727977536615,4987.176912522234,-0.18229362292167467,-0.1868598413644491,-0.009067186908347425,23.93964252356888,-98.94196686424314,5.757617187499818,4985.64990234375,4996.25,16.0,92.0,-76.0,4986.59248046875,4992.684637668947,4980.500323268553,0.19694001618337167,0.24434149066957367,4986.69414876302,4990.2641438802075,4983.124153645833,4994.0498046875,4976.89990234375,3.7377397579202674,115096.0,-0.20023475095151239,-1084.6785342410992,181575.79202567582,282.4500916863822,4985.047335921202,5001.340502929687,4985.823023842591,22.321773409591877,0.8638485168034478,1.0507083581678969
1105,4984.89990234375,4985.0,4983.0498046875,4983.0498046875,4983.0498046875,189.0,4994.16099609375,4991.868857398275,39.581554733877205,0.47756526828078744,-63.9308113061657,-7.26727941176523,-3.0246479016250305,-3.0117981521440793,-0.01284974948095119,-21.296848087990973,4986.992888342007,-0.1862908807841059,-0.2842521493404695,-0.00908547145905801,23.89281921961843,-80.46832705617369,3.63232421875,4985.02490234375,4996.25,12.0,88.0,-76.0,4986.41748046875,4992.702512325921,4980.132448611579,0.23208761245914367,0.2520860670727506,4986.511645507812,4989.944140625,4983.079150390625,4994.0498046875,4976.89990234375,3.620765322086677,115285.0,-0.18263893137983578,-925.6770946396922,412638.98213704425,282.45577744036564,4984.628265463684,5001.804501953125,4985.795429622142,23.012608554481144,0.844578469649615,1.1288306189900845
1106,4989.2001953125,4989.2998046875,4989.2001953125,4989.2998046875,4989.2998046875,1798.0,4994.2269921875,4991.768110233147,51.54607727061147,1.0,-27.274549672098285,-5.97859030330892,-2.4665376026587182,-2.9027460422470073,0.43620843958828903,-17.258687671342678,4987.067335632635,-0.015029910108221224,-0.25216647555313265,-0.008820680834713525,23.76803362094277,70.97214549198543,1.1750244140621362,4986.037353515625,4996.25,8.0,84.0,-76.0,4986.574975585938,4992.981975318083,4980.167975853793,0.7126447023160672,0.25696995486935503,4986.638313802083,4989.9132893880205,4983.363338216145,4994.0498046875,4976.89990234375,3.808567799080486,117083.0,-0.06975721728679055,811.9196331659779,28947.09187169229,284.71092247010813,4985.056194453058,5002.301000976562,4985.830299025778,22.009324115919007,0.8103934432392804,1.062559918792413
1107,4989.25,4992.7998046875,4989.2001953125,4989.7001953125,4989.7001953125,258.0,4994.225,4991.687015530377,52.19913288511718,1.0,-19.494518318336763,-4.0959056181063715,-1.969223015404168,-2.71604143687844,0.7468184214742717,-13.873741198838294,4987.282528545804,0.03909970051626485,-0.20098324107508647,-0.008344679773974902,23.85285697700389,93.24408840509288,-1.777294921875182,4987.412353515625,4996.25,4.0,80.0,-76.0,4986.727490234375,4993.277977205571,4980.177003263179,0.726907181954301,0.26271686126919086,4986.822485351562,4990.057421874999,4983.587548828124,4994.0498046875,4976.89990234375,3.7936421973604513,117341.0,-0.07400772834253364,710.6883686065524,2441595.5062984494,284.73162693472113,4984.8606850993,5002.817751464844,4985.868805456492,20.829159377600813,0.811707428614983,1.0126906696900695
1108,4989.2998046875,4994.39990234375,4989.2998046875,4994.39990234375,4994.39990234375,704.0,4994.273994140625,4991.793403248549,59.15746952907329,1.0,-0.0,-2.058852251838289,-1.1822423873936714,-2.409281626981486,1.2270392395878145,-8.462003915459885,4988.100013703609,0.18956472303646776,-0.12963984411028018,-0.007547386085626399,24.012801830001145,124.10857235569848,-4.947290039062864,4987.8123779296875,4996.25,100.0,76.0,24.0,4987.147485351563,4994.487146724744,4979.807823978382,0.9940566480823784,0.2943430646372278,4987.119148763021,4990.394099934896,4983.844197591146,4994.39990234375,4976.89990234375,3.8869604444239907,118045.0,-0.021120116802268666,1081.8177088056163,615672.7163629098,285.3947116132571,4985.128836148157,5003.358500976563,4985.953691992683,20.147135883593812,0.8231411235995696,0.9527809677098498
1109,4992.5,4999.10009765625,4992.5,4998.0498046875,4998.0498046875,1298.0,4994.21298828125,4992.038752324586,63.590307110858426,1.0,-4.731007786037918,0.4908605238970267,-0.26102897463715635,-1.97963109651262,1.7186021218754637,-2.3164557515609956,4989.399871771107,0.3181246990017,0.1267787388392857,-0.006411446139470306,24.307741186093466,173.26078870591357,-4.099877929687864,4989.2874755859375,4996.25,100.0,72.0,28.0,4987.699975585938,4996.4416808104015,4978.958270361474,1.0919799876457825,0.35053051575888794,4987.628312174479,4991.128263346354,4984.128361002604,4999.10009765625,4976.89990234375,4.08075595955442,119343.0,-0.01815066362109853,1604.0684992887427,2008603.60737758,286.34328868654353,4985.908564225626,5003.92125,4986.07405132298,20.543125004371344,0.9624895368303571,0.8357107979910714
1110,4999.9501953125,5001.2001953125,4996.7001953125,4998.9501953125,4998.9501953125,1133.0,4994.178994140625,4992.309789304504,64.61071856527911,1.0,-9.259147627946229,3.4656221277573422,0.5355201476031652,-1.476600847689463,2.0121209952926282,2.866719572729563,4990.8484930468,0.3080122272143994,0.2577458697344521,-0.005049595789265453,24.51276991223523,178.6087896774974,-2.764990234374636,4990.3375244140625,4996.25,100.0,68.0,32.0,4988.264990234375,4998.287636159123,4978.242344309626,1.033053105854042,0.40184897732459246,4988.166650390625,4991.7416015625,4984.59169921875,5001.2001953125,4976.89990234375,4.1107019624433905,120476.0,0.006881140331399394,1520.6505105510653,1251161.4456917476,286.5473968123105,4986.882092045131,5004.49125,4986.202172158697,21.295590574762958,1.0460513796384396,0.7883055099039875
1111,4997.39990234375,4999.75,4996.2001953125,4998.39990234375,4998.39990234375,853.0,4994.15798828125,4992.548617266828,63.4404851696554,0.9593847071882535,-13.239911349155047,5.220191865808374,1.1095962869221694,-0.9593614207671365,2.068957707689306,6.644977433833238,4991.825398463648,0.2587484172851269,0.4754542122132095,-0.003606537521030725,24.670882678268857,145.89751868007048,-3.554980468749818,4990.3375244140625,4996.25,96.0,64.0,32.0,4988.55498046875,4999.367089948859,4977.742870988641,0.9552729461864876,0.433476608855299,4988.50165201823,4991.931608072917,4985.071695963542,5001.2001953125,4976.89990234375,4.070637871376006,119623.0,-0.006716368977540731,1236.3575944232346,-405792.05520826654,286.45349711657366,4990.145931263363,5004.583249511718,4986.323542608299,21.823466090238384,1.1953793952609664,0.7199251830477569
1112,4995.35009765625,5002.64990234375,4995.35009765625,5001.5498046875,5001.5498046875,1194.0,4994.278984375,4992.901605008815,67.112364315903,1.0,-5.340254568726445,6.787836052390048,1.798000329059505,-0.4078890708018082,2.2058893998613134,11.102231923122748,4994.639717465248,0.3319920699598797,0.43370352052515626,-0.0020407387806033366,24.90703912515177,150.4847275794286,-3.132568359375,4991.199951171875,4996.25,100.0,60.0,40.0,4989.032470703125,5001.172865387618,4976.892076018632,1.0155241781539222,0.48668333011598963,4988.912483723959,4992.547444661459,4985.277522786459,5002.64990234375,4976.89990234375,4.301292643956291,120817.0,0.029659749135915348,1597.0184235681295,626598.5706144043,287.205934590949,4991.621833751153,5004.656999511719,4986.475047703615,22.83479170221516,1.1132592958949687,0.6795557753698125
1113,5004.0,5012.2001953125,5003.14990234375,5012.2001953125,5012.2001953125,2188.0,4994.553984375,4993.658412471705,75.91908274047846,1.0,-0.0,9.677132640165837,3.166462003620836,0.3069811440827207,2.8594808595381154,19.011437614514076,5000.314294968838,0.527493401068619,0.5412228954081633,-3.9155523297845215e-05,25.234541821331735,221.50946311920245,-7.975170898437682,4996.0875244140625,4996.25,100.0,56.00000000000001,43.99999999999999,4990.024975585938,5005.791911950394,4974.258039221481,1.2032190405915595,0.631938174321661,4989.772485351562,4993.644946289061,4985.900024414062,5012.2001953125,4976.89990234375,4.75479964260227,123005.0,0.1190611161476598,4697.880746986968,3588287.63312352,291.8651013687466,4995.7224664141795,5004.769001464843,4986.731019321614,24.991356524062798,1.1436623086734694,0.6024394132653061
1114,5012.2998046875,5019.75,5010.35009765625,5019.14990234375,5019.14990234375,5679.0,4994.96498046875,4994.658078741197,79.73289136998548,1.0,-1.5917627250356172,12.996248851102791,4.756926132866283,1.1969701418394334,3.55995599102685,27.22948363512579,5008.246000935662,0.744675366780624,0.7114935142883371,0.0024404117460878226,25.686411393214247,227.36245935741906,-6.47998046875,5001.4000244140625,4998.324951171875,100.0,52.0,48.0,4991.47998046875,5011.723010724063,4971.236950213437,1.1834431783684596,0.8111033334611096,4991.059155273438,4995.301611328125,4986.81669921875,5019.75,4976.89990234375,5.086592692684251,128684.0,0.2835078122315425,9664.952958912938,1220712.7977664422,299.7393651037384,5002.895695393279,5004.984250488281,4987.053595272084,27.613873508921095,1.238604989443507,0.5271114751551699
1115,5020.2998046875,5022.9501953125,5020.0,5021.14990234375,5021.14990234375,3068.0,4995.422978515625,4995.696973784434,80.68112610745504,1.0,-4.40165226111456,16.754905790441626,6.108350437741137,2.179246201019774,3.929104236721363,33.77328082899707,5013.693888754691,0.7251735675777332,0.8625905569975401,0.0052070051231421785,25.940184278881745,209.19477525664513,-10.250073242187682,5003.0001220703125,4999.925048828125,100.0,48.0,52.0,4993.149975585938,5017.064469958725,4969.235481213151,1.085417494539928,0.9578920917543899,4992.746655273438,4996.9266357421875,4988.566674804688,5022.9501953125,4976.89990234375,4.994714140974662,131752.0,0.23832669454467625,9160.816821925377,617834.0591694261,300.9618828845151,5005.872094235076,5005.197749023438,4987.392862009116,30.261840123474336,1.3511341226221376,0.4885435656245976
1116,5021.14990234375,5022.39990234375,5016.0498046875,5017.0,5017.0,3026.0,4995.7009765625,4996.532386577202,73.04445823880403,0.8156893203366643,-14.548015854066186,20.256336167280097,6.766501481800333,3.096697257175886,3.6698042246244467,36.22757791886681,5014.5676774204,0.684342417559115,0.8209183974220423,0.007874140838079208,26.02626564388315,154.5584390899806,-11.702661132812864,5003.0250244140625,4999.925048828125,96.0,44.0,52.0,4994.752465820313,5020.480827503575,4969.024104137051,0.9323542721758432,1.0302156857351465,4994.355810546875,4998.650805664061,4990.060815429687,5022.9501953125,4976.89990234375,5.091527249208616,128726.0,0.23985376464748154,6058.1852056235375,-472216.45880281256,298.46094092173354,5008.796352930947,5005.475,4987.687460397085,31.618270415993596,1.3339948519442753,0.5130764545222329
1117,5018.9501953125,5028.0,5017.25,5025.2998046875,5025.2998046875,6302.0,4996.02697265625,4997.660520620743,77.60920024368437,0.9258591896930347,-5.947579560976134,24.190894990808374,7.867128440315355,4.05078349380378,3.816344946511575,40.11849899100284,5017.707360887322,0.8478743270889223,0.826873171164248,0.010669152004112652,26.274057246702494,157.8468016965737,-7.607641601562136,5006.3499755859375,5002.449951171875,100.0,40.0,60.0,4996.907446289062,5025.164992449603,4968.649900128521,1.0023854201127524,1.131001382926413,4996.464135742188,5000.894116210938,4992.034155273437,5028.0,4980.0498046875,5.513561017122286,135028.0,0.2797262520224279,12664.925767766603,579999.5986517178,308.8865676190881,5012.362881101616,5005.755749511719,4988.061712579079,33.331533409796265,1.312948896048237,0.486075724883989
1118,5027.4501953125,5027.89990234375,5020.0498046875,5020.25,5020.25,1698.0,4996.154970703125,4998.546382557184,69.85789147883023,0.736658211584589,-17.24130439505529,26.56483369715079,8.236955701228908,4.888017935288806,3.348937765940102,40.20997273413378,5018.130098425212,0.6203314397627893,0.8040781469219807,0.013210833055800678,26.47071018678915,131.74444648773877,-9.039746093750182,5007.0625,5002.449951171875,96.0,36.0,60.0,4998.73994140625,5028.042067930098,4969.437814882403,0.8670392074828391,1.1723805145824135,4998.456632486979,5003.031608072917,4993.881656901042,5028.0,4982.0498046875,5.680456491345694,133330.0,0.21354370337964385,9630.71232103209,624056.6501347842,307.1802876571688,5013.073496136505,5006.050500488282,4988.381994045953,34.92242047547017,1.323101920400162,0.5190237734781813
1119,5019.10009765625,5020.89990234375,5018.0,5018.9501953125,5018.9501953125,567.0,4996.3459765625,4999.346532077001,67.97595336799799,0.5639213508579962,-23.324356296091214,26.512462660844903,8.329149839963975,5.57624431622384,2.752905523740135,39.603606615608236,5018.234733030426,0.5862075646845171,0.6859835682686232,0.015396528672395644,26.592962428275985,98.16485064756688,-6.012548828124636,5007.0625,5002.449951171875,92.0,32.0,60.0,5000.412451171875,5030.31323922266,4970.511663121089,0.809987551317039,1.1959328692487268,5000.115804036458,5004.745784505208,4995.4858235677075,5028.0,4982.0498046875,5.481845480803145,132763.0,0.26723131110043263,8149.612095482864,-2314246.016204673,307.033484358964,5013.378293943628,5006.333000488281,4988.686155252586,35.83889456615557,1.2937487978457396,0.6077652295771164
1120,5018.14990234375,5019.0,5010.7001953125,5013.89990234375,5013.89990234375,3042.0,4996.403974609375,4999.917252479619,61.089728278647584,0.31214793585996947,-36.34064080944351,24.369074563418508,7.903590254971277,6.0417135039733285,1.8618767509979488,36.627193456030255,5017.951890271687,0.39043729739881516,0.5467574115157148,0.017021844208626936,26.71924191021488,65.00327535931106,-3.807641601562864,5007.0625,5002.449951171875,88.0,28.000000000000004,60.0,5001.857446289063,5031.43072172654,4972.284170851586,0.7036036907739065,1.1824917345222408,5001.567472330729,5006.537443033854,4996.597501627604,5028.0,4982.0498046875,5.683128281281491,129721.0,0.23754750745539888,4790.668765994241,-1255025.8307297083,303.9724874147652,5014.889630665595,5006.505,4988.9370383082205,34.978836047948484,1.2068187556066459,0.6600613440909311
1121,5016.0,5016.0,5011.2998046875,5014.0498046875,5014.0498046875,334.0,4996.438974609375,5000.4714702132615,61.21532047298439,0.09560879845936555,-36.046834388957585,22.470263671874818,7.492063242812037,6.331783451741071,1.1602797910709661,34.408385977602826,5017.675602240482,0.3201248612007457,0.47608230679821884,0.018174348359533226,26.752295667813218,54.368528731382646,-4.314746093749818,5009.012451171875,5002.449951171875,84.0,24.0,60.0,5003.26494140625,5032.341676590777,4974.188206221723,0.6854551966169378,1.1623104322896212,5002.976635742188,5008.13662109375,4997.816650390625,5028.0,4982.0498046875,5.612918783511384,130055.0,0.23383579089431022,4113.439996968278,-1688967.7790110698,303.982473131231,5015.079612043588,5006.689499511719,4989.186916580652,34.18021028104191,1.2108620772011018,0.734779770402883
1122,5014.0,5016.4501953125,5013.0,5013.0,5013.0,1267.0,4996.594970703125,5000.96278510686,59.76053933694837,0.0,-42.25352112676056,20.079248046875364,7.000517053168551,6.4655301720265665,0.5349868811419842,32.18548402961393,5017.451487439244,0.281055104343197,0.489764264637534,0.018883906450778688,26.527356674540364,50.04917413484667,-6.412548828125182,5010.8125,5002.449951171875,80.0,20.0,60.0,5004.812451171875,5032.467744536039,4977.157157807711,0.6480286019806657,1.1051480403701734,5004.527482096355,5009.697477213542,4999.357486979167,5028.0,4982.0498046875,5.458438535581999,128788.0,0.2286490866344954,3335.791063249596,292788.77878527803,303.7171980360736,5015.5402143556075,5006.8802490234375,4989.423862684327,33.50102412117906,1.232427933721722,0.7426636690841881
1123,5013.0,5013.0,5004.25,5010.0,5010.0,791.0,4996.694970703125,5001.317185690904,55.68772650921041,0.0,-55.130333348288396,16.345308191635922,6.296308305689308,6.431685798759116,-0.1353774930698073,29.04324915716508,5017.376489227973,0.2320762220487943,0.2610786471777493,0.019112003290736018,26.423561106252617,18.51016255420266,-4.512646484375182,5010.074951171875,5002.449951171875,76.0,16.0,60.0,5006.062451171875,5032.2433743668125,4979.881527976938,0.5751988155422691,1.0459687009621155,5005.780818684896,5011.240804036459,5000.320833333333,5028.0,4982.60009765625,5.693550068754713,127997.0,0.22495154950486365,2520.249482785368,-6747895.63744469,303.2438287960976,5016.1677253567495,5007.063498535156,4989.62860036906,31.147127033648193,1.0978352099070423,0.836756562729293
1124,5010.35009765625,5010.35009765625,5000.5,5001.5,5001.5,1763.0,4996.660966796875,5001.324354879496,46.10095786049603,0.0,-81.16410187386903,13.041067325368203,4.99476232626057,6.144301104259407,-1.1495387779988366,22.83690694124362,5015.5388745718465,-0.0009957850955182447,0.1170121458297988,0.018638217951975213,26.546106910619425,-16.742722597762167,5.207739257812136,5009.637451171875,5002.449951171875,72.0,12.0,60.0,5006.992456054688,5031.0516239851695,4982.933288124206,0.38585523675302946,0.9610227353703389,5006.817488606771,5012.667488606771,5000.967488606771,5028.0,4983.0498046875,5.990446325004377,126234.0,0.1792942807030035,19.428128101744278,-1787852.044140691,300.2527110316266,5016.113007443457,5007.212749023438,4989.7467237484725,29.472138125244108,1.0112376371021667,0.894225491272368
1125,5000.7998046875,5005.0498046875,5000.7998046875,5002.0,5002.0,592.0,4996.75296875,5001.350850766575,46.68241670004046,0.0168148065501551,-79.63270372530546,10.300130687041019,3.957998241794485,5.707040531766423,-1.7490422899719382,18.189899183844922,5013.627313645548,-0.20350734038994306,0.08522929961552184,0.01769801071789812,26.677661162793022,-35.32332960767892,11.209936523437136,5009.637451171875,5002.449951171875,68.0,8.0,60.0,5007.939965820313,5029.517437291195,4986.362494349431,0.36235723151508864,0.861730436792401,5007.763321940104,5013.728312174479,5001.798331705729,5028.0,4989.2001953125,5.866128730361207,126826.0,0.175542575177623,58.93839551578081,-1794938.78338788,300.3118932769529,5016.346606507037,5007.31,4989.868646895254,27.91679128172603,1.0192734551508185,0.9340441555352966
1126,5002.0,5005.0,5002.0,5004.0,5004.0,439.0,4996.86197265625,5001.454738971807,49.05011213689752,0.08528455545212207,-87.27272727272727,7.915737017463471,3.260157454912587,5.217663916395656,-1.957506461483069,15.10080220708627,5012.824250688777,-0.30184199791832433,0.07957477231046595,0.016529555705903455,26.81078023435131,-35.9922340776157,12.474926757812682,5009.6124267578125,5002.449951171875,64.0,4.0,60.0,5008.674975585937,5028.600834723653,4988.749116448222,0.38269073986655533,0.795653909860047,5008.483325195312,5014.593334960938,5002.373315429688,5028.0,4989.2001953125,5.6614052496211205,127265.0,0.13650223074729156,175.94719615638354,393071.9675398633,300.48742306503766,5016.806046366377,5007.470249023438,4990.009257373908,26.472540641316385,1.0419062716939687,0.9623314993835027
1127,5003.2001953125,5005.0,5003.0,5003.0,5003.0,443.0,4996.9259765625,5001.515337443501,47.90463196321311,0.05215920552600832,-90.9090909090909,5.4118953929228155,2.596491226388025,4.69342937839413,-2.0969381520061052,12.247335125539136,5009.841176823477,-0.36146903989618134,-0.09170612058638983,0.015187186406997592,26.81052172270659,-44.44887374992386,7.6600341796875,5007.8624267578125,5002.449951171875,60.0,8.0,52.0,5009.3399658203125,5027.497708703831,4991.182222936794,0.3254197710314802,0.7249555034161271,5009.138321940105,5015.16835123698,5003.10829264323,5028.0,4989.2998046875,5.399876303219612,126822.0,0.1287529287344329,87.52616813404305,225733.6343115124,300.398893888379,5017.180302243025,5007.586499023438,4990.138518494567,25.131450760936,0.9853972962181279,1.0771034168045177
1128,5002.14990234375,5003.0,5001.0,5001.64990234375,5001.64990234375,269.0,4997.014970703125,5001.520614498413,46.3314697154138,0.006666013111085523,-95.81853693181819,3.763365981158131,1.9392350664884361,4.142590516012992,-2.2033554495245555,9.420468052094533,5007.512905395259,-0.30596168340143515,-0.3401517280134869,0.013703714596560944,26.728201796526932,-66.02723505032994,15.597338867187318,5007.387451171875,5002.449951171875,56.00000000000001,4.0,52.00000000000001,5009.702465820313,5026.917700862041,4992.4872307785845,0.26612101266570026,0.687275747778737,5009.597493489584,5015.472517903646,5003.722469075521,5028.0,4992.5,5.157027995846782,126553.0,0.10810616009447929,23.140105610429757,-1486988.8475836432,300.3263021894921,5017.189699855199,5007.694499511719,4990.253059627395,24.25238923054576,0.8663669570103962,1.2065186850238832
1129,5001.64990234375,5002.89990234375,5000.4501953125,5002.89990234375,5002.89990234375,338.0,4997.129970703125,5001.574704217838,48.03305115433287,0.06132024980446802,-91.1080784091312,2.597924804687864,1.5019063364652538,3.614453680103444,-2.11254734363819,7.521015538801233,5006.495008562242,-0.4457426066969341,-0.515290140988252,0.012211634341182559,26.644714089311865,-68.885354210698,10.305029296874636,5006.8751220703125,5002.449951171875,52.0,4.0,48.0,5009.944970703125,5026.625113230829,4993.264828175422,0.2888187002097127,0.6658812671693896,5009.874161783854,5015.541666666666,5004.206656901041,5028.0,4995.35009765625,4.963647926947012,126891.0,0.09544083783806998,80.19151909465407,-235513.36406956057,300.4107743153404,5016.331044978491,5007.807998046875,4990.378898858404,23.536861992059467,0.7423581063479658,1.2576482473362178
1130,5000.7998046875,5002.5,4998.7001953125,4999.14990234375,4999.14990234375,763.0,4997.21296875,5001.479613948266,43.570049677949314,0.0,-98.46515348465154,1.7322481043192965,0.843008826201185,3.0601647093229927,-2.2171558831218077,4.536697910858571,5004.951662067384,-0.42029973918131563,-0.498656731052064,0.010607660234648625,26.611370582380477,-87.3982105077162,8.9952392578125,5006.550048828125,5002.449951171875,48.0,4.0,44.0,5009.9549560546875,5026.608977758593,4993.300934350782,0.17560226883805455,0.6648371831678295,5009.932486979166,5015.564982096354,5004.299991861979,5028.0,4995.35009765625,4.909080720111511,126128.0,0.07963644879335512,-340.0144122045822,-535334.7970805037,299.8388560167833,5015.316208624847,5007.9084985351565,4990.466172524924,23.194335076064963,0.75904173611792,1.257698467169984
1131,4999.0498046875,5001.35009765625,4997.0498046875,4997.0498046875,4997.0498046875,232.0,4997.25396484375,5001.30589593804,41.2580465204766,0.0,-100.0,0.3347412109378638,0.14964248716387374,2.478060264891169,-2.3284177777272954,1.3274719941517292,5003.113319236133,-0.43635401374283606,-0.6889720243566176,0.008895015649566164,26.73505382683012,-102.33091539059258,4.012451171875,5006.8125,5002.449951171875,44.0,4.0,40.0,5009.887451171875,5026.738057819317,4993.036844524433,0.11907464956687949,0.6726940200423224,5009.950813802083,5015.6208333333325,5004.280794270833,5028.0,4995.35009765625,4.865595880728547,125896.0,0.06826117083769613,-361.04416135392756,-2595275.8974042432,299.74139491524255,5010.882955632585,5007.982248535156,4990.531681302661,23.17032510663787,0.6970573874080882,1.3860294117647058
1132,4997.10009765625,5000.9501953125,4995.9501953125,4997.0,4997.0,443.0,4997.321962890625,5001.137037273803,41.20220769594438,0.0,-95.79231657435858,-1.2436106962313715,-0.3992715995427716,1.902593892004381,-2.3018654915471526,-1.3144457064856372,5001.7369563088405,-0.3370610238120257,-0.7835670441514836,0.007163923130208069,26.79365837919913,-104.90918121385127,4.389843750000182,5005.8751220703125,5002.449951171875,40.0,4.0,36.0,5009.6599609375,5027.068290751749,4992.25163112325,0.13638209200468412,0.6949904763991921,5009.856656901042,5015.411686197916,5004.301627604166,5028.0,4995.9501953125,4.875196174962222,125453.0,0.0369823452017787,-312.6183492408665,-846225.5749153498,299.7369796147303,5008.592462515048,5008.037497558594,4990.596042682735,23.34130377924196,0.6239516739490508,1.4075187181005344
1133,4997.7001953125,5000.0,4996.25,5000.0,5000.0,994.0,4997.40896484375,5001.0924475767915,45.947662128949936,0.23711725836321504,-82.43019955090455,-2.363466509650607,-0.5854661506709817,1.4049818834693086,-1.9904480341402904,-2.3430128548474616,5001.558256820638,-0.280208718197518,-0.6462106415719696,0.0055980299764772975,26.67629800295149,-87.93169834483797,3.950048828124636,5004.574951171875,5002.449951171875,36.0,96.0,-60.0,5009.049951171875,5026.9086720160985,4991.191230327652,0.24662375735598147,0.7130582053806469,5009.334985351563,5014.625,5004.044970703125,5028.0,4995.9501953125,4.794825019607778,126447.0,0.001105806049545428,158.04141493640014,-122684.34827716298,300.3337376695632,5007.23933271565,5008.097497558594,4990.689614397335,23.500069689517186,0.6643954190340909,1.3106060606060606
1134,4999.39990234375,5008.60009765625,4999.39990234375,5008.60009765625,5008.60009765625,947.0,4997.740966796875,5001.386865226967,56.72915649783934,0.7758387700542123,-38.29315929878049,-2.435240981158131,-0.03862541728813085,1.1162604233178208,-1.1548858406059517,0.11295395749640606,5001.98326983399,-0.08776984527727907,-0.3243657489854903,0.004534898231706676,26.569524453146673,-27.90742295506373,1.4775390625,5006.2625732421875,5002.449951171875,32.0,92.0,-60.0,5008.5224609375,5025.769477992767,4991.275443882233,0.5022507288797019,0.6887067868729748,5008.7908203125,5014.070849609375,5003.510791015625,5028.0,4995.9501953125,5.109494326242936,127394.0,-0.14537867566394383,1298.9344242981642,5707618.528082102,301.96259616565686,5004.763617740022,5008.229748535156,4990.867828161106,22.160274323236397,0.8251102093247307,1.149475958310221
1135,5007.5498046875,5010.0498046875,5006.0498046875,5008.25,5008.25,656.0,4998.174970703125,5001.656007767086,56.23738865336854,0.8101580060248762,-40.00095274390244,-1.6100011488970267,0.36232321226816566,0.9654729811078898,-0.6031497688397242,1.9159670854633812,5002.300530593738,-0.03493013972055888,-0.16918674121170096,0.003831667112988347,26.413153442591415,-0.11129128968605584,-6.377465820312864,5007.3375244140625,5002.449951171875,28.000000000000004,88.0,-60.0,5007.877465820313,5024.123077972483,4991.631853668143,0.5114656861248954,0.648802302494392,5008.128312174479,5013.460831705729,5002.795792643229,5028.0,4995.9501953125,5.0302447315112975,126738.0,-0.1296647044718382,1080.5632118984267,2469393.1021341463,301.91674222283416,5004.681799601814,5008.355749511718,4991.040785094827,21.20179537086091,0.9146542949446075,1.0838410361563084
1136,5009.0,5009.35009765625,5005.10009765625,5005.2001953125,5005.2001953125,496.0,4998.5559765625,5001.794995513965,52.007875114454144,0.6959298672506091,-45.74717910533249,-0.6976275275737862,0.42903845166802057,0.8581860752199161,-0.4291476235518955,2.1868923896851946,5002.326159672891,0.07398171173647905,-0.22388059701492546,0.0032731806200302746,26.285667567939452,-10.075240603702175,-5.2874755859375,5007.3375244140625,5002.449951171875,24.0,84.0,-60.0,5007.2874755859375,5023.013790786727,4991.561160385148,0.43363733821980577,0.6281371012735671,5007.531656901042,5012.75917154948,5002.304142252605,5028.0,4995.9501953125,4.974512964974776,126242.0,-0.07068531915762542,710.0965923415087,-706654.2102444556,301.6146999675554,5003.474118998427,5008.445251464844,4991.181674748734,20.088369831286574,0.8761223180970149,1.1000029151119404
1137,5005.0498046875,5007.0,5002.75,5003.2001953125,5003.2001953125,477.0,4998.886982421875,5001.850101388418,49.38485450305261,0.526996444150675,-49.652436336509446,-0.04061063878634741,0.3168747394975071,0.7499238080754342,-0.43304906857792713,1.6337446503756428,5002.330350377453,0.023994308526589365,-0.12,0.002751184547451978,26.01615569661586,-26.997993901915372,-2.1824951171875,5007.3375244140625,5002.449951171875,20.0,80.0,-60.0,5006.1824951171875,5019.631860697892,4992.733129536483,0.3891286065951646,0.5373102396415834,5006.571663411459,5011.474178059896,5001.669148763021,5027.89990234375,4995.9501953125,4.922762038905149,125765.0,-0.3077587024232293,472.36850772129316,-2093902.5239124738,301.42409820083816,5003.018294072255,5008.509252929687,4991.301262018025,18.78957024027545,0.9696015625,1.0896015625
1138,5003.2001953125,5004.9501953125,5000.14990234375,5000.14990234375,5000.14990234375,1279.0,4999.16998046875,5001.783426916078,45.60687859681581,0.28367910251200606,-70.21401856212772,0.28778004365813104,-0.017942134947588784,0.5963506194708297,-0.6142927544184185,0.02113311778863739,5002.309527686715,-0.07694040080435652,-0.10008669193764974,0.0021516233729285306,25.6392693599045,-53.67814534720699,-2.177490234375,5007.487548828125,5002.449951171875,16.0,76.0,-60.0,5005.177490234375,5017.200168457382,4993.154812011368,0.29091231598446066,0.48040966564978177,5005.522501627604,5010.272526041666,5000.772477213542,5020.89990234375,4995.9501953125,4.9140142481797815,124486.0,-0.2951475324713237,-152.4448086719272,-872591.6155620512,300.6443323400424,5002.593026817035,5008.560002441406,4991.389308190421,18.131423352587174,0.9869452140950892,1.087031906032739
1139,5000.9501953125,5000.9501953125,4995.9501953125,4998.64990234375,4998.64990234375,560.0,4999.402978515625,5001.660543599515,43.83112614434895,0.1693132683018654,-80.8526111649813,-1.2464542164525483,-0.3997166988583558,0.3971371558049926,-0.7968538546633483,-1.841616084934309,5002.218463914099,-0.08694978325504697,-0.1537661291675757,0.0014631174182008749,25.233239907367278,-98.56770846460813,-2.5125732421875,5007.487548828125,5002.449951171875,12.0,72.0,-60.0,5004.1624755859375,5014.698517176968,4993.626433994907,0.23839448171501892,0.42109110735047484,5004.4841715494795,5009.339200846354,4999.629142252605,5019.0,4995.9501953125,4.920156087595511,123926.0,-0.2803818458223556,-250.6669788616519,-3660583.49609375,300.47633737661016,5002.31752001469,5008.609750976562,4991.461552908365,18.293602807136924,0.9098025068375925,1.0635686360051682
1140,4998.64990234375,5001.75,4996.0498046875,4999.7998046875,4999.7998046875,784.0,4999.6459765625,5001.587573446103,45.58041559837135,0.28197477548793365,-72.6970494528328,-3.3602553423706922,-0.6025425468778849,0.1972012152684171,-0.7997437621463019,-2.8955938209575205,5002.202882116779,-0.03698974723086981,-0.15106956159199514,0.0007866419308687338,25.068868553291495,-83.86921909644568,-0.5575683593751819,5007.487548828125,5002.449951171875,8.0,68.0,-60.0,5003.457470703125,5013.145769231228,4993.7691721750225,0.3112327977396932,0.3872641502333466,5003.717496744792,5008.442545572916,4998.992447916667,5016.4501953125,4995.9501953125,4.975873175088688,124710.0,-0.2579572121042492,-86.0683479528445,326966.57034815574,300.6566907630469,5001.967731608392,5008.6389990234375,4991.5445205877595,18.23807879917494,0.8957297713351079,1.046799332927103
1141,4998.0,5000.5,4997.0498046875,4997.0498046875,4997.0498046875,565.0,4999.734970703125,5001.409621730079,42.195928037456994,0.0639997177933205,-92.2011358913977,-5.278968003217415,-0.9739583247055634,-0.03703069272637899,-0.9369276319791844,-4.792128564400373,5002.181433303337,-0.1169341336113752,-0.16760380284116716,3.841121303696766e-05,24.8680361183912,-96.44182147970729,-3.457568359374818,5007.487548828125,5002.449951171875,4.0,64.0,-60.0,5002.607470703125,5011.367907751348,4993.847033654902,0.18279744577628876,0.35023483651384085,5002.938330078125,5007.60087890625,4998.27578125,5016.4501953125,4995.9501953125,4.866896184903782,124145.0,-0.2978385219609691,-295.7371553881524,-76331.75470132743,300.3459283204101,5001.640403406953,5008.612749023438,4991.599299534026,18.186520791781668,0.8981549642113177,1.0657587670524848
1142,4998.25,4998.7998046875,4997.0,4997.0,4997.0,787.0,4999.834970703125,5001.236695387724,42.13490709777101,0.06006971580358417,-92.55437041141433,-6.851930147058738,-1.2578273755725604,-0.2811900292956153,-0.9766373462769451,-6.358452690573424,5002.159866463365,-0.04300535862591482,-0.13194117092486102,-0.000727765985456172,24.464160326036648,-104.89491830258056,-4.757666015624636,5007.487548828125,5002.449951171875,4.0,60.0,-56.0,5001.807470703125,5009.480349548505,4994.134591857744,0.18672314524950437,0.3068042458780036,5002.1108235677075,5006.690852864583,4997.530794270833,5013.0,4995.9501953125,4.647818220803511,123358.0,-0.2730891087241697,-259.08846019877353,-200105.34962674716,300.33808443439847,5001.292244613697,5008.5159985351565,4991.653037847121,18.148825736417297,0.9292055560793187,1.0611467270041797
1143,4997.0,4999.64990234375,4997.0,4997.0,4997.0,576.0,4999.92796875,5001.070550470558,42.13490709777101,0.06006971580358417,-92.55437041141433,-7.771211511948422,-1.4658976874979999,-0.5181315609360923,-0.9477661265619076,-7.657242074881266,5002.0516750520665,-0.0009966818312132997,-0.10746002161417134,-0.001471637853568578,24.06807380802874,-89.75517558834846,-4.157470703125,5007.4625244140625,5002.449951171875,4.0,56.00000000000001,-52.00000000000001,5001.157470703125,5008.113181840898,4994.201759565352,0.2011469696787658,0.2781640521626957,5001.550821940104,5005.825846354166,4997.275797526041,5010.35009765625,4995.9501953125,4.505109943871117,123934.0,-0.33899332109272123,-222.0758230275202,195544.7718501091,300.33808443439847,5001.058858314426,5008.435498046875,4991.706241450633,17.855110374532405,0.9382508183626482,1.0457108399768196
1144,4997.0,4999.7998046875,4997.0,4999.14990234375,4999.14990234375,466.0,5000.109970703125,5000.995230936173,46.041398843573276,0.3116640113502728,-77.30641363069677,-7.7650850183817965,-1.4407081701328934,-0.7026468827754526,-0.7380612873574408,-7.769210913405936,5001.54207885317,0.04302386119171503,-0.07219591915210655,-0.00208182933161883,23.827304569257436,-63.911677231945816,-1.039965820312318,5005.53759765625,5002.449951171875,8.0,52.0,-44.0,5001.039965820312,5008.047767809657,4994.032163830968,0.36514577042586166,0.2802537887015252,5001.277482096354,5005.199991861979,4997.354972330729,5010.0498046875,4995.9501953125,4.383302425558894,124400.0,-0.23862821780067336,-47.228635139660184,45031.897499837585,300.53857562755184,5001.015270958312,5008.336247558594,4991.780307728176,17.535034328747653,0.9721053938651093,1.0443013130172158
1145,4999.0,5006.0498046875,4998.25,5003.60009765625,5003.60009765625,2754.0,5000.42697265625,5001.097382572255,53.09956883339509,0.766239477520446,-45.743870342152654,-7.2378733915438715,-1.049553131083485,-0.7720281324370591,-0.27752499864642577,-5.827518972421874,5001.627282339992,0.07200195312499999,0.09154203978968745,-0.00239848159175001,23.73455941482698,32.9476577480428,7.480126953125364,5004.47509765625,5002.449951171875,4.0,48.0,-44.0,5001.119970703125,5008.205886838319,4994.03405456793,0.6750039730788646,0.2833731714777613,5001.2783203125,5005.3783203125,4997.1783203125,5010.0498046875,4995.9501953125,4.627338301411831,127154.0,-0.11263715012765017,1710.3522971124341,1062064.9084286492,302.99016002290676,5001.443265384451,5008.270498046875,4991.897917578207,17.00317222365255,1.0186220585784203,0.9270800187887328
1146,5001.25,5003.5498046875,5000.0,5002.64990234375,5002.64990234375,883.0,5000.780966796875,5001.158265700548,51.54907236642093,0.6450599143938051,-52.48303089070508,-6.719488166359952,-0.8069309672300733,-0.7790086993956621,-0.027922267834411207,-4.63278682364637,5001.650166560898,-0.1187995686715808,0.10546206447915629,-0.0025372819770376797,23.679064326740544,21.747022271688696,7.197534179687864,5003.60009765625,5002.449951171875,4.0,44.0,-40.0,5001.052465820312,5008.052551837856,4994.052379802768,0.6141012067161921,0.2799445142951906,5001.198315429688,5005.3258056640625,4997.070825195313,5010.0498046875,4995.9501953125,4.553963969614557,126271.0,-0.08959587763321036,1346.1559031053007,-150756.1447126274,302.82247626629913,5001.61427754507,5008.1837475585935,4992.004902501248,16.50930026892139,1.063433673824994,0.9579716093458378
1147,5001.25,5004.7001953125,4997.0,4997.0,4997.0,2442.0,5001.076962890625,5000.99519645739,43.42880377556109,0.08865798043604917,-92.55437041141433,-5.928715245863714,-1.0583510432870753,-0.8348771681739448,-0.22347387511313055,-5.994196903574593,5001.389933669377,-0.22462936155343682,0.08134560586516248,-0.0027665652070200785,23.833688994691418,-36.58843938562906,4.447729492187136,5003.60009765625,5002.449951171875,4.0,40.0,-36.0,5000.752465820313,5007.905585574781,4993.599346065845,0.23770425009529023,0.2860817368329718,5000.993318684896,5005.405818684895,4996.580818684895,5010.0498046875,4995.9501953125,4.77869477982066,123829.0,-0.19850006293697509,-817.1608721150992,-291612.47828278167,300.06452562158705,5001.456801323531,5008.052998046875,4992.054604963922,15.421769677105619,1.0104433124175576,0.9290977065523951
1148,4997.0,4997.0,4993.64990234375,4995.2001953125,4995.2001953125,1817.0,5001.30896484375,5000.767941510531,41.202218846376965,0.0,-90.54693780331677,-5.948565314797634,-1.3868457669132113,-0.9452708879217981,-0.4415748789914131,-7.805941666198657,5001.116283596515,-0.1997922082989859,-0.28372832093008404,-0.0031114856611368603,23.81556862149054,-129.2789785480428,2.770214843750182,5001.58740234375,5002.449951171875,44.0,100.0,-56.0,5000.42998046875,5007.963611605827,4992.896349331672,0.1529040869474651,0.30131933319747223,5000.663321940104,5005.143326822917,4996.183317057292,5010.0498046875,4993.64990234375,4.676652128137042,122012.0,-0.1839249966725827,-1167.6014785540137,-1018700.0708719105,299.41008393313643,5000.419967405833,5007.850498046875,4992.085904370376,15.191119360421366,0.9051470823086014,1.1888754032386855
1149,4992.85009765625,4993.4501953125,4992.0498046875,4992.64990234375,4992.64990234375,621.0,5001.451962890625,5000.449587033403,38.21259015499893,0.0,-96.53128616183568,-6.23368997012858,-1.831851091855242,-1.122586928708487,-0.7092641631467549,-10.266260683353385,5000.658393858669,-0.21087089376584556,-0.5008259376821922,-0.0036125610480230185,23.591949497425095,-168.42155423472042,0.232421875,5000.1248779296875,5004.02490234375,40.0,100.0,-60.0,4999.91748046875,5008.077798686935,4991.757162250565,0.05470007843540776,0.3264181159013927,5000.194986979166,5004.622526041667,4995.767447916666,5010.0498046875,4992.0498046875,4.567633449341539,121391.0,-0.20413454130472994,-1227.0486864168333,-580666.2610187622,299.09303319008916,4999.7421760449515,5007.659248046875,4992.091516290509,15.314274386315812,0.744599015352724,1.2454249530349162
1150,4992.5,5000.0,4992.5,5000.0,5000.0,670.0,5001.751962890625,5000.431956169348,49.56987273402864,0.7629004396648523,-46.822130772748054,-6.737939453125364,-1.5732936149797752,-1.2127282659627447,-0.3605653490170304,-8.734306407492793,5000.6552712272105,-0.0029979569948440023,-0.33911119306656845,-0.0039027476147284346,23.612360203391965,-56.014770492824006,-1.3100830078128638,5000.0498046875,5005.02490234375,36.0,96.0,-60.0,4999.959985351563,5008.112720685229,4991.807250017897,0.502454062765407,0.32611202319823135,5000.064152018229,5004.676700846354,4995.451603190104,5010.0498046875,4992.0498046875,4.777088202960001,122061.0,-0.13727924677220268,-348.2466698305002,3917910.4477611943,300.07939624898813,4999.409841516299,5007.561499023437,4992.170207670703,14.612678609877065,0.7796883643739627,1.1187995574405312
1151,5000.75,5002.10009765625,4997.7001953125,4997.7001953125,4997.7001953125,480.0,5001.98796875,5000.324828292609,46.67868944581902,0.5686915709166703,-59.640066964285715,-6.44451258042227,-1.536251024235753,-1.2774328176173464,-0.2588182066184066,-8.441406478672505,5000.636880861557,-0.01899927079919529,-0.14992449735165836,-0.004121350566607333,23.707500127705288,-20.509779921660023,-0.1927001953126819,5000.0498046875,5005.02490234375,32.0,92.0,-60.0,4999.992504882813,5008.103630775424,4991.8813789902015,0.35869350317932724,0.32444552205588967,5000.09833170573,5004.7158610026045,4995.480802408854,5010.0498046875,4992.0498046875,4.750146355873572,121581.0,-0.14872251290048497,-456.19803842614306,3345893.348256747,299.8586149989881,4999.242500706286,5007.439250488282,4992.225232423359,14.380206199680577,0.8987344683003856,1.048658965652044
1152,4997.75,4999.89990234375,4995.5,4998.64990234375,4998.64990234375,765.0,5002.319970703125,5000.259144922065,48.02678532985614,0.6592469423698091,-52.8564453125,-6.30175063189381,-1.413961812195339,-1.3047386165329449,-0.10922319566239413,-7.782906632313799,5000.617086924617,-0.02299896773210646,-0.14693109326668674,-0.004237483603190794,23.878937608207394,-45.91671581341306,-3.025195312499818,5000.0498046875,5005.02490234375,28.000000000000004,88.0,-60.0,5000.075,5008.095763098932,4992.054236901067,0.4111619655965479,0.32082571157162837,5000.100821940105,5004.688346354167,4995.513297526042,5010.0498046875,4992.0498046875,4.725128926436175,122346.0,-0.1153246202499723,-287.23747880722976,-1265443.7270818972,300.0039870402298,4998.949988042795,5007.294499511719,4992.2891594872435,13.643759921648508,0.9044114811129367,1.0513425743796234
1153,4998.0,5002.2001953125,4995.14990234375,5000.0,5000.0,1594.0,5002.619970703125,5000.2489823761025,49.96350627818689,0.7893419059060505,-43.212890625,-5.02070456112142,-1.1943375531218408,-1.282658403850724,0.0883208507288833,-6.652358172241908,5000.607328614734,0.05903874141363488,0.012993320282729814,-0.004218988998549617,24.193565660061527,-22.178854305605114,-3.074999999999818,5000.0498046875,5005.02490234375,24.0,84.0,-60.0,5000.075,5008.095763098932,4992.054236901067,0.49532463438486296,0.32082571157162837,5000.1191569010425,5004.871695963542,4995.366617838542,5010.0498046875,4992.0498046875,4.891212072315733,123940.0,-0.1319253177408101,61.23297017416019,431287.5878107892,300.4345144238445,4998.983422855845,5007.195249023437,4992.365884268465,13.43018766976376,0.9663174883067589,0.9533241680240291
1154,5000.0,5005.0,5000.0,5003.64990234375,5003.64990234375,1564.0,5003.034970703125,5000.3823517865985,54.860656775592275,1.0,-17.142159598214285,-2.7074663947605586,-0.7174962793806117,-1.1696259789567016,0.45212969957608995,-4.12941674004526,5000.677554956753,0.1330778936111667,0.11754931875169938,-0.0039603325712489704,24.510520744696997,67.9724932350061,-2.827490234374636,4999.787353515625,5005.02490234375,20.0,80.0,-60.0,4999.827490234375,5007.046085921669,4992.60889454708,0.7647614768135035,0.2887537900615098,4999.986653645834,5004.529182942709,4995.444124348958,5010.0498046875,4992.0498046875,4.898982638578895,125504.0,-0.13915121083746557,867.9778695242801,1222810.4769421355,301.57620387696943,4999.354401001343,5007.068498535156,4992.478163055284,13.758600822460865,1.0394323434337331,0.9218830246820338
1155,5005.0,5005.7998046875,5005.0,5005.10009765625,5005.10009765625,1126.0,5003.4759765625,5000.567361428546,56.67502262127858,1.0,-6.783621651785714,-0.6348388671876819,-0.2200409969136672,-0.9797089825480948,0.7596679856344276,-1.4979811460673262,5000.718973150609,0.16209921265259156,0.21546003190972784,-0.0034875091590314536,24.634033911801385,136.8021461161426,-0.5200927734376819,4999.9873046875,5005.300048828125,16.0,76.0,-60.0,4999.669995117188,5006.256439416164,4993.083550818212,0.9122180567067563,0.26347516157700196,4999.8458251953125,5004.228344726563,4995.463305664062,5009.35009765625,4992.0498046875,4.702619760376831,126630.0,-0.17993259215508747,977.255305574383,205981.83728450147,301.90254963531464,4999.798463736448,5006.953999023437,4992.603754444349,14.20854285960125,1.0820712033975382,0.8666111714878103
1156,5005.0,5005.10009765625,5000.0498046875,5003.89990234375,5003.89990234375,506.0,5003.767978515625,5000.6980493075735,54.71489081583682,0.8938313351167672,-15.3564453125,0.2574793198527914,0.07646868375923077,-0.7684734492866296,0.8449421330458604,0.10804398059968087,5000.745407111065,0.09501615460206662,0.1463877769468761,-0.002931554744728443,24.757495900434204,91.90328968131037,3.9951171875,4999.9873046875,5005.52490234375,12.0,72.0,-60.0,4999.60498046875,5005.994514182135,4993.215446755365,0.8360903993669051,0.25560154205568153,4999.6691487630205,5004.091682942708,4995.246614583333,5007.0,4992.0498046875,4.727453560974914,126124.0,-0.14421455198051458,750.8904293316141,-2819531.826162527,301.78121363478004,5000.004970127099,5006.824499511718,4992.716153925935,13.411469220783426,1.0044868693089342,0.8580990923620581
1157,5001.25,5004.35009765625,5000.0,5003.2998046875,5003.2998046875,509.0,5004.039970703125,5000.800078930316,53.71456760658454,0.8396497850377459,-19.642857142857142,1.342203297333981,0.26003436203518504,-0.5627718870222667,0.8228062490574517,1.1511702258915768,5000.87822368682,-0.006001538150314231,0.11858736059479547,-0.0023614932541180965,24.82548261315142,85.56389267049872,3.039941406250364,4999.9873046875,5008.60009765625,8.0,68.0,-60.0,4999.6099609375,5006.010841587938,4993.209080287062,0.7882293821357119,0.256055200323577,4999.580810546875,5004.008349609375,4995.153271484375,5006.0498046875,4992.0498046875,4.700499567780278,125615.0,-0.11318640095179483,599.9846955654907,-341770.9721563373,301.7201713051987,5000.160399229989,5006.666247558594,4992.821463883762,12.660048238251822,1.0036459822705175,0.885058621675722
1158,5004.0,5009.0,5002.0,5007.0498046875,5007.0498046875,1166.0,5004.29296875,5001.045166214912,58.785406884134936,1.0,-11.505444489255055,2.7049890854777914,0.7000355702348315,-0.31021039557084706,1.0102459658056786,3.5992042669254385,5001.626569641958,0.08795143433260517,0.20137120997831393,-0.0016554138757672152,24.99046198575628,160.12102433425676,-2.9549560546875,5000.89990234375,5008.60009765625,4.0,64.0,-60.0,4999.9549560546875,5007.131803150597,4992.778108958778,0.9942872920377659,0.28707647004774667,4999.794140625,5004.3316650390625,4995.256616210938,5009.0,4992.0498046875,4.864749598653115,126781.0,-0.02680325104631434,1138.9154533418491,1996111.338175386,302.5940945499947,5000.606172057633,5006.561496582031,4992.963039414148,12.888449942907764,1.031020595088967,0.8296493851106531
1159,5006.5498046875,5009.0,5004.0,5004.0498046875,5004.0498046875,795.0,5004.41296875,5001.162995174621,53.715395137248564,0.7535577255346844,-29.204355591404045,3.3998362821685078,0.7974720089068796,-0.08867391467530172,0.8861459235821814,4.207222888916489,5001.894728043573,0.1410807421953172,0.13055174153052929,-0.0010024676495496735,24.95080637302438,127.45318668128999,-5.024755859374636,5001.5623779296875,5008.64990234375,4.0,60.0,-56.0,5000.224951171875,5007.588949325887,4992.860953017862,0.7596995161888487,0.2945466744365921,5000.1524658203125,5004.689990234375,4995.61494140625,5009.0,4992.0498046875,4.874410341606464,125986.0,-0.06597899231987045,635.4989600072993,628930.8176100629,302.11776615442585,5000.50264942753,5006.428996582032,4993.073355486519,13.100537240088277,1.0430268725306133,0.912475131000084
1160,5004.0498046875,5005.5,5004.0,5004.0,5004.0,278.0,5004.51396484375,5001.274250265812,53.63269567014943,0.7495378838091704,-29.498185170248316,3.233091107536893,0.860750075427859,0.10121088334533043,0.7595391920825285,4.673884827357625,5001.975715734073,0.1761652054657938,0.09392764017999677,-0.0004131645738804767,24.839717822466564,88.10230496671984,-7.785058593750364,5001.5623779296875,5010.02490234375,92.0,56.00000000000001,35.99999999999999,5000.4349609375,5007.975922496213,4992.893999378788,0.7363782811212478,0.30161222444131097,5000.41747233073,5004.744986979167,4996.089957682292,5009.0,4992.0498046875,4.633381031491717,125708.0,-0.0934259070359791,542.7354367026852,-944244.6043165468,302.1149992548814,5000.483834278395,5006.258996582032,4993.1820783175,13.297475444613042,1.0192203514702378,0.925292711290241
1161,5004.0,5006.39990234375,5002.5498046875,5002.75,5002.75,412.0,5004.600966796875,5001.332122804408,51.49004351510937,0.6453882098364492,-36.87273146281039,3.5991052964154733,0.8008026907900785,0.24112924483428005,0.5596734459557984,4.468731816815376,5002.020608995913,0.20229933710169842,0.11998131156079106,6.0165493126252334e-05,24.758547929694956,67.61733647238727,-0.719970703125,5001.387451171875,5010.02490234375,88.0,52.0,36.0,5000.719970703125,5008.157793204958,4993.282148201292,0.6364666403624719,0.29747006612677324,5000.702473958334,5005.049983723959,4996.354964192708,5009.0,4992.0498046875,4.577432218974451,125296.0,-0.084443088462969,391.6303743165874,-257121.56180039194,302.0120815890141,5000.78026477229,5006.072746582031,4993.277281518321,13.071212376139727,1.0446914109771603,0.9247100994163693
1162,5002.85009765625,5006.89990234375,5002.5498046875,5006.89990234375,5006.89990234375,430.0,5004.70796875,5001.550467100068,57.552965106250085,0.9400936782691783,-12.389813907933398,4.02892348345631,1.075755750865028,0.4080545460404297,0.6677012048245983,6.087629645022707,5002.481782173468,0.137998046875,0.2965085589322072,0.0005974077193299489,24.71776793016231,90.85576373732845,-3.5147705078125,5002.512451171875,5010.02490234375,84.0,48.0,36.0,5001.2149658203125,5008.909886061274,4993.520045579351,0.8693954157689359,0.30772203528745123,5001.094970703125,5005.569995117187,4996.619946289063,5009.0,4992.0498046875,4.561194035922704,125726.0,-0.02466401032160101,590.6057505302892,252912.65443313954,302.3687770080961,5001.879183372124,5005.918745117187,4993.412829984245,12.976824716592024,1.095739386169972,0.7992308272377648
1163,5005.25,5006.39990234375,5002.0,5002.0,5002.0,1054.0,5004.50396484375,5001.568095841242,49.66075535977678,0.2463149841525149,-42.42424242424242,3.694651884191444,0.8880400895886851,0.5040516547500808,0.38398843483860423,5.04234634511407,5002.475444318794,0.08603566679595791,0.3443569052741331,0.0009618513798997283,24.688018539452003,45.03430913564652,-2.8150634765625,5002.512451171875,5010.02490234375,80.0,44.0,36.0,5001.4649658203125,5008.916936423726,4994.012995216899,0.5358988385865628,0.2979915146597932,5001.374137369792,5005.936661783855,4996.811612955729,5009.0,4992.0498046875,4.585387486481797,124672.0,-0.047593904235936776,-231.5517953043949,-219119.45469691587,301.33730101076395,5002.52797323656,5005.728745117188,4993.498274462014,12.722352122804327,1.121805085430235,0.777448180156102
1164,5002.0,5005.89990234375,5000.5,5005.89990234375,5005.89990234375,845.0,5004.23896484375,5001.7379706060465,54.95526717476198,0.683635161315391,-22.383218755508548,2.9581758386948422,1.0419526206869705,0.6116318479374588,0.43032077274951164,5.867487510578789,5002.525074073888,0.14503916340691603,0.21583568374124296,0.0013452927659550265,24.69643272761396,54.22916757172132,-1.8024658203121362,5002.512451171875,5010.02490234375,76.0,40.0,36.0,5001.802465820312,5009.414171902881,4994.190759737743,0.7691536219994791,0.30435852413538794,5001.646638997396,5006.339168294271,4996.954109700521,5009.0,4992.0498046875,4.643567119143811,125517.0,-0.01797786359839963,272.30095837748297,-639041.6974852071,301.99612097887047,5002.9355617189085,5005.535244140625,4993.621673744419,12.03390997142474,1.0954947987747552,0.8796591150335122
1165,5003.89990234375,5005.64990234375,5000.60009765625,5003.0,5003.0,592.0,5003.875966796875,5001.787461954829,50.6862879798617,0.24719734183305822,-43.32099418297197,2.5177332261027914,0.9193340165402333,0.6731722816580137,0.2461617348822196,5.163172520004179,5002.53121613877,0.06,0.09876995550902912,0.0016091024173408846,24.692563846097464,31.097777901841294,1.87744140625,5002.512451171875,5010.02490234375,72.0,36.0,36.0,5001.7724609375,5009.360279457617,4994.184642417383,0.580888799543998,0.30340518603659317,5001.669140625,5006.224169921875,4997.114111328125,5009.0,4992.0498046875,4.690441231169253,124925.0,-0.07686313213553056,-11.84806246215743,-63933.915383106956,301.6531772083216,5003.098544900055,5005.360244140625,4993.714990423579,11.394642259429405,1.0122481025909449,0.9134781470819158
1166,5003.0,5004.9501953125,5000.5,5003.0,5003.0,392.0,5003.595966796875,5001.835012466405,50.68628797986171,0.11239142857645391,-43.32099418297197,2.042049632353155,0.8127885686581067,0.7010955390580322,0.11169302960007443,4.610589942846093,5002.534734571391,-0.012988565475885522,0.15379040332342075,0.001778287891521608,24.73479362166864,24.200886143413687,3.310131835937682,5002.637451171875,5010.02490234375,68.0,32.0,36.0,5001.789965820312,5009.3874097296975,4994.192521910927,0.5796342950418437,0.30378900198937925,5001.706648763021,5006.306697591146,4997.106599934896,5009.0,4992.0498046875,4.673280808407164,125317.0,-0.10037710544190555,-10.155482110420655,-453990.6978607178,301.6531772083216,5003.433909892203,5005.202744140625,4993.807378578569,10.768214992107554,1.044374542357178,0.8905841390337572
1167,5002.9501953125,5003.39990234375,5001.0,5003.35009765625,5003.35009765625,707.0,5003.15697265625,5001.8944275718895,51.21687851406122,0.17054055709748353,-62.776692708333336,1.4172176585479974,0.7479782607742891,0.7104720834012836,0.037506177373005434,4.315365369803895,5002.53826104292,-0.03496433569469423,0.11614138391492523,0.0018870107410237514,24.78955096030959,16.490278938675722,1.792431640625182,5002.637451171875,5010.02490234375,64.0,28.000000000000004,36.0,5002.107470703125,5009.402398003034,4994.812543403215,0.5851706193933289,0.29167415304989497,5001.857478841146,5006.192513020834,4997.522444661458,5009.0,4992.0498046875,4.510896632360224,126024.0,0.08007386964297976,26.655164329460867,-178260.2940118296,301.70265133244095,5004.039179378167,5005.030244140625,4993.9023310072025,10.186532529594405,1.061779043390125,0.9456376594751998
1168,5002.25,5004.75,5000.5,5002.5498046875,5002.5498046875,493.0,5002.80296875,5001.920128635247,49.89529124485897,0.02570354434425218,-71.66883680555556,1.1426686006434466,0.6248359506998895,0.6933448568610049,-0.06850890616111538,3.698661968427642,5002.538685401559,-0.02698090854330709,0.004170128198862977,0.001915619075562422,24.892142890674098,10.206804683492358,0.8248535156253638,5002.1124267578125,5010.02490234375,60.0,24.0,36.0,5002.474951171875,5009.045555248949,4995.9043470948,0.5056960908576529,0.26269413205299325,5002.223307291666,5006.603336588541,4997.843277994792,5009.0,4992.0498046875,4.492261158620209,125531.0,0.0950015796865461,-33.516206802426396,366421.4035560345,301.623795280817,5004.157206954286,5004.867993164063,4993.988375521434,10.099769365133428,0.9733095505709491,0.9691394223720862
1169,5002.14990234375,5003.0,5000.64990234375,5000.64990234375,5000.64990234375,444.0,5002.436962890625,5001.870315839502,46.807385173499995,0.0,-92.77886284722223,1.0507525275734224,0.36967713389549317,0.6286113122679026,-0.2589341783724094,2.291951383816044,5002.486721614582,-0.05296309330229132,-0.11886709744455626,0.0018113985481073452,24.94713036580629,-44.64251315108017,4.174853515624818,5002.1124267578125,5009.974853515625,56.00000000000001,20.0,36.00000000000001,5002.874951171875,5007.76296525611,4997.98693708764,0.27239746144537624,0.19540820555947785,5002.659138997396,5007.086653645833,4998.231624348959,5009.0,4992.5,4.339249479879479,125087.0,0.07217007450722711,-149.23626877707977,-423466.8639329102,301.45516994502634,5003.867727989914,5004.6832421875,4994.054659370412,10.01920356956252,0.9152108971653083,1.0340779946098646
1170,5001.5498046875,5003.2001953125,5000.5,5000.89990234375,5000.89990234375,565.0,5002.176962890625,5001.832260408296,47.269827022467744,0.03860753137199281,-90.00108506944444,0.9538602941183854,0.18549655510105367,0.5399883608345327,-0.35449180573347905,1.2496151987451514,5002.44809353279,-0.12282486860810898,-0.02508130939809916,0.001628902410283038,24.788917908250593,-55.55124176007533,1.1298583984371362,5002.1124267578125,5006.474853515625,52.0,16.0,36.0,5002.919946289063,5007.716995191457,4998.122897386669,0.2894493066033929,0.19176996449651199,5002.860807291667,5007.04833170573,4998.673282877605,5009.0,4995.14990234375,4.222174182209516,125652.0,0.0001399248981359574,-107.7382303803541,12017.773315969822,301.48341627355535,5003.765419234239,5004.530991210938,4994.122771240794,10.01646951430949,0.9948130939809926,1.0198944033790918
1171,5000.5,5004.89990234375,5000.5,5003.0,5003.0,418.0,5001.955966796875,5001.878054117775,51.11458708277408,0.35959209403084014,-70.58823529411765,1.0128030215992112,0.20661076873693673,0.47331284241501353,-0.2667020736780768,1.3804520853196274,5002.450922934405,-0.020979101497283353,0.018146982114672028,0.0014806369992804793,24.72618031562816,-11.451489120107938,0.8150634765625,5001.9874267578125,5005.52490234375,48.0,12.0,36.0,5003.1849365234375,5007.342209733435,4999.02766331344,0.4777574729761858,0.16618507061969,5003.0424641927075,5007.22998860677,4998.8549397786455,5009.0,4995.14990234375,4.234869050890979,126070.0,0.03678402029313796,33.05877686148219,894562.7931202427,301.65895284446356,5003.790457776034,5004.4877416992185,4994.211101875214,10.605672836518988,0.9956784861196688,0.9775315040049968
1172,5003.0,5003.85009765625,5003.0,5003.7998046875,5003.7998046875,499.0,5001.771962890625,5001.953416885215,52.534041464400396,0.5329313379771018,-61.17876838235294,1.2320872587315534,0.2846007884663777,0.4355704316252864,-0.1509696431589087,1.8742437746439518,5002.489358598766,-0.004000705685451638,-0.08026860089533638,0.001390011694136498,24.429038370424152,12.72453830656216,-0.6924316406248181,5001.8624267578125,5004.25,44.0,8.0,36.0,5003.442431640625,5007.045209897846,4999.839653383404,0.5495968696045763,0.1440119800095157,5003.319132486979,5007.329166666666,4999.309098307292,5009.0,4995.14990234375,3.993099665559481,126569.0,0.04508273520844985,85.35074289019902,123527.81926462789,301.7387254886895,5003.447740924855,5004.419741210938,4994.306511853446,11.152790207142091,1.0048355716741277,1.0851041725694641
1173,5003.7998046875,5006.0498046875,5003.7998046875,5005.5,5005.5,553.0,5001.681962890625,5002.092498575991,55.49256016038824,0.8082555842721713,-21.87380788891432,1.5016185087315534,0.47808888254530757,0.4440741218092907,0.03401476073601689,3.116219980962787,5002.6194649960635,0.05496976662835441,-0.06435910224438901,0.0014055648504475004,24.202827307687812,89.82876090385426,3.182470703124636,5001.89990234375,5004.25,40.0,4.0,36.0,5003.717431640625,5007.057216298554,5000.377646982697,0.7668687568138611,0.13349213673855262,5003.6191243489575,5007.3891438802075,4999.8491048177075,5009.0,5000.0,3.8685925465909463,127122.0,0.02489659758210997,207.47320930767057,610208.080215868,301.92662429449933,5003.336519852618,5004.316240234375,4994.4178898449545,12.36938153087228,0.9805885286783043,1.0449476309226933
1174,5005.5,5005.5498046875,5002.25,5002.25,5002.25,1220.0,5001.696962890625,5002.098675102423,49.182005581754105,0.22098578421224205,-72.65583276112001,1.7695499195770026,0.36497455303288007,0.4282542080540086,-0.06327965502112853,2.437658242054106,5002.601429875726,-0.09286988824308955,-0.033501385467980316,0.0013619305690640564,24.14829347216705,-17.847921507893034,-1.6474365234371362,5001.89990234375,5002.52490234375,36.0,8.0,28.0,5003.647436523437,5007.048072254945,5000.24680079193,0.2945330470873944,0.1359262727699394,5003.6424560546875,5007.327465820313,4999.957446289062,5009.0,5000.0,3.8279648423701644,125902.0,-0.1235819072380803,-388.59439202199667,-277211.275257048,301.13449563602364,5003.300912115112,5004.186740722656,4994.495821289283,12.727025956257245,0.9507389162561576,0.9842403017241379
1175,5003.0,5005.0,5001.5,5002.60009765625,5002.60009765625,583.0,5001.70896484375,5002.118338731984,49.843686934841685,0.28256285657396035,-67.18547341115435,1.917909869025607,0.30012097909366275,0.4026275622619394,-0.10250658316827665,2.059992805608778,5002.6014201472335,0.011997154263294682,-0.04860539241806261,0.0012915319561439577,23.99504324074772,-32.778373236213206,2.377465820312864,5002.012451171875,5001.199951171875,32.0,4.0,28.0,5003.522436523437,5006.883859175469,5000.161013871405,0.3628052817711672,0.1343622495822265,5003.529125976563,5007.349145507813,4999.7091064453125,5009.0,5000.0,3.804538782200867,126485.0,-0.07859827920940714,-303.92277407689,-390164.3573113208,301.17529866138096,5003.25511752431,5004.056491699219,4994.5764608551235,12.706202138271859,0.9642895203402474,1.01289491275831
1176,5003.0,5003.85009765625,5001.5498046875,5002.25,5002.25,302.0,5001.67396484375,5002.123501918965,49.15443379064085,0.27023619221076467,-70.3384920963337,1.776731962316262,0.21796157417884388,0.36569436464532035,-0.14773279046647647,1.5592501754059584,5002.597719025923,-0.07291201212475552,-0.08376001050282256,0.0011900371273032661,23.841145631063313,-62.048183860248464,-0.43994140625,5002.6749267578125,5001.0498046875,28.000000000000004,4.0,24.000000000000004,5003.43994140625,5006.841009373858,5000.038873438642,0.3250635656824215,0.13594918725662436,5003.505794270834,5007.188313802084,4999.823274739583,5009.0,5000.0,3.6970926526686623,126183.0,-0.11120655652539571,-275.6094480926914,-418964.7191407664,301.1541637535083,5003.121657411463,5003.9017407226565,4994.652814478456,12.686865735856857,0.963805657385807,1.0475656678886296
1177,5002.39990234375,5004.39990234375,5001.0,5001.0,5001.0,309.0,5001.63396484375,5002.079443020182,46.6727986366076,0.0,-90.99067393982051,1.5030359604779733,0.051392677745752735,0.3028340272654068,-0.2514413495196541,0.4563438154345803,5002.5485082638115,-0.03997601439136518,-0.06403401807210074,0.0010209425780975765,23.745404716399303,-86.34273843906125,-0.324951171875,5002.6749267578125,5001.0498046875,24.0,4.0,20.0,5003.324951171875,5006.888812484761,4999.761089858989,0.17381570608981106,0.14245971819404193,5003.4849609375,5007.119970703125,4999.849951171875,5009.0,5000.5,3.6758647734601864,125874.0,-0.1605102083295947,-291.415241222307,0.0,301.0769485003723,5003.037208074955,5003.7767407226565,4994.715970553298,12.668910505042927,0.9733191591366247,1.0373531772087254
1178,5001.2001953125,5002.7998046875,5000.5,5001.7998046875,5001.7998046875,675.0,5001.636962890625,5002.068476811058,48.46559561371189,0.20327045944160596,-76.5792715115256,0.7524672564331922,-0.015893607098405482,0.23908850039264437,-0.2549821074910499,-0.019476719726647773,5002.5410306963195,-0.023989512542474514,-0.07085937500000006,0.000843063832704892,23.544661097216412,-107.92009111338758,0.2876464843748181,5002.6749267578125,5001.0498046875,20.0,64.0,-44.0,5003.062451171875,5006.242984157818,4999.881918185933,0.30150394761572,0.1271434453190809,5003.269124348959,5006.669124348959,4999.869124348958,5009.0,5000.5,3.577574767320173,126549.0,-0.2043562435469322,-172.66046903876315,-357764.03215196397,301.18490054277623,5002.804918665143,5003.623989257812,4994.786456465081,12.380279032396393,0.9942857142857143,1.0651450892857144
1179,5001.0,5003.5498046875,5000.5,5001.2998046875,5001.2998046875,331.0,5001.6049609375,5002.038332806213,47.392924536794766,0.08164913509798367,-85.58859757170508,0.381143727021481,-0.10831569799120189,0.16960766071587513,-0.277923358707077,-0.70397206524795,5002.528866658313,-0.04097840304460068,-0.053016754518072196,0.0006457757006865914,23.394132836279574,-97.25502313847412,-0.3751464843753638,5003.887451171875,5001.0498046875,16.0,60.0,-44.0,5002.924951171875,5006.160160007095,4999.689742336655,0.24883437713768658,0.12933269504521172,5003.07412109375,5006.376611328125,4999.771630859375,5006.89990234375,5000.5,3.539876904475875,126218.0,-0.15689192346645223,-171.63754489036842,345521.67909743206,301.151812453196,5002.737770176642,5003.51048828125,4994.85126590013,12.450764016573885,0.9975880082831325,1.0506047628012047
1180,5002.7998046875,5002.7998046875,5000.0,5000.39990234375,5000.39990234375,388.0,5001.6299609375,5001.974080631215,45.44346374659181,0.0,-93.38983050847457,0.022153607536893105,-0.25127888268798415,0.08543035203510327,-0.33670923472308745,-1.806438560402404,5002.511772804218,-0.0429761307270843,-0.06650982698622754,0.00040756592371300943,23.4127136014957,-137.09655610171595,-2.095043945312682,5003.762451171875,5001.0498046875,12.0,100.0,-88.0,5002.744946289063,5006.118519690732,4999.371372887394,0.15243916967206636,0.13486889449247422,5002.90244954427,5006.269930013021,4999.53496907552,5006.89990234375,5000.0,3.4870146032633125,125830.0,-0.15527794548408172,-196.9981969596015,-450999.46641430416,301.0819981803048,5002.647029025659,5003.415988769531,4994.906476213002,12.225512114804287,0.9874528255648679,1.0539626525510954
1181,5000.89990234375,5004.9501953125,5000.89990234375,5003.75,5003.75,410.0,5001.76396484375,5002.04372452803,53.166748901255325,0.7685551851269135,-38.01452784503632,0.0061451631436284515,-0.09317924133756605,0.049708433360569404,-0.14288767469813546,-0.6754389448646309,5002.52381082921,0.06199389512945144,0.03452845982142849,0.00028218167922194144,23.457493752047753,25.95464304342635,-1.8950439453128638,5003.762451171875,5001.0498046875,8.0,96.0,-88.0,5002.794946289063,5006.196860306322,4999.393032271803,0.6403700543417173,0.13600053785066532,5002.867456054688,5006.244946289063,4999.489965820312,5006.89990234375,5000.0,3.5629630579409333,126240.0,-0.10747610752937282,27.364408186412987,1506656.117555572,301.3566842185992,5002.684826563948,5003.330988769531,4994.994471474564,12.940013225152565,0.9857119605654762,0.9511835007440477
1182,5003.14990234375,5005.5498046875,5003.10009765625,5003.4501953125,5003.4501953125,533.0,5001.89296875,5002.098880245068,52.451139815727146,0.6973438984538433,-42.970137207425346,0.06643928079029138,0.007833827285139705,0.04133351214548347,-0.03349968486034376,0.07129193193841768,5002.529892936032,0.050996680968454604,0.08457530153408888,0.00022551137519884247,23.45914532380275,105.88214802045253,0.3775390624996362,5003.637451171875,5001.0498046875,4.0,92.0,-88.0,5002.6224609375,5005.480738672286,4999.764183202715,0.6447960016141903,0.11427117505285185,5002.796630859375,5006.0791015625,4999.51416015625,5006.39990234375,5000.0,3.483444770320152,125707.0,-0.1781544014178051,0.6272215258539937,643405.3685830637,301.3247489903329,5002.790030305404,5003.255739746094,4995.078608030166,13.831535693977614,1.0522416159554957,0.9676663144214068
1183,5004.25,5005.5498046875,5003.10009765625,5004.0,5004.0,323.0,5001.97296875,5002.173433960948,53.68236314950429,0.8198646986410915,-33.88216303470541,0.26100930606662587,0.1307449093710602,0.059215791590598824,0.07152911778046138,1.0361441920796461,5002.55969631577,0.01998800719568259,0.12407158348781688,0.00023833432260328527,23.33947584504155,112.72957231875881,1.077343750000182,5003.637451171875,5001.0498046875,16.0,88.0,-72.0,5002.7224609375,5005.626214174118,4999.8187077008815,0.7199806523484078,0.11608692104315252,5002.834130859375,5006.019091796875,4999.649169921875,5006.0498046875,5000.0,3.4096063603865696,126030.0,-0.09895596229356231,25.907177602517706,0.0,301.360241881664,5002.939586556947,5003.164738769531,4995.167378099518,14.659377986458017,1.0483927641064785,0.9243211806186616
1184,5004.0,5005.5498046875,5004.0,5004.0,5004.0,381.0,5001.880966796875,5002.245064001695,53.68236314950429,0.8198646986410915,-33.88216303470541,0.5602768841918078,0.22555279522930505,0.09248319231834007,0.13306960291096498,1.8446670855651948,5002.612086777913,0.004000865748315098,0.14941940955635646,0.00029669533777392713,23.16749924345913,131.79605054651876,2.872534179687136,5003.637451171875,5001.0498046875,12.0,84.0,-72.0,5002.627465820313,5005.216458095934,5000.038473544691,0.7650711229637976,0.10350529969742163,5002.854964192708,5005.847420247396,4999.862508138021,5006.0498046875,5000.0,3.2767633837518146,126411.0,-0.22466416218526153,22.206152230729465,183027.93577900084,301.360241881664,5003.141082209876,5003.059738769532,4995.255264884598,15.428088686618391,1.0766304551180512,0.9272110455616948
1185,5002.35009765625,5002.35009765625,5001.10009765625,5001.10009765625,5001.10009765625,759.0,5001.73796875,5002.200163360697,46.34202546226391,0.08941716535214694,-81.81598062953995,0.5716409122242112,0.06593083456027671,0.0871727207667274,-0.02124188620645069,0.5657834714224776,5002.579242688795,-0.0879013553840775,0.03586019064911494,0.0002692542591855374,23.06741047442369,-94.7259571994681,-0.282470703125,5003.1124267578125,5001.0498046875,8.0,80.0,-72.0,5002.532470703125,5005.198103662251,4999.866837743999,0.2313259047966164,0.10657134060546537,5002.776635742188,5005.5791015625,4999.974169921875,5006.0498046875,5000.0,3.249844738037399,125652.0,-0.291963434981649,-295.3984236459819,-502273.4992588933,300.92038858851726,5002.991031108072,5002.93298828125,4995.313422424614,14.361746372009339,1.0464820699046755,1.0106218792555606
1186,5001.60009765625,5003.0,5000.0,5001.60009765625,5001.60009765625,358.0,5001.665966796875,5002.176631372287,47.6706464203418,0.22163014285466326,-73.55125100887813,0.17486500459563104,-0.019994414790744486,0.06573929365523302,-0.08573370844597751,-0.15180101533462695,5002.569464233608,-0.012992200384826829,-0.01382686362074892,0.00020450789562646073,23.036206471204594,-83.5868839066913,0.1376220703123181,5003.1124267578125,5001.0498046875,4.0,76.0,-72.0,5002.462475585938,5005.148764657888,4999.776186513987,0.3394852700901685,0.10739866955766407,5002.712467447916,5005.442423502604,4999.982511393229,5006.0498046875,5000.0,3.231998685320442,126010.0,-0.29532573040238114,-227.6272202679845,-188629.32087988828,300.95618071355074,5002.878644668311,5002.85798828125,4995.375976407018,13.83923482017227,0.9535137655199489,0.9673406291406978
1187,5002.25,5005.5498046875,5002.25,5005.5498046875,5005.5498046875,411.0,5001.712958984375,5002.308912678766,56.77555884634103,1.0,-0.0,-0.06381692325430777,0.2279894341045292,0.09818932174509226,0.12980011235943695,1.9446709510210565,5002.776834126502,0.05896347846456798,0.030121545141135964,0.0002713611281715846,23.05226649742267,107.30694745876328,-0.3224609375001819,5003.1124267578125,5000.699951171875,8.0,72.0,-64.0,5002.5724609375,5005.558513093136,4999.5864087818645,0.9985418195694593,0.11938066580553096,5002.805794270834,5005.580745442709,5000.030843098959,5006.0498046875,5000.0,3.2832635671725536,126421.0,-0.3308929790665091,36.795181176548965,1926814.8426881963,301.28074276532385,5002.793898766237,5002.7957373046875,4995.4772085292125,13.554228836505173,0.9747026085728742,0.9445810634317382
1188,5004.64990234375,5009.9501953125,5004.64990234375,5008.5498046875,5008.5498046875,844.0,5001.88095703125,5002.553653541853,62.16088953260311,1.0,-14.074001374030818,0.390024701287075,0.6589968435346236,0.21035082610299854,0.4486460174316251,5.571072780927578,5003.365613776143,0.12593942101054525,0.23219136564667842,0.0005401007480671536,23.209293084024615,246.3960177377238,-1.8724609375003638,5004.97509765625,5001.0,100.0,68.0,32.0,5002.8724609375,5006.835052573813,4998.909869301187,1.2163675027692509,0.15841265861774045,5003.061629231771,5005.889095052084,5000.234163411458,5009.9501953125,5000.0,3.427337095856657,127265.0,-0.27931116282593316,393.253012437042,2135281.1023522327,301.78658130430483,5003.320071697355,5002.753237304688,4995.607284112877,14.75008160206028,1.0666659183261118,0.8344745526794334
1189,5007.89990234375,5011.7001953125,5005.75,5007.85009765625,5007.85009765625,3113.0,5002.0649609375,5002.761357232614,60.274647849994324,0.8871691307768723,-32.906268258075286,1.0822639016550966,0.9333536906697191,0.35495139901634265,0.5784022916533764,7.9229747822029335,5003.793129549794,0.13697455821335733,0.3101249681203775,0.0009041637769457478,23.43442396893589,227.12861068592701,-1.432666015624818,5005.85009765625,5001.875,96.0,64.0,32.0,5003.232470703125,5007.608670478161,4998.856270928089,1.0275841129861354,0.17493489661579442,5003.4116373697925,5006.419108072917,5000.404166666667,5011.7001953125,5000.0,3.607541254188324,124152.0,-0.2581995395455756,25.904298048714622,272384.1585991967,301.351687358308,5005.0805003900405,5002.7039868164065,4995.7291031531095,16.301333758228317,1.1033749893734592,0.7932500212530817
1190,5007.85009765625,5011.7998046875,5007.85009765625,5009.14990234375,5009.14990234375,407.0,5002.251962890625,5003.011888413443,62.54817254112964,1.0,-22.457171232309857,2.488999310661711,1.2413572503528485,0.5322325692836438,0.7091246810692047,10.595502804559752,5004.5784833631715,0.14694905720460388,0.368703965860364,0.001365417463595327,23.595671851649502,219.58573659730683,-2.345166015625182,5005.89990234375,5001.9248046875,100.0,60.0,40.0,5003.644970703125,5008.583140797916,4998.706800608335,1.057385786126736,0.1973829128047307,5003.814965820313,5006.884912109375,5000.74501953125,5011.7998046875,5000.0,3.6319816668355864,124559.0,-0.24121207011502444,97.77804230068396,1067346.2319432665,301.45732560575874,5005.362217636566,5002.673986816406,4995.862643443565,17.76627809516982,1.14286740116124,0.7741634353008761
1191,5008.4501953125,5008.4501953125,5005.0,5005.0,5005.0,692.0,5002.410966796875,5003.0898535737,52.263808627808885,0.39874077735804925,-57.6264172804767,3.40019387637858,1.1374777184064442,0.6532815991082039,0.48419611929824025,9.637048986051392,5004.583391028384,0.07398467312501379,0.23475529701670395,0.0017072634924038632,23.708705089500143,78.57516035613841,-3.345068359374636,5005.89990234375,5001.9248046875,96.0,56.00000000000001,39.99999999999999,5003.744970703125,5008.707787173898,4998.782154232351,0.6264432509509756,0.19836408529335525,5003.982470703125,5007.004931640625,5000.960009765625,5011.7998046875,5000.0,3.668976000900902,123867.0,-0.2933790883304819,-326.4377382958423,-1545534.6920586736,300.8840282443579,5005.522521611201,5002.609736328125,4995.953562414275,17.732975337601605,1.078601870367004,0.8438465733503
1192,5005.0,5008.2001953125,5003.60009765625,5003.60009765625,5003.60009765625,601.0,5002.54296875,5003.109863145564,49.31794697762041,0.2265155915583822,-69.49019283290573,3.7884736902569784,0.9314547902476988,0.708916237336103,0.22253855291159585,7.88846221669177,5004.578653930862,0.06399878759696856,0.23298209758119726,0.0018964345640590226,23.915548701681317,38.05152940684907,0.0150146484375,5005.89990234375,5001.9248046875,92.0,52.0,40.0,5003.7349853515625,5008.698123953332,4998.771846749793,0.48641104892129944,0.19837735676644153,5004.0616455078125,5007.2716064453125,5000.8516845703125,5011.7998046875,5000.0,3.7354846905686943,123266.0,-0.37001308016705303,-399.9953911955434,-631423.6193449049,300.71592808280076,5005.768199140089,5002.532736816406,4996.029647342057,17.114348433305857,1.057264602955779,0.8242825053745818
1193,5004.10009765625,5004.2998046875,5001.60009765625,5001.75,5001.75,1619.0,5002.63796875,5003.056535179072,45.655385668456674,0.012389683122377294,-85.16924604816684,3.022867359833981,0.6118398079688632,0.689500951462655,-0.07766114349379183,5.230562046283629,5004.528528331228,-0.03997002248313765,0.1023861297712888,0.0018992659036850415,24.020214082804628,-48.92445125988921,-0.0972900390625,5005.89990234375,5001.9248046875,88.0,48.0,40.0,5003.5474853515625,5008.513076737059,4998.581893966066,0.31900591369514314,0.19848283243175183,5003.933317057292,5007.165763346355,5000.70087076823,5011.7998046875,5000.0,3.6615005720459304,121647.0,-0.4631132432641338,-770.75435037743,-491949.53852483263,300.1172974874276,5005.409191535269,5002.436237792968,4996.086566273977,16.002776365545937,1.0179008270881063,0.9155146973168174
1194,5001.60009765625,5005.14990234375,5001.60009765625,5003.89990234375,5003.89990234375,729.0,5002.73296875,5003.0896084012165,50.27653558010912,0.273557580906201,-66.94943308780933,1.9932890050558854,0.525958857160731,0.6567925326022702,-0.13083367544153923,4.481208421885677,5004.525683766941,0.008987938596277218,0.14202088992615836,0.0018573720858166228,24.167843013862665,-13.978268398091721,0.3700195312503638,5005.89990234375,5001.9248046875,84.0,44.0,40.0,5003.62998046875,5008.561311113723,4998.698649823777,0.5273680568626562,0.19711012461841082,5003.943318684896,5007.188264973958,5000.698372395834,5011.7998046875,5000.0,3.6535222945783636,122376.0,-0.3753588221892329,-436.7496133815472,206973.9811377924,300.43064357801467,5005.438669458342,5002.316486816406,4996.1643109114875,15.058464718958295,1.0274323755595516,0.8854114856333932
1195,5002.5498046875,5006.10009765625,5002.0,5003.0498046875,5003.0498046875,381.0,5002.721962890625,5003.088047471267,48.51964025369955,0.1695548879431083,-74.15376975916577,0.8508027918196603,0.3848653207633106,0.6024070902344784,-0.21754176947116777,3.3241491207481855,5004.5031137620235,-0.01898871527777778,0.10968289811437293,0.0017505029825072664,24.35206876928529,-9.42404205349602,0.3475341796875,5006.2999267578125,5001.9248046875,80.0,40.0,40.0,5003.6524658203125,5008.568886126984,4998.736045513641,0.43870935607409933,0.19651326067327735,5003.977482096355,5007.25243326823,5000.70253092448,5011.7998046875,5000.0,3.685420534697766,121995.0,-0.3786911798213764,-420.62641247436187,726447.800013024,300.36591662236964,5005.462142300742,5002.209484863281,4996.232823287369,14.520963237333534,1.027676451855712,0.9179935537413391
1196,5003.0,5006.4501953125,5003.0,5006.4501953125,5006.4501953125,287.0,5002.79796875,5003.219896406217,55.25512042351154,0.5682741887061937,-45.336423073739965,0.450795611212925,0.5411922544026311,0.590164123068109,-0.04897186866547787,4.5108252146798495,5004.575559472982,0.04896473446243005,0.07946061036195884,0.0017340271582945961,24.45588059377589,42.74968259908298,-2.762377929687318,5006.2999267578125,5001.9248046875,76.0,36.0,40.0,5003.862475585937,5008.879132661328,4998.845818510546,0.7579127582047317,0.20051138894673284,5004.114990234375,5007.447436523437,5000.782543945313,5011.7998046875,5000.0,3.6686187331122113,122282.0,-0.3492124938585031,-221.1209093530245,811515.7848451196,300.5609800631654,5005.527712255703,5002.105236816406,4996.334488680654,14.147492361582394,1.003879820203454,0.9244192098414952
1197,5006.4501953125,5008.25,5003.7001953125,5003.75,5003.75,791.0,5002.93296875,5003.240684782444,49.69492471758122,0.23912804202006538,-68.21981296035753,0.41357565487123793,0.4421029922477828,0.5605518969040437,-0.1184489046562609,3.6588350927568416,5004.564656014988,0.052986388834565995,0.12290863461118784,0.0016700146899645836,24.69994796899835,35.47746595181655,-2.399877929687136,5006.2999267578125,5001.9248046875,72.0,32.0,40.0,5003.999975585937,5008.843011830643,4999.156939341231,0.47419226562568245,0.19356659745543014,5004.269995117187,5007.659936523438,5000.880053710937,5011.7998046875,5000.0,3.731560586997053,121491.0,-0.3703314369115648,-494.65427832937814,718995.6838653603,300.134359521891,5005.544477929613,5001.984736328125,4996.408274862936,14.41802359828752,1.0167672946824762,0.8938586600712883
1198,5003.7001953125,5005.5498046875,4999.0,4999.0,4999.0,1593.0,5003.00896484375,5003.074383418427,41.738199304856806,0.0,-100.0,0.30577320772044914,-0.019486634709210193,0.444544190581393,-0.4640308252906032,0.030543454920226858,5004.023504670428,-0.05198531680828313,-0.028964530511745523,0.0013882219202591042,25.054401577605805,-111.28888825767918,1.6898193359375,5005.39990234375,5001.9248046875,68.0,100.0,-32.0,5003.8599853515625,5009.095289715225,4998.6246809879,0.03584500403689412,0.20925063367033267,5004.244165039063,5007.846606445312,5000.6417236328125,5011.7998046875,4999.0,3.932863737032978,119898.0,-0.4600263985521529,-1504.953667139467,-1521378.317795231,298.62214368376954,5005.023557297357,5001.848486328125,4996.434063172758,13.887351669498532,0.9199357822586012,0.9489003127703467
1199,4998.64990234375,5002.9501953125,4998.25,5002.60009765625,5002.60009765625,1119.0,5003.20796875,5003.055783976773,48.47214696608815,0.32359232685094136,-67.8954954954955,-0.17494542738950258,-0.09372158200039848,0.33689103606503473,-0.4306126180654332,-0.5509972099796953,5003.974575052022,-0.058928732034345475,-0.037190382799447974,0.0011104759483501708,25.33731397933101,-105.97115880481665,4.624804687499818,5004.1875,5001.9248046875,64.0,96.0,-32.0,5003.925,5009.062904490799,4998.787095509201,0.37106588433836846,0.20535497597581792,5004.218343098959,5007.903304036458,5000.533382161459,5011.7998046875,4998.25,3.9876731352806223,121017.0,-0.3664884619135876,-714.4589607847216,-703477.1350795825,299.428006711844,5004.904422846156,5001.738986816406,4996.495416749708,13.627401139835728,0.9305827946054575,0.9677731774049054
1200,5000.64990234375,5002.2998046875,4999.25,5000.0,5000.0,528.0,5003.20796875,5002.935949311017,44.47405631779458,0.13146855028958107,-87.08468468468469,-0.7726160386027914,-0.35823001092376217,0.1978668266672754,-0.5560968375910376,-2.451780758785776,5003.694984590577,-0.1707041962425579,-0.023832450649975967,0.0007437100178146512,25.487308943008493,-130.00384404410806,3.945092773437864,5004.137451171875,5001.9248046875,60.0,92.0,-32.0,5003.905004882812,5009.10041878745,4998.709590978175,0.12418731649787305,0.2076543779135605,5004.190844726562,5007.8883056640625,5000.493383789062,5011.7998046875,4998.25,3.9421320296355775,120489.0,-0.36269985205668287,-808.5150467440471,100969.72638910468,299.15357910705836,5004.819792175487,5001.5907373046875,4996.530288224836,13.386018505148838,0.9605601027122452,0.9843925533622212
1201,4999.2998046875,5000.0498046875,4997.89990234375,4998.39990234375,4998.39990234375,1024.0,5003.221962890625,5002.7580651162225,42.16893128244267,0.020698343659331427,-96.40285242561562,-1.827809053308556,-0.6890266841010089,0.02048812451361856,-0.7095148086146275,-4.7476246724001525,5003.429016121202,-0.1887076315827192,-0.1668099955347545,0.0002691564123584032,25.56721135861111,-163.77521142121262,5.512402343750182,5003.96240234375,5002.14990234375,56.00000000000001,100.0,-43.99999999999999,5003.6375,5009.3613549668535,4997.913645033146,0.042476382911491174,0.22878775558196016,5003.970003255208,5007.572444661459,5000.367561848959,5011.7998046875,4997.89990234375,3.8141156235008933,119465.0,-0.39253169927008574,-927.0843257806118,-377922.77289554477,298.8258791070583,5004.380585511155,5001.4227368164065,4996.548891350398,13.59892596134981,0.9093968610977888,1.0762068566325433
1202,4997.89990234375,4998.39990234375,4992.2998046875,4993.60009765625,4993.60009765625,1703.0,5003.120966796875,5002.3989291374,36.120971099557224,0.0,-93.33183092948718,-3.738882984834163,-1.3232361132668302,-0.2482567230424712,-1.074979390224359,-8.931753199455025,5002.673304182376,-0.3104280165427739,-0.3993407956140065,-0.00044510444341060347,25.70633615662216,-224.65040450417322,1.8550048828128638,5001.162353515625,5002.0498046875,52.0,100.0,-48.0,5003.144995117187,5010.351599310293,4995.938390924081,-0.1622326691722845,0.2880829638213156,5003.506665039063,5007.2916259765625,4999.721704101563,5011.7998046875,4992.2998046875,3.9774000544115435,117762.0,-0.40029162240681865,-1962.3676196423103,-1298464.7095658397,297.19054229077443,5003.0651512418835,5001.235986328125,4996.51955011961,15.19115016767893,0.7769392683483993,1.1762800639624058
1203,4992.2998046875,4997.75,4992.0,4997.5498046875,4997.5498046875,605.0,5003.071962890625,5002.208767394267,43.32438796676568,0.2725758489083455,-71.97040690505548,-5.014453124999818,-1.489967884471298,-0.49659895532823656,-0.9933689291430614,-9.790159004023675,5002.561517240234,-0.1488550511988012,-0.46438335980092005,-0.001134219801137971,25.914545148040656,-163.29652005463143,0.7776123046878638,5001.012451171875,5001.89990234375,48.0,96.0,-48.0,5002.822485351562,5010.414199144861,4995.230771558263,0.15273449397447017,0.30349722843567123,5003.084163411459,5007.034138997396,4999.134187825521,5011.7998046875,4992.0,4.10401433623929,118367.0,-0.35785944463003666,-1340.6618519925162,-451307.0603047521,297.6690693468412,5001.316076201681,5001.0679858398435,4996.529801408844,16.730456705862288,0.7527217956484012,1.2171051554493213
1204,4997.4501953125,4998.89990234375,4994.5,4998.89990234375,4998.89990234375,490.0,5002.976962890625,5002.079007980522,45.583290556791624,0.49452522278523176,-58.05580290887504,-5.643007525275607,-1.4959184006202122,-0.6964628443866316,-0.7994555562335806,-9.677610630014817,5002.460339527343,-0.09393627030069072,-0.43677488544408694,-0.001721976622361727,26.068254026629045,-110.40522729469805,-0.8174804687496362,5001.012451171875,5001.89990234375,44.0,92.0,-48.0,5002.56748046875,5010.324672724942,4994.810288212558,0.26360144212797504,0.3101284405049182,5002.729996744792,5006.822477213542,4998.637516276041,5011.7998046875,4992.0,4.1251491939186264,118857.0,-0.30745473213060864,-1054.6318943417996,1638695.29354329,297.8014437857997,5000.882421671583,5000.935485839844,4996.553384502724,17.65190632817796,0.7612281043839979,1.1980029898280848
1205,4998.89990234375,5002.85009765625,4996.10009765625,4996.10009765625,4996.10009765625,854.0,5002.796962890625,5001.844540908982,41.857473457616095,0.29980441047761974,-74.7686298076923,-5.808119829963289,-1.7068792256586676,-0.8985461206410388,-0.8083331050176288,-10.852005334245748,5002.213118347831,-0.11295851139601139,-0.23126104868038844,-0.002322521408574536,26.27951361653432,-83.84383510719236,1.5824218750003638,5001.012451171875,5001.89990234375,40.0,88.0,-48.0,5002.31748046875,5010.555125600978,4994.079835336522,0.1226237770199939,0.32935315138998467,5002.571663411458,5006.939143880208,4998.204182942708,5011.7998046875,4992.0,4.3126385372101534,118003.0,-0.311079824446857,-1245.546367025114,2193470.5819123243,297.32313190721936,5000.411161207087,5000.791235351562,4996.5488741858435,17.01364271096788,0.8532657368253004,1.0845267855056888
1206,4996.2998046875,4998.2001953125,4995.0,4995.35009765625,4995.35009765625,445.0,5002.625966796875,5001.589856859856,40.89323263861763,0.24941069802805113,-79.38401442307692,-6.082337143841869,-1.9125393680606066,-1.1013447701249524,-0.8111945979356543,-12.083972714927945,5001.612641520022,-0.17086282408437872,-0.30342833474056485,-0.0029305915544025653,26.324236095723208,-111.83205891214016,1.0448242187503638,5000.33740234375,5001.89990234375,36.0,84.0,-48.0,5002.00498046875,5010.78416775208,4993.225793185419,0.12098525764818448,0.3510267309852903,5002.304166666667,5006.6816569010425,4997.926676432292,5011.7998046875,4992.0,4.233178306873714,117558.0,-0.3299688933914149,-1115.2897431643835,-2067541.9153792136,297.2563298028827,5000.02330423389,5000.640734863281,4996.536946061171,16.721910178015886,0.8548055630784916,1.1582338978190565
1207,4995.0,4998.9501953125,4993.35009765625,4997.85009765625,4997.85009765625,630.0,5002.51697265625,5001.443199636185,45.407707726677785,0.4853488111694812,-63.99939903846154,-5.664200367647027,-1.85244358939417,-1.251564533978796,-0.600879055415374,-11.67021905127304,5001.4792300323,-0.10393074692916801,-0.21183127728510365,-0.003414279838400619,26.430254824292607,-90.74275231129353,4.8302001953125,4999.6875,5001.89990234375,32.0,80.0,-48.0,5001.6199951171875,5010.418900103655,4992.82109013072,0.28577462384605784,0.3518422029285382,5001.917513020833,5006.410017903646,4997.425008138021,5011.7998046875,4992.0,4.330815403257734,118188.0,-0.32759850426316517,-730.9626369980431,-399963.5719117664,297.571623019416,4999.471039507205,5000.501484375,4996.550012246196,16.882480658566926,0.8668182717025905,1.0786495489876942
1208,4996.2998046875,4998.7001953125,4994.7001953125,4997.2001953125,4997.2001953125,321.0,5002.31998046875,5001.276807309766,44.457094384001806,0.43566730578445256,-67.99879807692308,-5.087405215993385,-1.8360935954742672,-1.3684703462778902,-0.467623249196377,-11.626553508980027,5001.428789433656,-0.18476165025392047,-0.2064892299326304,-0.003812576073199989,26.51509794150511,-80.59261936160546,2.697485351562136,4999.6624755859375,5001.89990234375,28.000000000000004,76.0,-48.0,5001.052514648438,5009.445074839332,4992.659954457544,0.2704920043279743,0.33563175616779345,5001.375024414063,5005.802514648438,4996.947534179688,5011.7998046875,4992.0,4.3071857315964674,117867.0,-0.35487362515055454,-656.3420677617155,685419.1004672898,297.52988134084075,4999.117360233667,5000.407485351562,4996.5564817294435,17.03158181907861,0.8886287423340684,1.0951179722666988
1209,4997.2001953125,4999.10009765625,4995.0,4995.85009765625,4995.85009765625,516.0,5002.155986328125,5001.063995166492,42.46807652709541,0.33171610193258794,-76.30709134615384,-4.835034179687682,-1.910059725573774,-1.476788222137067,-0.43327150343670695,-12.17965496600869,5001.090154176699,-0.15787963714713965,-0.21654934896226696,-0.004181829878081651,26.637105666793456,-76.96277753294586,-1.4525146484375,4999.6624755859375,5001.89990234375,24.0,72.0,-48.0,5000.4525146484375,5008.525102097347,4992.379927199528,0.21493545153177535,0.3228742768884157,5000.785856119792,5005.120841471354,4996.450870768229,5011.7998046875,4992.0,4.292393726214577,117351.0,-0.3749634796776768,-662.1003995993276,277991.0037683886,297.3904731996023,4998.839948933883,5000.351735839844,4996.5494530321985,17.007482416174817,0.8870804507416694,1.1036297997039364
1210,4995.64990234375,4997.2998046875,4995.10009765625,4996.2998046875,4996.2998046875,425.0,5002.001982421875,5000.877164167316,43.37681945788041,0.5345420032000552,-73.53966346153847,-5.298887005974393,-1.9103692697335646,-1.5635044316563667,-0.3468648380771979,-12.373564894492722,5000.943749488242,-0.054014709191838366,-0.26893247999507086,-0.004490055395073818,26.731524342813238,-77.47254664696918,2.790087890624818,4999.6624755859375,5001.89990234375,20.0,68.0,-48.0,4999.810009765625,5007.009697778448,4992.6103217528025,0.2562251953228044,0.28799846389203737,5000.117521158854,5004.365006510417,4995.870035807291,5008.4501953125,4992.0,4.142916105145678,117776.0,-0.36294915707132935,-540.2109870449594,-439991.9509887695,297.42873004969687,4998.5717557828575,5000.272985839843,4996.546968969067,16.985104399192725,0.8706591807028489,1.1395916606979197
1211,4995.14990234375,5000.0,4995.14990234375,4997.2001953125,4997.2001953125,944.0,5001.890986328125,5000.732969310264,45.241770846724464,0.7384559855456905,-61.62162162162162,-4.953181008731008,-1.8170151673557484,-1.6142065787962432,-0.20280858855950523,-12.017894500506213,5000.905134240858,-0.10794191497097458,-0.26374005427034,-0.004700242355694636,26.800965303280154,-47.538887623869186,0.5799804687503638,4999.6624755859375,5001.89990234375,16.0,64.0,-48.0,4999.42001953125,5006.290402673384,4992.549636389115,0.33844975070342254,0.2748472068877537,4999.68251953125,5004.0,4995.3650390625,5008.25,4992.0,4.193429073081702,118720.0,-0.3220916253721505,-341.6138817528224,706449.605650821,297.59884969487956,4998.006580640438,5000.182236328125,4996.5534687336785,15.878420478580898,0.8610587315457848,1.1247987858161248
1212,4997.2001953125,4999.64990234375,4996.0,4997.25,4997.25,738.0,5001.69798828125,5000.596382278489,45.34899567066629,0.7471373309576996,-52.05564969232141,-4.505721507352973,-1.719194739796876,-1.63520421099637,-0.08399052880050606,-11.695462321887964,5000.738487821852,-0.055,-0.14637926742103613,-0.004824601526358675,26.78773597278951,-38.67880611922997,-0.7026123046871362,5000.0,5001.89990234375,12.0,60.0,-48.0,4999.102514648437,5005.75428985843,4992.4507394384445,0.3607503568630667,0.26611877594034017,4999.30751139323,5003.577482096354,4995.037540690105,5008.25,4992.0,4.154605735272294,119458.0,-0.29588024630566506,-287.5610615917049,123641.67831131438,297.60620498543,4997.490631707454,5000.095986328125,4996.5603993930445,14.850785409441343,0.9457191272014712,1.0920983946225074
1213,4996.89990234375,4998.4501953125,4996.0,4996.5,4996.5,535.0,5001.58798828125,5000.435739836195,43.95323013264445,0.8277314107271114,-58.5257189145403,-4.259570312499818,-1.682791900657321,-1.6447217489285604,-0.038070151728760715,-11.780977211442286,5000.678216334411,-0.03801021088487009,-0.11528550341503285,-0.004905987042707061,26.56193409692377,-49.48234529460742,-5.239916992187318,5000.0,5001.89990234375,8.0,56.00000000000001,-48.00000000000001,4998.840014648437,5005.4674779041625,4992.212551392712,0.32346076031308907,0.26516004658297765,4999.029182942709,5003.286678059896,4994.771687825521,5008.25,4992.0,4.032862133645701,118923.0,-0.24117807200560032,-303.80233850717565,-274721.17236841505,297.525910823641,4997.02979319586,4999.991987304687,4996.559798404059,13.896552845240327,0.9564426949987908,1.0717281984138236
1214,4996.5,4998.7998046875,4996.0,4996.10009765625,4996.10009765625,661.0,5001.3919921875,5000.265714652668,43.189913887137486,0.7470623687488921,-62.21142162818955,-4.071952550551941,-1.6669950837303986,-1.649176415888928,-0.01781866784147068,-12.047349836824727,5000.449386700304,0.050064081045924705,-0.11637931034482751,-0.0049611288914366124,26.198631319734233,-46.039575818066204,-0.9002197265626819,4999.2874755859375,5001.89990234375,4.0,52.0,-48.0,4998.450024414063,5004.750487571748,4992.149561256378,0.3135115864500899,0.25209667504572514,4998.700016276041,5002.920011393229,4994.480021158854,5008.25,4992.0,3.9447866017781514,118262.0,-0.29914434276843327,-298.164211465972,74042.2062722349,297.47300670091136,4996.8394400495345,4999.888237304687,4996.555224267265,12.946979319110925,0.9439655172413793,1.0603448275862069
1215,4996.7998046875,4998.9501953125,4995.35009765625,4997.0498046875,4997.0498046875,227.0,5001.27298828125,5000.139600536387,45.60585449937935,1.0,-53.458440214211784,-3.7120634191178397,-1.5598614601849476,-1.631313424748132,0.07145196456318437,-11.665917159679038,5000.392043350621,-0.010004902793185175,-0.06138607355815828,-0.004949550961929179,25.904242611720875,-37.870527882825925,0.7498779296875,4999.2874755859375,5001.89990234375,24.0,48.0,-24.0,4998.1500244140625,5004.107906868853,4992.192141959272,0.4076668820750384,0.23840350632488883,4998.37001953125,5002.565014648438,4994.175024414062,5008.25,4992.0,3.9201659628118546,118489.0,-0.29033494236712604,-224.7716818145832,-396099.33214565733,297.51615705656474,4996.627489801253,4999.800236816406,4996.560145465476,12.2642006214231,0.95711023867799,1.0184963122361483
1216,4997.2001953125,4997.64990234375,4996.60009765625,4997.10009765625,4997.10009765625,304.0,5001.154990234375,5000.0204043450085,45.73745673117867,1.0,-52.994914720309616,-3.5902903837313715,-1.4541366868488694,-1.5958780771682795,0.14174139031941002,-11.309812012014804,5000.266325260849,-0.036004015336577475,0.06526285555286271,-0.0048821429286159766,25.579232854847405,-32.033127260718224,-1.5824218750003638,4998.78759765625,5001.89990234375,20.0,44.0,-24.0,4997.68251953125,5002.272075275981,4993.09296378652,0.43654921005490466,0.1836673588926043,4997.960847981771,5002.035823567709,4993.885872395834,5008.25,4992.0,3.7151401574324363,118793.0,-0.31084878942733185,-190.47728976964277,-8683.847753625167,297.51921667435874,4997.058654496967,4999.7244873046875,4996.565518124091,11.630191830712977,1.079049645008123,1.0137867894552604
1217,4996.2001953125,4996.9501953125,4996.0,4996.0498046875,4996.0498046875,658.0,5001.008984375,4999.864694554518,43.37719363551025,0.5127675659569672,-71.58203125,-3.6293830422800966,-1.4385165834592044,-1.5644057784264644,0.12588919496726003,-11.576686295072545,5000.045663573135,-0.0010066445380786753,0.06432553391959783,-0.004811714430636389,25.17596690118846,-62.377788567085226,-1.9474121093753638,4998.8125,5001.89990234375,16.0,40.0,-24.0,4997.297509765625,5000.990933591826,4993.604085939424,0.3310909962086979,0.14781684776555526,4997.515844726562,5001.41083984375,4993.620849609375,5005.5498046875,4992.0,3.5283514073479765,118135.0,-0.30084054374466673,-261.9937874364795,-93850.17638510845,297.3809179090885,4997.097946017319,4999.639736328125,4996.56038664711,11.322664690739847,1.0773888976130652,1.0130633636934674
1218,4996.0498046875,4999.2001953125,4995.10009765625,4999.2001953125,4999.2001953125,838.0,5000.9419921875,4999.838635760714,51.46741587679798,1.0,-38.42002467105263,-3.420115751378944,-1.1585720470884553,-1.4832390321588627,0.32466698507040737,-9.607619714478842,5000.012902280852,0.07707363009564461,0.018208029701601625,-0.004609848018710983,24.96971966779062,30.861570733525877,0.5425781249996362,4998.8375244140625,5001.89990234375,12.0,36.0,-24.0,4997.30751953125,5001.020379161879,4993.594659900622,0.754881138736898,0.1485944027305584,4997.348356119792,5001.120865885417,4993.575846354166,5002.9501953125,4992.0,3.5691904251266924,118973.0,-0.13837350434379855,152.58065987587466,330282.352989215,297.90934085260545,4997.153786318732,4999.575737304687,4996.5866534,11.073808891466275,1.0091040148508008,0.9908959851491992
1219,4995.2001953125,4996.0,4995.2001953125,4995.60009765625,4995.60009765625,847.0,5000.84099609375,4999.672418580147,43.77097645554852,0.27214809428875597,-66.16491666054776,-3.5999296300551578,-1.2132264592955835,-1.4292365175862067,0.21601005829062325,-10.04968346956128,4999.986206922954,-0.04501935744441677,-0.1659521967336527,-0.0044602035434835085,24.697972267274586,-112.92725692971781,0.24267578125,4998.8375244140625,5001.89990234375,8.0,32.0,-24.0,4996.95751953125,4999.834342064316,4994.080696998184,0.2640761883296731,0.1151429653672861,4997.065022786458,5000.642513020833,4993.4875325520825,5002.85009765625,4992.0,3.599962537617643,118126.0,-0.21284416145965354,-304.8283936555003,-146367.9242725215,297.2993867408051,4996.864798288152,4999.478737792969,4996.576836924938,10.84272850642653,0.9089939566299324,1.0749461533635851
1220,4995.7998046875,4996.39990234375,4995.0,4995.9501953125,4995.9501953125,1404.0,5000.742001953125,4999.52644904024,44.637996023694335,0.24111986583444475,-60.900212937807474,-3.7193790211395026,-1.2142929070005266,-1.3862477954690708,0.17195488846854423,-10.161044775238873,4999.9582504324135,-0.025014006866735727,-0.040095698983198313,-0.004329596228470078,24.389993131069144,-93.86818365726234,-0.9049316406253638,4998.7249755859375,5001.89990234375,4.0,28.000000000000004,-24.000000000000004,4996.755029296875,4999.297410393894,4994.212648199857,0.34171649456504877,0.101761286359339,4996.828361002604,5000.323356119791,4993.333365885416,5002.85009765625,4992.0,3.4428153809128115,119530.0,-0.1453223895716987,-191.06189322257165,9956.208728996777,297.39778074748415,4996.730500913531,4999.378488769531,4996.570601685014,10.814445442873195,0.9253874177586863,0.9654831167418846
1221,4995.2001953125,4998.39990234375,4995.2001953125,4996.0498046875,4996.0498046875,754.0,5000.602998046875,4999.390110046014,44.898328784353225,0.2700478516056997,-74.53473373871384,-3.5755500344675966,-1.193344300138051,-1.347667096402867,0.15432279626481593,-10.18106459934249,4999.891379410104,0.003997458437427705,0.030583991084456308,-0.004205012420261821,24.19735892257888,-16.88356209538832,-0.3377197265626819,4998.612548828125,5001.89990234375,4.0,24.0,-20.0,4996.637524414063,4999.08023171016,4994.194817117966,0.3796991093648973,0.09777404441133705,4996.71669921875,5000.264184570313,4993.169213867188,5002.85009765625,4992.0,3.425450498794039,120284.0,-0.13417933411345195,-153.03798436934716,466842.2023560704,297.41281401759574,4996.716601143709,4999.278737792969,4996.565419625337,11.634195364142533,0.9647054768552028,0.9341214857707465
1222,4996.0498046875,4996.64990234375,4996.0,4996.0,4996.0,291.0,5000.447001953125,4999.257164554014,44.784931247509924,0.25744720033155377,-80.0,-3.28278234145273,-1.1673052322239528,-1.3115947235670842,0.1442894913431314,-10.227444175927236,4999.818829249041,-0.006000534379836954,-0.01916984709022429,-0.004083553528308176,23.89197106797308,-65.15532465610762,0.4426757812498181,4998.612548828125,5001.89990234375,8.0,20.0,-12.0,4996.75751953125,4998.793525139224,4994.721513923277,0.31396919333533485,0.0814930722579667,4996.789200846354,5000.064176432292,4993.514225260416,5002.85009765625,4992.0,3.227197059148036,119993.0,-0.09441654332484946,-133.24586718265473,-106105.52587869651,297.40991309293946,4996.695410579975,4999.190737304688,4996.559793559414,12.395391719606918,0.947629025418444,0.9667988725086682
1223,4996.0,4996.0,4991.0,4992.35009765625,4992.35009765625,1635.0,5000.18400390625,4998.986299185474,37.34167531388212,0.0,-84.99891493055556,-3.565014648437682,-1.4247619302859675,-1.334228164910861,-0.0905337653751066,-12.464632108334838,4999.3456795790125,-0.0970563008622211,-0.17728386632691628,-0.004104024578909734,23.70113122590361,-325.8089498669138,0.7524658203128638,4996.6875,5001.39990234375,4.0,100.0,-96.0,4996.497534179687,4999.260590398202,4993.734477961172,-0.2505161305885781,0.11059972309057119,4996.656705729167,4999.894181315104,4993.419230143229,5002.85009765625,4991.0,3.3538258406374624,118358.0,-0.18450007044793057,-966.7236478753111,-863899.4409403669,296.2154394476169,4996.127454746227,4999.08923828125,4996.51790603799,12.338987610521814,0.8164738298728375,0.9937576961997537
1224,4992.39990234375,4997.0,4992.39990234375,4997.0,4997.0,459.0,5000.07900390625,4998.90840509977,48.97625378157677,0.8236437881521607,-33.333333333333336,-3.3001910041357405,-1.2393040346187263,-1.315243338852434,0.07593930423370776,-10.762981038114976,4999.324373936086,-0.005002751513332333,-0.07058904628959428,-0.004029041254614681,23.649049799232554,-96.5035422806368,0.0974609374998181,4996.03759765625,5001.39990234375,4.0,96.0,-92.0,4996.4025390625,4998.950990199661,4993.85408792534,0.6172204027748203,0.10201144192192063,4996.558374023438,4999.805859375,4993.310888671875,5002.85009765625,4991.0,3.4464027337169294,118817.0,-0.1872228572033722,-523.7195302100881,1202590.9745875008,296.64295457256446,4996.093625356666,4999.01173828125,4996.5227029928365,11.837502202378404,0.856466641390641,0.9270556876802353
1225,4995.2998046875,4997.25,4993.75,4995.75,4995.75,520.0,4999.942001953125,4998.784546076249,46.47781647995965,0.6467725444471587,-45.08608523849845,-3.0100313074444784,-1.179594241322775,-1.2881135193465023,0.1085192780237274,-10.177610576975905,4999.2824967762,-0.015010507355148604,-0.10084960960675882,-0.003934294835585998,23.687668567378473,-76.79454803081306,-0.2849365234378638,4996.0125732421875,5001.39990234375,72.0,92.0,-20.0,4996.385034179688,4998.946331663305,4993.823736696071,0.3760327170604267,0.10252602495985355,4996.420035807292,4999.505021158855,4993.335050455729,5000.0,4991.0,3.4502311098800056,118297.0,-0.12139611754554162,-541.7595973229327,538494.403545673,296.5128765257364,4995.937025190056,4998.940239257812,4996.515014405843,11.25943967321163,0.8833566699100553,0.9842062795168142
1226,4995.75,4997.5498046875,4994.2998046875,4997.0,4997.0,655.0,4999.837001953125,4998.714563877181,49.26505886019393,0.8440890934677174,-26.831011075384065,-2.8916877297797328,-1.019655295107441,-1.2344218744986901,0.2147665793912492,-8.817140329016397,4999.272044141165,0.018012095958048528,-0.09325984063267634,-0.003773857384195728,23.80428328955736,-13.115783080400936,0.582275390625,4996.0125732421875,5001.39990234375,68.0,88.0,-20.0,4996.467529296875,4998.996252471258,4993.938806122492,0.6052844986195202,0.10122043862212725,4996.425024414062,4999.5125,4993.337548828125,5000.0,4991.0,3.4359288877457197,118952.0,-0.06103729139711356,-347.40108341965663,210780.9518129771,296.6767658316464,4995.832294413706,4998.840239257813,4996.519840133149,10.582385396701756,0.8748427296147624,0.9681025702474387
1227,4994.85009765625,4997.0,4993.75,4996.5,4996.5,433.0,4999.747001953125,4998.627718234939,48.18414826165885,0.7675684612416955,-32.92842681910206,-2.858885282628762,-0.9226130404358628,-1.1720601076861246,0.24944706725026178,-8.038913394385517,4999.254686807824,-0.011002585705354664,-0.08905550397800055,-0.003588465659608591,23.806307317747613,-56.4557101225765,0.7000732421875,4995.8125,5001.39990234375,64.0,84.0,-20.0,4996.4000244140625,4998.848314648388,4993.951734179737,0.5204174293831333,0.0980021704572115,4996.376684570312,4999.346655273437,4993.406713867187,5000.0,4991.0,3.4226482529067397,118519.0,-0.06823345238041242,-328.70092864542,-412670.9548210161,296.63343983604904,4995.765035056504,4998.760239257813,4996.5196427188885,10.206532850620974,0.8640193670454679,0.9530748710234684
1228,4994.85009765625,4996.85009765625,4994.0,4994.0,4994.0,1305.0,4999.591005859375,4998.446239088471,43.09303730506079,0.4071547233620907,-63.415505537692034,-2.240053423713107,-1.0354988746339586,-1.1447478610756914,0.10924898644173275,-8.932839326024041,4998.9533903184365,-0.0620379339149923,-0.09494577210197663,-0.0034849974667502887,23.73154105724691,-113.34407651927427,-0.1902099609378638,4995.8125,5001.39990234375,60.0,80.0,-20.0,4996.240014648438,4998.869782949142,4993.610246347734,0.07410418099609148,0.10526989468055986,4996.280843098959,4999.193318684896,4993.368367513021,5000.0,4991.0,3.3817517817169724,117214.0,-0.16139256488713902,-747.8150816960742,10930.578370660658,295.9804827661001,4995.585186533206,4998.664489746094,4996.494571647058,9.857526914974533,0.8701934363115639,0.9651392084135405
1229,4994.0,4996.4501953125,4993.4501953125,4995.0,4995.0,1344.0,4999.465009765625,4998.311092457551,45.57039235962864,0.582533496852496,-51.220674050256044,-1.922361845128762,-1.0323695552788195,-1.122272199916317,0.08990264463749753,-8.92269486769504,4998.9226814165195,-0.021012694599542022,-0.10731596936891874,-0.003394985171212156,23.67211362872749,-98.1181172602852,3.002685546875,4995.8125,5001.39990234375,56.00000000000001,76.0,-19.999999999999993,4996.197509765625,4998.878102026422,4993.516917504828,0.27663336137723266,0.10730529589984364,4996.1966796875,4999.054150390625,4993.339208984375,5000.0,4991.0,3.3544837973086175,118558.0,-0.12932423745816407,-448.98435573949223,-105994.08830915178,296.24960571363727,4995.48221028788,4998.586240234375,4996.479700287387,9.80477661294096,0.8707349315802637,0.9780509009491825
1230,4995.0,4995.2998046875,4992.0498046875,4993.39990234375,4993.39990234375,608.0,4999.325009765625,4998.118496766814,42.39043093561095,0.35741528730771605,-70.73359533166607,-1.962392290900425,-1.1457960320058191,-1.1269769663342175,-0.01881906567160163,-9.879209110499556,4998.786013876144,-0.1160244187497961,-0.1597323477219038,-0.0033737548343150715,23.55198994767331,-169.1650283739485,-0.4524169921878638,4995.5999755859375,5001.39990234375,52.0,72.0,-20.0,4996.052514648438,4998.996102449029,4993.108926847846,0.04942531285209475,0.11783654362963368,4996.064176432292,4998.9741617838545,4993.15419108073,5000.0,4991.0,3.3470206689294306,117950.0,-0.13709299335765635,-523.823644205279,-681746.6334292763,296.0548390719956,4995.341668990826,4998.517490234375,4996.449055531729,10.399358819067475,0.8159664530421711,0.9756988007640749
1231,4992.0498046875,4995.7998046875,4991.0,4992.0498046875,4992.0498046875,1141.0,4999.091005859375,4997.880508842136,39.86281860821285,0.1784786633381513,-87.1978087412171,-2.0975140739892595,-1.3293055230215032,-1.1674426776716746,-0.16186284534982853,-11.450728660217589,4998.517017072709,-0.07106839817734141,-0.1311400312337324,-0.003445695948673679,23.60620729697317,-181.00511094961237,0.1552001953123181,4994.887451171875,5001.39990234375,48.0,100.0,-52.0,4995.794995117188,4999.162538306047,4992.427451928328,-0.05607162546235534,0.13481510719118714,4995.83916829427,4998.746638997395,4992.931697591145,4999.64990234375,4991.0,3.4507909559701853,116809.0,-0.1676325727462402,-669.0576130018463,-115642.20491989361,295.7463395614601,4995.065262417047,4998.454489746094,4996.405281891488,11.384837022007614,0.8240916189484644,0.9552316501821968
1232,4991.60009765625,4993.7998046875,4991.25,4991.39990234375,4991.39990234375,848.0,4998.85,4997.626367410827,38.66757301623669,0.11120146367888156,-94.5958429561201,-2.3807688993565534,-1.5097760459912024,-1.23590935133558,-0.2738666946556223,-13.099230175752313,4998.18785165952,-0.09107963031775933,-0.20398384925975777,-0.003595647121305709,23.567842465766972,-193.40411887124378,0.5473144531251819,4994.887451171875,5001.39990234375,44.0,100.0,-56.0,4995.502490234375,4999.302236404658,4991.702744064091,-0.03985025667106016,0.1521266850616742,4995.564998372395,4998.4174641927075,4992.712532552083,4999.2001953125,4991.0,3.386434793936601,115961.0,-0.1997878712386845,-652.2089807872969,-263098.9506559552,295.6359405852755,4994.673886627826,4998.395239257812,4996.355477119869,12.299923924737744,0.8434347240915209,1.0474185733512786
1233,4991.39990234375,4991.39990234375,4985.14990234375,4985.5,4985.5,2786.0,4998.48,4997.150823590795,29.902148648743136,0.0,-97.35775353773585,-3.448292451746056,-2.104612385756809,-1.4096499582198259,-0.6949624275369832,-17.76564598897131,4997.301784498807,-0.21116292070590925,-0.3077869987587579,-0.004014985550749579,23.708664305548854,-312.1410713051908,1.0475097656253638,4991.96240234375,4998.474853515625,40.0,100.0,-60.0,4994.952490234375,5000.700448827634,4989.204531641115,-0.3222475928635826,0.23015068129266528,4995.083325195313,4998.12578125,4992.040869140625,4999.2001953125,4985.14990234375,3.5909751657982723,113175.0,-0.2961592664050095,-2907.1974020587545,-953427.8535534816,292.34285082062473,4993.179912837625,4998.327739257813,4996.247462422159,14.953063463557536,0.7878091564683073,1.0955961552270652
1234,4985.7001953125,4986.9501953125,4975.0,4975.0498046875,4975.0498046875,7956.0,4997.90099609375,4996.2841169671365,20.875490597360567,0.0,-99.78715856686769,-5.660964786305158,-3.3803018804646854,-1.803780342668798,-1.5765215377958874,-26.404358700574388,4990.217941561411,-0.41933937775220176,-0.5064489041901084,-0.004997404247217505,24.169861357292866,-375.4890490443651,-1.549877929687682,4986.887451171875,4993.39990234375,36.0,100.0,-64.0,4993.899975585938,5004.271468124899,4983.528483046976,-0.40874919051551867,0.4153664506564101,4994.184993489583,4997.684969075521,4990.6850179036455,4999.2001953125,4975.0,4.18806231913411,105219.0,-0.5006715435353102,-14369.276902657504,-1096456.6586064356,275.6661375709506,4987.562809649043,4998.251489257813,4996.036540454649,18.76637736041571,0.6552019481064741,1.1616508522965825
1235,4972.7998046875,4977.9501953125,4972.7998046875,4976.0,4976.0,3037.0,4997.398994140625,4995.488661399798,23.14722374481194,0.08001999630355229,-87.06991792929293,-8.626812385110497,-4.2654526917822295,-2.2961148124914845,-1.969337879290745,-31.7704040415478,4986.3839248188115,-0.3275030263587855,-0.7129788357639031,-0.006268058941712115,24.57922060522695,-303.3954044874486,4.152514648437318,4985.64990234375,4992.2998046875,32.0,96.0,-64.0,4992.847485351563,5005.701840848185,4979.99312985494,-0.15532205624735979,0.5149108012746593,4993.108325195312,4996.685815429688,4989.530834960938,4999.2001953125,4972.7998046875,4.256800055267388,108256.0,-0.4231593800468469,-11904.274035983219,-949709.9265009705,276.24618064134233,4985.687842816515,4998.166489257813,4995.837171892911,22.488792633357765,0.6264532640045497,1.3394320997684528
1236,4976.0,4976.60009765625,4970.2998046875,4970.2998046875,4970.2998046875,4466.0,4996.77298828125,4994.500863097354,19.52553753190864,0.0,-100.0,-11.972687844669053,-5.365054204874468,-2.9099026909680816,-2.4551515139063866,-37.73596802839817,4980.786641049806,-0.5343245009505704,-0.6958123231618111,-0.00788792205378877,24.8925701928549,-244.21577536962394,4.242529296874636,4984.3624267578125,4991.0498046875,28.000000000000004,100.0,-72.0,4991.507470703125,5007.511049571127,4975.503891835124,-0.1625913550508734,0.6412322915244374,4991.872485351562,4995.7125,4988.032470703125,4999.2001953125,4970.2998046875,4.402763834801861,103790.0,-0.5072734439725505,-13840.388068789189,-271571.24040162034,271.13020952686804,4983.392847030132,4998.030737304687,4995.583068736638,26.13130864822117,0.6083679274007293,1.3041802505625404
1237,4970.0498046875,4970.2998046875,4967.85009765625,4970.0,4970.0,2199.0,4996.0619921875,4993.540044936674,19.354016890737498,0.0,-92.76120016440608,-15.903853113511104,-6.189341186443926,-3.565790390063251,-2.623550796380675,-42.140246220566766,4977.039312799327,-0.5154381224040434,-0.7729421944774942,-0.009668673817742788,25.0471568055505,-204.5388606829177,6.795019531249636,4982.9500732421875,4989.824951171875,24.0,100.0,-76.0,4990.20498046875,5008.582039889284,4971.827921048217,-0.04973377422327183,0.7365252326291097,4990.524983723959,4994.439973958333,4986.609993489584,4999.2001953125,4967.85009765625,4.2632597774053,101591.0,-0.4168515149994965,-11957.371274363948,-487379.18425278534,270.997567526643,4981.710190744161,4997.906237792969,4995.328510838761,29.676950965398095,0.6329171624148214,1.4058593568923157
1238,4969.9501953125,4971.9501953125,4969.5498046875,4970.0,4970.0,1077.0,4995.29099609375,4992.61690591955,19.354016890737498,0.0,-92.76120016440608,-18.645599724264684,-6.764616272443163,-4.205555566539234,-2.5590607059039296,-45.45480980248094,4974.650929740127,-0.5403241945167101,-0.785879657445905,-0.011462081110302095,25.143511789592797,-154.07347344832908,7.755029296875364,4982.675048828125,4989.824951171875,20.0,96.0,-76.0,4988.744970703125,5008.610903050096,4968.879038356154,0.028213164735187965,0.7964300626163727,4989.158308919271,4992.988313802083,4985.328304036459,4998.39990234375,4967.85009765625,4.130197695090636,102668.0,-0.4586518392298674,-10249.175378026242,373330.68741397274,270.997567526643,4981.0621702000735,4997.801987304688,4995.076485855291,32.230162373369545,0.6251051455214016,1.4109848029673067
1239,4970.7001953125,4973.39990234375,4970.4501953125,4973.25,4973.25,792.0,4994.598994140625,4991.857419412901,27.37477123288987,0.2681536253515588,-81.81833127825729,-19.645313936121056,-6.878981467771155,-4.740240746785618,-2.1387407209855365,-45.55428274055933,4974.302239840838,-0.4653257280096067,-0.7748471377445396,-0.013037738618070864,25.20691260145532,-116.56309333749795,6.372534179687136,4982.675048828125,4989.824951171875,16.0,92.0,-76.0,4987.627465820313,5008.322399250296,4966.9325323903295,0.1526331947634489,0.8298508086982678,4987.996638997396,4991.934138997396,4984.059138997396,4998.39990234375,4967.85009765625,4.0780337414234475,103460.0,-0.43829360078322843,-8417.29318116535,437632.54929070524,271.51547497131105,4980.558179630502,4997.687487792969,4994.859306891557,33.977650643625275,0.6096997319895363,1.384546869734076
1240,4971.85009765625,4978.85009765625,4971.0,4978.35009765625,4978.35009765625,725.0,4993.982998046875,4991.327720520484,37.82504707468674,0.6406849121256346,-63.97929613561366,-19.097802734375364,-6.4833454805038855,-5.088861693529272,-1.3944837869746136,-41.91410711484609,4974.753321507388,-0.3133740957899479,-0.6416970673589818,-0.014175145385604708,25.391392235376024,-77.80322219595611,8.252539062499636,4982.175048828125,4989.824951171875,12.0,88.0,-76.0,4986.7474609375,5007.4487406580065,4966.046181216994,0.29717767706572845,0.8302517776432308,4987.010807291666,4991.270817057291,4982.750797526041,4998.39990234375,4967.85009765625,4.347466878196773,104185.0,-0.44334673738669844,-6686.598326601551,3248316.271551724,272.2589668128194,4980.086118130793,4997.6219873046875,4994.695036152897,33.63044343818925,0.6371313682922645,1.2788284356512463
1241,4977.0,4982.14990234375,4977.0,4978.64990234375,4978.64990234375,1113.0,4993.45599609375,4990.830551180221,38.38630451168115,0.7259694477418411,-62.759294181034484,-17.385296989889866,-6.075573942980554,-5.286204143419528,-0.789369799561026,-38.942961966076815,4975.132686961647,-0.3273292824074074,-0.46918816245450723,-0.014930769454233446,25.65712392905664,-48.48175907641883,7.522436523437136,4981.5750732421875,4989.824951171875,8.0,84.0,-76.0,4985.877465820313,5006.403614685556,4965.35131695507,0.3239425348609532,0.8233715732468786,4986.146638997396,4990.504158528645,4981.789119466145,4997.5498046875,4967.85009765625,4.40478369716486,105298.0,-0.4399654202093292,-5683.701048917401,2151531.264895485,272.32599356076634,4979.824370918836,4997.560485839844,4994.535383080169,32.35864065923438,0.7446169907346992,1.2138051531892065
1242,4976.0498046875,4978.4501953125,4974.10009765625,4975.39990234375,4975.39990234375,4432.0,4992.8919921875,4990.225427696438,34.72665708111447,0.5863754968194761,-73.60217164905332,-15.344521197151153,-5.946116767509011,-5.418186668237425,-0.5279300992715861,-37.62330460859305,4975.163254360545,-0.3604758351429323,-0.5546653466746808,-0.015496178880513906,25.95378711897562,-63.77529420645237,7.202343750000182,4980.462646484375,4988.150146484375,4.0,80.0,-76.0,4984.8474609375,5005.30575692326,4964.38916495174,0.2691020161130265,0.8208193388494276,4985.134977213542,4989.677506510417,4980.592447916666,4997.5498046875,4967.85009765625,4.4151423393316565,100866.0,-0.4311873207300536,-6929.4580419292015,-323882.50535145565,269.4328397374338,4978.694061655871,4997.509484863282,4994.344980286772,31.711447899642902,0.7023936640384684,1.2570590107131492
1243,4978.5498046875,4987.2998046875,4976.7001953125,4986.64990234375,4986.64990234375,4275.0,4992.589990234375,4990.08521101594,51.84198911647247,1.0,-32.737024161003475,-12.651872702206674,-4.879492293648582,-5.310447793319656,0.43095549967107427,-29.51512869874357,4975.239723101455,-0.1081700414663237,-0.3322684506583482,-0.01543959103908801,26.31795089637465,-7.978915029965094,6.837451171874818,4980.550048828125,4988.050048828125,24.0,76.0,-52.0,4984.562451171875,5004.751775079149,4964.373127264601,0.5516969062823027,0.8100740678864481,4984.656640625,4989.479150390625,4979.834130859375,4997.5498046875,4967.85009765625,4.949768053932966,105141.0,-0.290759209458702,931.0002497749692,1419443.5320402447,279.0991481636857,4978.662710397276,4997.509484863282,4994.26841234704,29.771365379118926,0.7601007253730221,1.0923691760313703
1244,4984.10009765625,4989.5498046875,4975.85009765625,4976.39990234375,4976.39990234375,2314.0,4992.039990234375,4989.548532244482,41.2334579370157,0.6734628093823183,-69.41003825928966,-10.09983340992676,-4.805874916195535,-5.2095332178948315,0.40365830169929673,-26.966351428503838,4975.248039226221,-0.30051689492874806,-0.248300127593997,-0.015339476346223482,26.93165033885652,-25.002847115413417,1.9675537109378638,4980.9124755859375,4988.050048828125,20.0,72.0,-52.0,4983.532446289062,5003.173018482923,4963.891874095201,0.31842321407668595,0.7882188951528155,4983.913305664062,4989.1907958984375,4978.635815429688,4997.5498046875,4967.85009765625,5.574763695169898,102827.0,-0.33948875908843523,-2590.3569287643118,414396.1102362841,274.34274848364157,4978.539223346413,4997.462983398437,4994.090616227604,28.366934250010225,0.7946841358130389,1.0429842634070359
1245,4976.0,4978.5498046875,4970.5498046875,4971.5,4971.5,1643.0,4991.408994140625,4988.8407466662675,37.30363489330195,0.5525004108550015,-85.9347069338602,-9.497672047334163,-5.084305079046317,-5.184487590125129,0.10018251107881238,-26.646772351103724,4975.188834451376,-0.2808143616487815,-0.41157374584881434,-0.015376357531333946,27.48243196183,-71.72279089823141,-7.2701416015625,4980.9124755859375,4988.050048828125,16.0,68.0,-52.0,4982.3199462890625,5001.7871926301905,4962.8526999479345,0.2220986959464456,0.7814530801309777,4982.810799153645,4988.31328938802,4977.3083089192705,4997.5498046875,4967.85009765625,5.747994859800619,101184.0,-0.3614069289931845,-3370.3830176238744,-3968421.9035301274,272.7250047916626,4977.884271833846,4997.372983398437,4993.865833976583,26.631084960586943,0.7554545115327004,1.1670282573815147
1246,4969.5498046875,4973.39990234375,4966.64990234375,4969.89990234375,4969.89990234375,4287.0,4990.67798828125,4988.097968457541,36.093871460875185,0.5152631396574947,-86.86868686868686,-10.59003331801523,-5.372150688284819,-5.222020209757067,-0.15013047852775152,-26.86985199342936,4975.162542469863,-0.10351458871623262,-0.4697271647663851,-0.015536183150857585,27.847359763155122,-92.15588636193408,-4.964941406249636,4980.3123779296875,4987.449951171875,12.0,100.0,-88.0,4980.96494140625,4999.922267961064,4962.007614851435,0.208159295813532,0.7611909249641143,4981.495800781249,4987.173291015624,4975.818310546874,4997.0,4966.64990234375,5.8195666555291465,96897.0,-0.3460061087871984,-3868.845251155285,-712458.3816261372,271.345216266601,4976.7658591854,4997.273232421875,4993.627366995162,25.65350907764586,0.7228579146682704,1.1925850794346555
1247,4969.5498046875,4976.2998046875,4969.5498046875,4976.2998046875,4976.2998046875,1619.0,4990.128984375,4987.635295368521,43.926673703885115,0.7563616664779919,-57.86050875285187,-10.545387178308374,-5.025916141739799,-5.182799396153614,0.156883254413815,-24.06161250075593,4975.186933359959,0.006025013816318328,-0.31879648925328197,-0.015490806407827523,28.228956298232646,-55.20734804026499,-9.655126953124636,4980.099853515625,4987.449951171875,8.0,96.0,-88.0,4979.954931640625,4997.601031555843,4962.308831725406,0.3964324419932498,0.7086851249637806,4980.410791015625,4986.26328125,4974.55830078125,4996.85009765625,4966.64990234375,5.886026180134207,98516.0,-0.30994811028296865,-1835.9470874857805,1209038.9635770537,273.4300554179178,4975.9173672069,4997.2139819335935,4993.454953439863,24.18904283031774,0.8177545215314643,1.1365510107847463
1248,4974.10009765625,4980.5,4974.0498046875,4976.0498046875,4976.0498046875,1200.0,4989.66998046875,4987.180962400637,43.70134278913064,0.7494258407148813,-58.95221646516983,-10.898494944853155,-4.717317381434441,-5.08970299320978,0.37238561177533924,-22.06246217779241,4975.204522511268,0.11568718640628405,-0.08150183642630904,-0.015289449295404203,28.344674852592924,-25.65553127578312,-9.057421874999818,4980.099853515625,4987.449951171875,4.0,92.0,-88.0,4979.057421875,4995.542565531044,4962.572278218956,0.4087779503093032,0.662179294563586,4979.506616210938,4985.539111328125,4973.47412109375,4996.4501953125,4966.64990234375,5.926323975303192,97316.0,-0.29288616216314867,-1616.526074987812,2338248.292605082,273.3697696610755,4975.212511020753,4997.165729980468,4993.281767880138,22.823210657101757,0.9680574750348195,1.0495593114611286
1249,4976.64990234375,4981.9501953125,4976.14990234375,4981.0,4981.0,1819.0,4989.237978515625,4986.9385717182595,49.25239165491192,0.9202905788158354,-37.33555086462398,-11.096119600183556,-4.0268917479306765,-4.87714074415396,0.8502489962232831,-18.46322856166473,4975.355185216682,0.22132796780684103,0.08028480759486922,-0.014768556630997463,28.295399805035863,10.727166403384228,-8.357421875,4980.099853515625,4986.099853515625,8.0,88.0,-80.0,4978.357421875,4993.180428447906,4963.534415302094,0.5891377235786373,0.5954978848153094,4978.743277994791,4984.915787760417,4972.570768229167,4995.7998046875,4966.64990234375,5.924471593138678,99135.0,-0.2656291083071649,-99.25016806991061,566045.6114250465,275.1793185255091,4975.432673540767,4997.135729980469,4993.159561234565,21.791411061896838,1.0141977119389851,0.9339129043441159
1250,4981.0,4989.10009765625,4981.0,4981.89990234375,4981.89990234375,3775.0,4988.8759765625,4986.740976840828,50.21344353905011,0.9498723538019919,-33.405829548604444,-8.640925149356008,-3.368282397987059,-4.57536907492058,1.2070866769335211,-15.358961350305828,4975.438815555911,0.23943465480382292,0.24852888100805004,-0.013991790922542862,28.26262752530958,70.56613851567923,-4.532421875000182,4980.099853515625,4984.800048828125,4.0,84.0,-80.0,4977.782421875,4991.035859682005,4964.528984067995,0.6553363183465338,0.5325037007950514,4978.2641194661455,4984.679134114583,4971.8491048177075,4995.7998046875,4966.64990234375,6.079873454789487,102910.0,-0.304307834111785,400.23290560525516,1287432.7400662252,275.86133646320377,4976.900086829845,4997.10998046875,4993.047524827692,21.855771927811354,1.0926608815729597,0.8441320005649097
1251,4981.85009765625,4988.0,4977.9501953125,4987.0,4987.0,3132.0,4988.647978515625,4986.751134611776,55.3717687837156,1.0,-11.134565768992942,-5.653827263327003,-2.4070475398639246,-4.14170476790925,1.7346572280453252,-10.988631050181862,4975.762960540409,0.27647916352485796,0.27538622270805724,-0.012849790940664133,28.299269945403424,87.43454167361514,0.8201660156246362,4980.099853515625,4984.75,4.0,80.0,-76.0,4977.529931640625,4989.845763535578,4965.214099745673,0.8844672629567026,0.4948571706888081,4977.832462565104,4984.509977213542,4971.154947916666,4993.7998046875,4966.64990234375,6.363439971411666,106042.0,-0.23408694901547536,2624.9861847152188,-665799.9365722539,279.0676445329143,4978.134702998402,4997.107729492188,4992.987350451296,21.328694516325218,1.0797403577336442,0.804354135025587
1252,4987.10009765625,4991.2001953125,4975.0,4977.14990234375,4977.14990234375,10933.0,4988.318974609375,4986.374615699305,45.554798234562405,0.6493563093209737,-57.230652956502716,-3.2055319393384707,-2.412275341093846,-3.795818882546169,1.3835435414523234,-10.558773506293818,4975.772635257798,-0.02410829469516493,0.21525224673202625,-0.011872773539832628,28.50289306875779,58.96026025548085,1.832470703125182,4980.375,4984.75,8.0,76.0,-68.0,4976.817431640625,4987.362703436881,4966.272159844369,0.5157639703152657,0.42377571374081596,4977.280802408854,4984.640836588542,4969.920768229166,4991.39990234375,4966.64990234375,7.066065352917976,95109.0,-0.3115034034364185,-13134.457223927133,18522.129461835728,257.4732756386327,4979.105357074969,4997.0389794921875,4992.829763902962,21.26899728724785,1.0296287785947713,0.8143765318627451
1253,4976.0,4988.9501953125,4972.0,4988.9501953125,4988.9501953125,13819.0,4988.146982421875,4986.475618821391,55.689912244703294,1.0,-9.164860080749419,-2.1206399356615293,-1.4475469674443957,-3.3261644995258144,1.8786175320814187,-6.214636440594752,4975.877602515511,0.20688928064415682,0.13328182859578552,-0.01056279228625827,28.81457294601175,100.81053948564316,-1.590039062500182,4980.3375244140625,4984.75,4.0,72.0,-68.0,4976.98994140625,4988.190258856235,4965.789623956265,1.033924773099435,0.4500839897948597,4977.07831217448,4984.973356119792,4969.183268229167,4991.2001953125,4966.64990234375,7.7720746357452635,108928.0,-0.047076319850260555,12037.357884513349,-321978.8891765866,290.2366546275519,4980.25455264103,4997.036479492188,4992.791161230421,20.642865155811602,0.9996080058152147,0.8663261772194292
1254,4988.9501953125,4991.2001953125,4983.5,4983.5498046875,4983.5498046875,8484.0,4987.83998046875,4986.360881012219,51.00996338899816,0.7767546681474469,-31.16211539608982,-0.21504624310637155,-1.1060097790577856,-2.8821335554322087,1.776123776374423,-4.594965339245053,4976.0472139069,0.1638039655849743,0.193913553716489,-0.009276856888970914,28.996379584444774,128.04379967452044,9.234960937499636,4980.237548828125,4984.75,4.0,68.0,-64.0,4977.41494140625,4988.929199790388,4965.900683022112,0.7664028839973321,0.4626601768059504,4977.432478841146,4985.115022786458,4969.749934895834,4991.2001953125,4966.64990234375,7.766940398370601,100444.0,-0.053194302315905266,3772.4618920828707,623984.473991484,281.0529762445626,4981.089743117988,4997.027978515625,4992.699207433974,20.379162956372003,1.0850555530154085,0.8911419992989195
1255,4983.60009765625,4989.10009765625,4981.9501953125,4981.9501953125,4981.9501953125,3461.0,4987.556982421875,4986.187912945563,49.6782692752699,0.7132295093237693,-37.67775810974761,0.21158806295898103,-0.953423729421047,-2.4963915902299765,1.5429678608089294,-3.84276462088567,4976.274031707183,-0.09424577869485312,0.0914356888815524,-0.008106816800343988,29.07291069711632,90.58803133369544,-1.312548828124818,4980.7999267578125,4984.75,4.0,64.0,-60.0,4977.712451171875,4989.371670341971,4966.053232001778,0.6817336169258276,0.46845691809102735,4977.869986979166,4985.652506510416,4970.087467447916,4991.2001953125,4966.64990234375,7.722866251611987,96983.0,-0.10845170496245866,2442.646186517461,-377007.3002316779,279.94207171589375,4981.293074543148,4996.997729492187,4992.592252089482,19.830739066336786,1.025740204390954,0.9343045155094016
1256,4983.0,4991.2998046875,4982.9501953125,4988.9501953125,4988.9501953125,7690.0,4987.428984375,4986.296237744266,55.19118902629208,0.9745497968741322,-9.53192163698671,1.3121553308819784,-0.26460646854411607,-2.0500345658928043,1.7854280973486882,-1.2581650494802525,4977.267379454517,0.25219623050870876,0.1607978927411009,-0.006774533841220948,29.02487858903677,123.77258651473085,-7.144970703125182,4981.4373779296875,4984.75,4.0,60.0,-56.0,4978.644970703125,4990.75806007146,4966.53188133479,0.9253755708396731,0.48660185410345214,4978.636661783854,4986.521647135416,4970.751676432292,4991.2998046875,4966.64990234375,7.839062188996846,104673.0,-0.004659775481354894,9783.69673130068,173708.08729114707,290.7470773642141,4982.360386565584,4997.01248046875,4992.556012718566,19.649614816818648,1.0477932396934633,0.8869953469523624
1257,4988.9501953125,4994.0,4986.14990234375,4986.35009765625,4986.35009765625,10693.0,4987.198984375,4986.298349897677,52.87408634218582,0.856306386908458,-27.97029261064396,2.807862764246238,0.07066543527434987,-1.6258945656593735,1.6965600009337234,-0.01514360212937396,4977.584641288449,0.2987045691692648,0.12337550916876805,-0.005479413471492289,29.005617229534106,128.47142527311985,-9.562573242187682,4981.6624755859375,4983.324951171875,84.0,56.00000000000001,27.999999999999993,4979.462475585938,4991.335991059156,4967.588960112719,0.7900413986846525,0.47689948589566733,4979.609163411458,4987.76416829427,4971.454158528645,4994.0,4966.64990234375,7.839850436657786,93980.0,-0.13949455367144922,4414.190878503264,216566.02244821732,285.1741926590497,4983.216946176579,4996.9952319335935,4992.494262319937,19.865642497467206,1.0637859775294312,0.9404104683606631
1258,4986.2001953125,4987.0,4981.0498046875,4984.0,4984.0,10637.0,4986.93498046875,4986.208218529141,50.798194421422274,0.750372135001986,-36.562940745898274,3.831795726103337,0.14506537098259287,-1.2717025783309803,1.4167679493135732,0.30409751006698993,4977.7435402359515,0.2837098922173573,0.021517526852303348,-0.004346233598060743,28.79119034029436,55.59354419453184,-3.8626708984375,4981.6624755859375,4983.324951171875,80.0,52.0,28.0,4980.1624755859375,4991.3531192855435,4968.9718318863315,0.6714612902114657,0.44940877951132885,4980.284993489583,4988.61748860677,4971.952498372395,4994.0,4966.64990234375,7.704875070646516,83343.0,-0.1196939596476994,212.45092878404785,-338431.62712706113,280.16090873795434,4983.391983421069,4996.955480957031,4992.4097422968525,19.042466938194078,1.0332893229135691,1.0117717960612658
1259,4984.0,4991.35009765625,4983.9501953125,4987.35009765625,4987.35009765625,4865.0,4986.76498046875,4986.252998102753,53.59512514502982,0.8931015135770576,-24.31399853605413,4.122683536305885,0.46894700976099557,-0.9235726607125853,1.3925196704735807,1.4475252186494179,4977.934706844195,0.2220584249835794,0.2137945048289932,-0.003230447240425104,28.270615648668482,100.05789180584047,-4.817675781249818,4981.6624755859375,4983.324951171875,76.0,48.0,28.0,4980.86748046875,4992.003830738577,4969.731130198923,0.7910566312315257,0.4471650897557624,4981.044165039062,4989.599169921875,4972.48916015625,4994.0,4966.64990234375,7.683091304439622,88208.0,-0.12582299210944026,2510.4186671943626,551417.3198946946,283.4310181074676,4983.81352807988,4996.886730957031,4992.359397574061,18.912626636388058,1.1003689478213752,0.886574442992382
1260,4987.39990234375,4992.35009765625,4986.35009765625,4991.7001953125,4991.7001953125,5346.0,4986.67298828125,4986.466613679606,57.012328422799165,1.0,-9.406079003075448,5.08104750689381,1.0643726422395048,-0.5259836001221673,1.590356242361672,3.4831753460413957,4978.356393656585,0.31451434851510407,0.31732465283345623,-0.00199743416846914,27.85515835183922,125.2718641506284,-0.5349853515626819,4981.6624755859375,4983.324951171875,100.0,44.0,56.0,4981.534985351563,4993.553227535435,4969.51674316769,0.9229075186460328,0.4825116041225385,4981.747501627604,4990.210001627604,4973.285001627604,4994.0,4966.64990234375,7.562870496979649,93554.0,-0.08662671394212512,5474.0191533540965,190791.3773148148,288.0939396218891,4984.877591716768,4996.841982421875,4992.352838347579,18.9305995859807,1.1527091818735768,0.8353845290401206
1261,4990.7998046875,4995.0,4990.7998046875,4994.9501953125,4994.9501953125,4200.0,4986.62798828125,4986.799303155406,59.41681508872582,1.0,-0.21654211956521738,6.308824965532949,1.7780038626460737,-0.06518610756851911,1.8431899702145929,5.914297013326752,4978.767397582747,0.2800681652780566,0.335009376561054,-0.0006075712781206,27.43672351212774,154.85131078373578,-0.4500976562503638,4982.1624755859375,4983.324951171875,100.0,40.0,60.0,4982.35,4995.6206435619515,4969.079356438049,0.9747394221568205,0.532706195347623,4982.463338216146,4990.878352864584,4974.048323567708,4995.0,4966.64990234375,7.32267941237396,97754.0,-0.042735344226759606,6642.016417160655,354996.97639828635,290.82847885019,4985.478279104224,4996.819482421875,4992.378682695489,19.309180568484596,1.1689705436767583,0.8339611671157043
1262,4994.89990234375,4996.0498046875,4991.0498046875,4993.75,4993.75,4849.0,4986.55798828125,4987.071879502253,58.12385211415112,0.9067262009433813,-9.562675112681204,7.058949908087925,2.2211124136756553,0.39207359668031583,1.8290388169953395,7.504760183705638,4980.093564767163,0.23786302191007663,0.2763122989687302,0.0007817731025757894,27.17325811315486,143.82774587471653,3.732495117187682,4984.9498291015625,4983.324951171875,96.0,36.0,60.0,4983.267504882812,4997.017921175498,4969.517088590127,0.8811701003832154,0.5518634622448837,4983.344995117188,4991.792504882813,4974.897485351563,4996.0498046875,4966.64990234375,7.156773740061534,92905.0,-0.022655141182054434,4861.764490378776,67014.05895545473,289.66335270423303,4986.009708205589,4996.810732421875,4992.392327643794,19.80167199465758,1.134972808966409,0.8586605099976788
1263,4994.9501953125,4997.0,4992.89990234375,4996.9501953125,4996.9501953125,5650.0,4986.5669921875,4987.459264435988,60.58665288017809,1.0,-0.19921875,9.243966854319297,2.7982516462343483,0.8733092065911223,1.924942439643226,9.577020601238912,4980.801662016627,0.1995226651794666,0.27413509338339603,0.002234941975574982,26.993689213032514,148.34754617647846,-6.632617187499818,4985.4249267578125,4983.14990234375,100.0,32.0,68.0,4983.78251953125,4998.721330355138,4968.843708707362,0.9407203470370675,0.5994968988050158,4983.948331705729,4992.070865885416,4975.825797526041,4997.0,4966.64990234375,6.938439734074996,98555.0,-0.006415461131524634,6750.24149398538,101605.97024765691,293.2840993406533,4986.683901812312,4996.803232421875,4992.437679560895,20.38948594004929,1.1357752905471674,0.8616401971637714
1264,4996.9501953125,4998.2998046875,4995.0,4997.35009765625,4997.35009765625,11237.0,4986.5919921875,4987.8471402485475,60.89614123959959,1.0,-3.6110801678363225,10.956415153952548,3.250438392655269,1.3487350438039518,1.9017033488513173,11.353531254637836,4982.807195859347,0.4058586883828371,0.2086300924746859,0.003679670026522475,26.832666973341237,141.33966181061248,4.120166015624818,4986.0748291015625,4982.925048828125,100.0,28.000000000000004,72.0,4984.830029296875,5000.47273334457,4969.1873252491805,0.9001887500140983,0.6276123340518845,4984.7625,4992.3650390625,4977.1599609375,4998.2998046875,4966.64990234375,6.678537230748211,109792.0,0.051858330757571694,6427.878800090148,49919.96836766257,294.18338839919477,4987.871969696378,4996.796982421875,4992.486559342939,21.116204231355162,1.1169062694851102,0.9082761770104243
1265,4997.2998046875,5000.0,4995.64990234375,4999.7001953125,4999.7001953125,6683.0,4986.645,4988.311965937331,62.74742885844928,1.0,-1.0707310267857142,12.521237362131615,3.7551459028263707,1.8300172156084358,1.925128687217935,13.386181364319723,4985.789767784752,0.21547619397163847,0.2815125078101498,0.005141504267710765,26.533399348750024,142.02808074643275,-2.690234374999818,4986.9249267578125,4983.324951171875,100.0,24.0,76.0,4986.2400390625,5001.906184441069,4970.573893683931,0.9295937489643534,0.6283750985046694,4986.008341471354,4993.428385416666,4978.588297526041,5000.0,4966.64990234375,6.512220118284054,116475.0,0.10615342068992328,7753.2822053228065,76486.26594651911,297.32619455241627,4988.625820095261,4996.804233398438,4992.558336815272,22.025250382723552,1.1582903292990536,0.8767778214889038
1266,4999.89990234375,5000.0,4996.5498046875,4998.75,4998.75,6456.0,4986.677998046875,4988.721300606456,61.48006803506553,0.9030266012655545,-4.464285714285714,13.427119715073786,4.031979273015168,2.2704096270897822,1.7615696459253853,14.752713134011724,4987.03829625967,0.305007392485629,0.3272177854521908,0.006504587943577499,26.229534387919827,129.76455795828656,-5.732348632812318,4986.9249267578125,4983.324951171875,96.0,20.0,76.0,4987.682543945312,5002.345580486521,4973.019507404104,0.8773930462351426,0.5879699203794859,4987.430843098959,4994.685896809896,4980.175789388021,5000.0,4969.5498046875,6.29350406072805,110019.0,0.11963869877364897,5769.318899205263,24046.149691093662,296.0992287948994,4990.023092159211,4996.782482910156,4992.619945404174,22.869364666137052,1.2215600701226093,0.8943422846704184
1267,4998.10009765625,5004.4501953125,4996.75,5000.10009765625,5000.10009765625,7652.0,4986.75900390625,4989.167527941741,62.63487079891737,0.9913875059206729,-18.58985059677823,14.474672564338107,4.310623130806562,2.678452327833138,1.6321708029734237,16.222807790580216,4989.435905060276,0.36431320330795725,0.48203310936851285,0.007783040394258606,26.072275467150213,136.09130040378062,0.07763671875,4989.8751220703125,4985.550048828125,100.0,16.0,84.0,4988.87255859375,5003.510382154149,4974.234735033351,0.8835112172302373,0.5868189010033521,4988.750024414063,4996.052587890625,4981.4474609375,5004.4501953125,4972.0,6.393982007283189,117671.0,0.0944878755262124,6420.980094408083,233984.03091949128,298.16593492455667,4991.785699269609,4996.737983398438,4992.694374779817,24.245711910138773,1.2844294744721039,0.802396365103591
1268,4999.85009765625,5002.60009765625,4998.2001953125,5001.35009765625,5001.35009765625,7749.0,4986.802001953125,4989.645275773683,63.71936369510254,1.0,-13.248059427426758,14.993386661305522,4.5795250349920025,3.058666869264911,1.5208581657270916,17.76422126374595,4993.0014435654975,0.24854732675825578,0.3254368340943683,0.008983521636420994,25.727876421903368,123.02748258152005,-3.7874755859375,4990.47509765625,4985.550048828125,100.0,12.0,88.0,4990.1375732421875,5004.494384274081,4975.780762210294,0.8904949500677328,0.5754074239907546,4989.942537434896,4997.14258626302,4982.74248860677,5004.4501953125,4972.0,6.251547745602247,125420.0,0.11736645498517634,6887.447223778357,-11353.279516948916,300.1031461424953,4992.995829641207,4996.675483398438,4992.780501375602,25.523748636711804,1.1708249619482496,0.8453881278538813
1269,5001.2998046875,5003.7998046875,4999.64990234375,5002.0,5002.0,4075.0,4986.93,4990.129774762951,64.29953582124699,1.0,-10.470745346799099,15.233381204043326,4.789858907175585,3.404905276847046,1.384953630328539,19.225053692104595,4995.52924327325,0.3138548645251759,0.4196804675344389,0.010087969765921648,25.207349138259563,119.41845283711551,-7.187573242187682,4991.5875244140625,4985.550048828125,100.0,8.0,92.0,4991.187573242188,5005.787313232036,4976.58783325234,0.8702951821515618,0.585020689990384,4991.048364257813,4998.1658935546875,4983.930834960937,5004.4501953125,4972.0,6.101430216898515,129495.0,0.11066532207956108,6281.862199064485,134905.63960163138,300.6326735699037,4993.670031941602,4996.638483886719,4992.8722376803225,26.86641202074309,1.216316901319368,0.7966364337849291
1270,5001.2998046875,5002.64990234375,4998.4501953125,4999.60009765625,4999.60009765625,3909.0,4987.002998046875,4990.501159974452,60.4549964362353,0.7152475986525602,-20.72656706451882,14.981339039522027,4.7086199145724095,3.665648204392119,1.0429717101802907,19.54059376966384,4996.011889663226,0.3130035645315008,0.37265771657438707,0.01096675830242763,24.772847941794897,91.23842637237674,-4.722485351562682,4991.6500244140625,4985.550048828125,96.0,4.0,92.0,4992.072583007813,5006.457345289132,4977.687820726494,0.7616489067119648,0.5763042120133619,4991.860034179687,4998.782543945313,4984.937524414063,5004.4501953125,4972.0,5.965592846495049,125586.0,0.1188125344174799,4044.2792760954517,-126217.3319631417,298.75718011494206,4994.428629310557,4996.581484375,4992.9391815606805,27.710717475552872,1.2151275083187063,0.8424697917443192
1271,4999.60009765625,5002.85009765625,4997.7998046875,5002.85009765625,5002.85009765625,7462.0,4987.13900390625,4990.985432040405,63.626707157357345,0.9501657913858558,-6.837910024204991,14.472231158088107,4.850570904248343,3.902632744363364,0.9479381598849792,20.660514906892104,4996.8226375041495,0.3107862832265185,0.2960267935836418,0.01176242798527002,24.46164980300458,92.16849220581271,-1.1648925781246362,4992.112548828125,4985.550048828125,100.0,8.0,92.0,4992.865087890625,5007.781316457463,4977.948859323787,0.834702894933648,0.5975017671923456,4992.70253092448,4999.375065104167,4986.029996744792,5004.4501953125,4972.0,5.900214283798974,133048.0,0.14924679853294115,6931.025093796102,-15234.643669813448,303.6078680752386,4995.6416923780425,4996.534235839844,4993.037797641234,28.27395720469052,1.1682284505552618,0.87220165697162
1272,5002.10009765625,5005.60009765625,4999.0498046875,5001.5498046875,5001.5498046875,15625.0,4987.25,4991.39972116382,61.501363174900334,0.7385962916610088,-18.70813505040709,13.888526826745874,4.802781831367611,4.082662561764213,0.7201192696033978,21.065898629290984,4997.36641723443,0.19731973054490257,0.5239769597494652,0.012394193543930086,24.282702709415073,95.07367966660517,0.8651123046875,4993.9375,4986.125,96.0,4.0,92.0,4994.0850830078125,5007.584407884568,4980.585758131057,0.7764850000958662,0.54061253071903,4993.750024414063,4999.9400634765625,4987.559985351562,5005.60009765625,4972.0,5.94664847558119,117423.0,0.17337879577804205,3038.4389894368383,83843.75,299.5467674545675,4997.981390245435,4996.5159838867185,4993.122494228759,29.220767911122316,1.2576928991849232,0.733715939435458
1273,4999.0498046875,5002.2998046875,4996.5498046875,4997.5,4997.5,4121.0,4987.352998046875,4991.638947784847,55.30506591969969,0.0,-42.078429383116884,12.884642118566262,4.387546350974844,4.14363931960634,0.24390703136850433,19.720504010851673,4997.367336592043,0.05104764988233233,0.34529443350635414,0.012706099472141453,24.17764115581425,51.780852643844256,-0.7625732421875,4994.7125244140625,4986.125,92.0,16.0,76.0,4994.5125732421875,5007.875196405707,4981.149950078668,0.6117829456557683,0.535092182372684,4994.524178059895,5000.154207356771,4988.89414876302,5005.60009765625,4981.0498046875,5.932602155896819,113302.0,0.06761233969773345,220.1984027762187,-404655.2362328622,296.2099527133556,4998.550278524607,4996.478483886719,4993.166051500115,29.263602889939374,1.1847431537497763,0.8394487202434222
1274,4999.9501953125,5002.85009765625,4997.64990234375,5000.25,5000.25,3357.0,4987.417998046875,4991.976636107011,58.372078302869305,0.34098867601324684,-36.14859292006202,11.844819910385922,4.231592098803958,4.161229875445864,0.07036222335809406,19.386823365299886,4997.432658706236,0.13016270337922403,0.3227172844503555,0.012873202439130798,24.122161318510408,64.2528884406286,1.602612304687682,4994.9375,4986.125,88.0,12.0,76.0,4995.347583007812,5007.930026604309,4982.765139411315,0.6948118008473559,0.5037664902157103,4995.232511393229,5000.737540690104,4989.727482096354,5005.60009765625,4981.0498046875,5.890994691636331,116659.0,0.13187031643593433,1507.5629166653302,127827.72701696373,298.057226350174,4999.09531757746,4996.463732910156,4993.236538549866,29.399795387532922,1.165059561672353,0.8423422772219974
1275,5000.14990234375,5003.14990234375,4996.39990234375,4996.4501953125,4996.4501953125,3107.0,4987.432001953125,4992.152069801344,52.96390624245935,0.0,-62.884660559079165,11.095674402573422,3.758064124467637,4.080596725250219,-0.3225326007825817,17.514773719080573,4997.409209291849,-0.010006103332169211,0.1961467199754816,0.012762150704765508,24.09104837011113,38.95226450296325,1.277514648437318,4994.9000244140625,4986.125,84.0,8.0,76.0,4996.072583007813,5007.052589302265,4985.09257671336,0.5171954502830344,0.43954550747707394,4995.949169921875,5001.4342041015625,4990.464135742188,5005.60009765625,4981.0498046875,5.952352213662308,113552.0,0.13517241100024704,-394.3736662957881,-103215.61569641133,295.6961457713903,4999.332650774231,4996.458984375,4993.268515234072,29.10523082286421,1.0777482133652814,0.8816014933897998
1276,4996.39990234375,5002.75,4995.0,5001.5498046875,5001.5498046875,5555.0,4987.522998046875,4992.52060842433,58.5185881446158,0.49001970852601967,-31.891580161476355,10.140982594209163,3.7510459280565556,4.014686565811486,-0.2636406377549303,17.500604464769413,4997.478766574223,0.08403867948374592,0.14619498920897067,0.012644300517017003,24.060803237305386,50.43669451602185,2.997631835937682,4994.550048828125,4986.125,80.0,4.0,76.0,4996.702563476562,5007.418315752134,4985.986811200991,0.7261736314112004,0.42891295367062193,4996.550830078125,5002.005883789063,4991.095776367188,5005.60009765625,4981.0498046875,6.080755626972143,119107.0,0.14088473129299575,3708.8697257643244,-125548.93184630963,301.365837046348,4999.6578740621535,4996.473984375,4993.350916124156,28.371667657804597,1.0521655786270594,0.9059705894180887
1277,5001.64990234375,5003.0,4995.0,5003.0,5003.0,4385.0,4987.652998046875,4992.931564956709,59.96644740077937,0.6177461172005722,-24.528997190105486,8.975992359833981,3.818485475135276,3.975446347676244,-0.15696087254096813,17.915429242922922,4997.574499875375,0.0660000511749435,0.10553806024747903,0.012558983228316112,23.91209927391752,55.56897297262101,1.2149414062496362,4994.550048828125,4986.125,100.0,12.0,88.0,4997.53505859375,5007.46239388536,4987.607723302141,0.7752471456700171,0.3972892706190727,4997.125830078125,5002.58837890625,4991.66328125,5005.60009765625,4981.0498046875,6.217844510759846,123492.0,0.26238890188743125,4087.474971414064,22805.017103762828,302.6372642426448,4999.940173283689,4996.489985351563,4993.4469269089905,27.747262597432673,1.0254095492572446,0.9198714890097656
1278,5002.25,5002.25,4994.35009765625,4994.35009765625,4994.35009765625,4724.0,4987.66,4992.9871936900245,48.98405530661614,0.0,-100.0,8.292214786305522,3.137786523343493,3.807914382809694,-0.6701278594662008,14.658269476336033,4997.457218091384,-0.08802005188797199,0.04019816583601954,0.01213595970892874,23.699321020805005,-17.542101856841146,2.047534179687318,4994.3875732421875,4986.125,96.0,8.0,88.0,4998.052563476563,5005.981622297415,4990.12350465571,0.26652551683841047,0.3172859316764372,4997.774169921875,5003.334204101562,4992.214135742188,5005.60009765625,4983.9501953125,6.391562927402,118768.0,0.23690723588993348,-2333.898406198659,-117052.19947514548,294.4697370246005,5000.180360320414,4996.475734863281,4993.455913682596,26.93949175698549,0.9811230983335514,0.9409249324975318
1279,4994.10009765625,5000.0,4994.0498046875,4996.75,4996.75,4671.0,4987.695,4993.134754721788,51.63087238147003,0.17281972134830415,-76.62227858803635,6.986162971047634,2.7601623290101998,3.5983639720497953,-0.8382016430395955,12.850839191406394,4997.44034650272,-0.06700061180415821,-0.019116900693622152,0.011575192202505072,23.580628850114522,-36.46148305686938,2.827539062500364,4996.574951171875,4986.125,92.0,4.0,88.0,4998.52255859375,5004.800868202148,4992.244248985351,0.35883472588079546,0.25120661294624047,4998.243326822916,5003.730875651041,4992.755777994791,5005.60009765625,4986.35009765625,6.360036669194714,123439.0,0.23698076489032582,-399.06379850510075,-162435.68045555512,296.71426206358734,5000.136866371467,4996.473735351563,4993.488690660878,26.08045532120278,0.9701316656846674,0.9892485663782895
1280,5000.0,5000.0,4989.0498046875,4990.35009765625,4990.35009765625,1995.0,4987.63400390625,4993.025552483924,44.93553626592939,0.0,-92.14338397993805,5.215574735753762,1.9223145558398755,3.263154088807812,-1.3408395329679363,8.984642543459545,4997.137156004807,-0.2199406117391154,-0.08223622569989131,0.010673232515643252,23.654435192235166,-159.369898725641,3.544946289062864,4995.324951171875,4986.125,88.0,12.0,76.0,4998.455053710937,5005.046551212175,4991.8635562097,-0.11480384792420739,0.2637413933068694,4998.393318684896,5004.128377278646,4992.658260091146,5005.60009765625,4989.0498046875,6.68790514371652,121444.0,0.19513783229801793,-2166.0268524016938,-1372204.9263784462,294.15904013417696,5000.098930441455,4996.450485839844,4993.457460879738,24.71378793937691,0.9078964980003106,0.9901327237002019
1281,4990.0,4998.0,4979.0,4998.0,4998.0,1745.0,4987.7530078125,4993.220628857103,52.812473131403245,0.40678253699457173,-28.571690805293976,2.682480755974211,1.8542230167504385,2.981367874396337,-1.1271448576458987,8.380367235517923,4997.152094173803,-0.07996801279488205,-0.23609834175713718,0.009860066172222544,23.987693958066338,-190.137324188123,0.9925537109375,4991.6875,4986.125,84.0,8.0,76.0,4998.6075439453125,5005.005937065453,4992.209150825172,0.4525237091637785,0.25600702051075447,4998.2974853515625,5004.772534179688,4991.822436523437,5005.60009765625,4979.0,7.567340490593912,123189.0,0.17882289600174583,50.4169250619409,-6560065.589183381,296.8340187085485,4999.860604027531,4996.4654858398435,4993.50266027397,25.38336079735882,0.8180505999876144,1.0541489417447516
1282,5020.0,5032.39990234375,5020.0,5028.9501953125,5028.9501953125,9702.0,4988.504013671875,4994.621788325942,70.93062334329821,1.0,-6.4601373407825315,6.68349896599284,4.24870564761477,3.234835429040024,1.0138702185747461,16.429892530639492,4999.824781994969,0.5870489055716468,0.05735533109031887,0.010332962514809682,24.310694070626862,526.3408714697862,2.4825439453125,5005.699951171875,4999.52490234375,100.0,4.0,96.0,5000.3675537109375,5014.788547046401,4985.946560375474,1.4910080719361352,0.5767973326185158,4999.972493489584,5006.817537434896,4993.127449544271,5032.39990234375,4979.0,9.483952051533633,132891.0,0.204249193714703,42940.185210320946,4818343.773401292,356.91380960928376,5003.324175254946,4996.642236328125,4993.855372065398,26.097729961639207,0.9916974067754762,0.9343420756851574
1283,5029.9501953125,5035.0,5027.89990234375,5033.85009765625,5033.85009765625,3013.0,4989.471015625,4996.160153397719,72.71666972907165,1.0,-2.0533970424107144,11.772305836397209,6.467181905513826,3.8813047243347842,2.5858771811790415,22.82570045270327,5004.237061080291,0.6196467892276638,0.11406509662837105,0.01181816779579971,24.549187278455058,362.2357194588405,-0.6627441406253638,5007.0,5000.824951171875,100.0,4.0,96.0,5002.212548828125,5022.614252261344,4981.810845394907,1.2753653740650912,0.8157071789361601,5001.804158528646,5008.799202473959,4994.809114583333,5035.0,4979.0,9.313676737584801,135904.0,0.17919372240108813,38914.93100337778,1237156.0801630435,359.8494930398891,5004.595754017717,4996.833237304688,4994.253329533964,26.94784322162322,1.039498491364549,0.925433394736178
1284,5031.89990234375,5043.2001953125,5030.2001953125,5043.2001953125,5043.2001953125,6923.0,4990.8340234375,4998.004860923789,75.77531153991913,1.0,-0.0,18.188242474724575,8.87748098720931,4.88053997690969,3.9969410102996203,29.00340649206219,5010.018193729974,0.8327496926245712,0.19618787784419778,0.01425985226477534,24.814497108609103,269.3950553488594,-7.005053710937318,5011.10009765625,5004.925048828125,100.0,84.0,16.0,5004.505053710937,5031.458271237087,4977.551836184788,1.2178204524936904,1.0771581699637984,5003.903336588542,5011.383390299479,4996.423282877604,5043.2001953125,4979.0,9.576985542043031,142827.0,0.2051191775388281,42602.90172778363,985890.1318521594,372.7085819715117,5007.925089991797,4997.08923828125,4994.740363024297,28.272362742123324,1.0613520814010953,0.8651642035568975
1285,5044.14990234375,5046.0,5040.75,5044.5,5044.5,6993.0,4992.2040234375,4999.828199711092,76.17517126530772,1.0,-2.2388059701492535,26.181794289981553,10.768412197371617,6.058114421002076,4.710297776369542,33.557963529387315,5016.535383772406,0.9404702351175588,0.2914496256359118,0.01725959163716356,24.973219200048312,213.5742569586761,-6.495043945312318,5012.5,5006.324951171875,100.0,80.0,20.0,5006.745043945312,5038.709203920177,4974.780883970448,1.090582641376726,1.276843925317076,5006.1683349609375,5013.693383789063,4998.643286132812,5046.0,4979.0,9.267915146182816,149820.0,0.18013737547945177,37815.27779234133,501111.46302552556,374.51091656614835,5011.889405163033,4997.3789892578125,4995.235483790225,29.667903270778677,1.1388037250494363,0.8473540994135245
1286,5043.0,5056.75,5043.0,5053.2001953125,5053.2001953125,15682.0,4993.86203125,5001.921219146441,78.70849874533732,1.0,-4.565665192926045,36.49282657398908,12.821226735136406,7.4107368838289425,5.410489851307464,38.18662535360816,5023.794637460966,1.058950958702065,0.33695988151200984,0.020809857703332033,25.249687728373807,188.7741612802443,-13.017358398437864,5017.875,5011.699951171875,100.0,76.0,24.0,5009.467553710938,5047.029387497046,4971.90571992483,1.082141993527171,1.4996337787748566,5008.795841471354,5016.835880533854,5000.755802408854,5056.75,4979.0,9.588064064312615,165502.0,0.21398832551495903,51904.01852066757,569920.9284530034,401.557494599774,5021.979224143655,4997.7142407226565,4995.812247088954,31.521402055040728,1.1388080365767275,0.8018481550647176
1287,5053.0,5067.0,5053.0,5057.2001953125,5057.2001953125,12993.0,4995.60603515625,5004.089022133346,79.77337849153511,1.0,-11.136141690340908,40.913868623621056,14.602534686546278,8.84909644437241,5.753438242173868,42.12743402832322,5030.6094504675875,1.215863215388269,0.48249031990130564,0.024690844558222146,25.577685801911528,173.72002874347274,-10.772753906249818,5023.0,5016.824951171875,100.0,72.0,28.0,5012.32255859375,5054.942017930031,4969.703099257468,1.0264923278900706,1.7005872562295286,5011.727506510417,5020.0825358072925,5003.372477213542,5067.0,4979.0,9.903202345433142,178495.0,0.17215269335332437,51913.7301605722,1090972.0618794735,411.84246214335377,5028.785385841077,4998.0669921875,4996.423072444412,33.66462042514073,1.2098199562716045,0.7273296363702989
1288,5057.2001953125,5062.89990234375,5053.89990234375,5055.0,5055.0,6688.0,4997.30603515625,5006.085531069293,77.47797791069783,0.9341118612923114,-13.636363636363637,44.21415872012858,15.656221521707266,10.210521459839383,5.445700061867884,44.39420952875004,5037.554863861631,1.0686726594705898,0.4420646602040299,0.02849089548030425,25.864314317362286,137.28206669854035,-12.005053710937318,5023.0,5016.824951171875,96.0,68.0,28.0,5015.005053710937,5061.133450768431,4968.876656653443,0.9335176251541243,1.839615177390923,5014.554996744792,5023.14003092448,5005.969962565105,5067.0,4979.0,9.838687892187918,171807.0,0.10731609616684855,42395.35353049046,-215324.14632550837,408.93276790905384,5032.032025074127,4998.4119921875,4997.005927444966,35.65475176880502,1.2048299602031343,0.7627652999991044
1289,5057.35009765625,5060.0,5052.10009765625,5055.39990234375,5055.39990234375,2772.0,4998.949033203125,5008.019427982017,77.60411595981978,0.937732580632651,-13.181929154829545,46.00986758961426,16.335242203210328,11.435465608513573,4.899776594696755,46.19248467249262,5042.569798119907,1.04736962509994,0.4162125784895614,0.03203195820340952,26.12086487745513,113.25323904202114,-23.324951171875,5023.0,5016.824951171875,92.0,64.0,28.0,5017.675048828125,5066.581449167951,4968.768648488299,0.885684217745467,1.9493649893190368,5017.255834960937,5026.028369140625,5008.48330078125,5067.0,4979.0,9.700203210156639,174579.0,0.1004848536828224,36497.23578283111,-669683.0193201702,409.152061538505,5033.963280354309,4998.753991699219,4997.586962021073,37.19814778278341,1.2000616650756286,0.7838490865860672
1290,5055.2998046875,5065.0,5055.2998046875,5063.9501953125,5063.9501953125,8413.0,5000.66103515625,5010.212791406742,80.16235213715427,1.0,-3.4656871448863638,47.21705681295953,17.363156510119552,12.62100378883477,4.742152721284782,48.590090803397686,5051.128472276002,1.3935766675410273,0.471344857896279,0.03551736771492134,26.35900992585738,112.43082128932403,-24.142553710937136,5033.25,5016.824951171875,100.0,60.0,40.0,5020.892553710937,5072.982511552853,4968.802595869021,0.9133007914139185,2.0749282038874184,5020.314998372396,5029.362556966146,5011.267439778646,5067.0,4979.0,9.700202646038308,182992.0,0.16134880819444194,41559.57563472577,472713.41797459015,423.38112672338616,5038.604212335195,4999.135493164063,4998.24729270059,38.854755694626796,1.225320832112511,0.7539759742162321
1291,5063.35009765625,5063.9501953125,5057.0,5058.35009765625,5058.35009765625,11129.0,5002.2550390625,5012.100528906723,74.18526781139877,0.8303257283427113,-9.829434481534092,47.266483800551214,17.52390031064624,13.601583093197064,3.9223172174491765,48.65718775659199,5053.257623619118,1.232803275253915,0.4767507002801121,0.038525939784618976,26.556541828772108,95.907850721385,-33.31745605468768,5035.2249755859375,5016.824951171875,96.0,56.00000000000001,39.99999999999999,5023.667553710938,5077.501266972782,4969.833840449093,0.8221266177257567,2.143203652959796,5023.245003255208,5032.387556966145,5014.102449544271,5067.0,4979.0,9.503773550785573,171863.0,0.05012308206838303,26719.138141706913,20308.841194936405,411.07384003757033,5042.743410076382,4999.464243164062,4998.8453305608455,40.393034469909935,1.237016069585729,0.760265369305617
1292,5057.75,5067.60009765625,5052.0,5059.39990234375,5059.39990234375,18256.0,5003.9350390625,5013.955406296411,74.56808860870575,0.8411930402992167,-9.255289248455522,44.997812787224575,17.53388172133691,14.388042818825035,3.1458389025118763,48.82562518488896,5054.5724867871595,1.383666543153549,0.45783623480406577,0.04105020163407335,26.751477846222045,86.46697251302666,-28.56005859375,5036.10009765625,5017.125,92.0,52.0,40.0,5026.56005859375,5081.533902637629,4971.586214549871,0.7986860780900468,2.187334614649302,5026.125008138021,5035.720052083334,5016.529964192709,5067.60009765625,4979.0,9.93922527260446,190119.0,0.06942685093580797,25640.009032177357,-57684.20049017923,414.8626711791462,5047.475298044793,4999.801242675781,4999.447863613413,40.92495924345121,1.2066052792429764,0.7487690444389107
1293,5059.39990234375,5062.2001953125,5053.0498046875,5055.25,5055.25,2101.0,5005.307041015625,5015.574802127924,70.14008237261687,0.7154931685800159,-13.939146776300198,42.78474839154387,17.01083925817329,14.912602106694687,2.098237151478605,47.628250451435335,5054.654995629769,1.1454581832733093,0.4392589834916014,0.04289825047572745,26.915636326125096,72.29866990937752,-0.4973632812498181,5038.737548828125,5017.125,88.0,48.0,40.0,5029.44755859375,5084.078118269128,4974.816998918372,0.7361539178764742,2.17242784774768,5029.027514648437,5038.792578125,5019.262451171875,5067.60009765625,4979.0,9.882879940632714,188018.0,0.08290337951211257,20731.5870526922,-947289.2149353754,413.139355174776,5049.834442488407,5000.1157421875,5000.003108751587,41.41888939031097,1.2105251459973663,0.7712661625057649
1294,5059.4501953125,5060.39990234375,5050.0,5050.0,5050.0,3864.0,5006.77904296875,5016.924809887613,64.89030218818814,0.44160447855163165,-19.864648145800842,40.677968462775425,15.988389017709778,15.127759488897706,0.8606295288120727,45.00391966791541,5054.52995227658,0.4185725423791349,0.44149426857036156,0.04392457712377605,27.082511495012284,58.33049322353545,1.9150390625,5039.300048828125,5017.125,84.0,44.0,40.0,5031.93505859375,5085.542227045641,4978.327890141859,0.6684937101505566,2.13067807225924,5031.688346354167,5041.7133951822925,5021.663297526042,5067.60009765625,4979.0,9.91981011228395,184154.0,0.053907736888921885,14871.931759450461,-652698.524620222,409.1264972547917,5050.987511808005,5000.415493164062,5000.500590256546,41.323647396742935,1.2223175989587833,0.7808233303884218
1295,5047.9501953125,5048.85009765625,5040.35009765625,5043.25,5043.25,2879.0,5008.21404296875,5017.957170284178,58.79691798523712,0.0,-51.15556239421449,36.047413545496056,14.466658612585888,14.995539313635344,-0.5288807010494558,40.82087090162317,5054.4565812663395,0.18673385502930598,0.4250814044550171,0.04400712145774107,27.214710934500847,29.084405987591758,8.925146484374636,5038.6375732421875,5017.125,80.0,40.0,40.0,5034.275048828125,5085.51562618269,4983.034471473561,0.5875766007647765,2.0356685662811373,5033.962516276041,5044.075065104166,5023.849967447916,5067.60009765625,4979.0,9.900530985960097,181275.0,0.06995749480385793,9971.191508100397,-3129515.626356808,405.27832893796,5051.739970031033,5000.6929931640625,5000.925957517676,39.71799269569375,1.2441957004316055,0.8191142959765885
1296,5042.10009765625,5048.89990234375,5035.0,5036.5,5036.5,2128.0,5009.546044921875,5018.684340076956,53.39707742658278,0.0,-78.33739207438565,30.91885052849284,12.571095946320384,14.510650640172353,-1.939554693851969,35.500063701914954,5052.951819765407,-0.1328560250042746,0.2325398585048274,0.04310516255772417,27.380614710454054,12.969355252215673,8.477441406250364,5037.300048828125,5017.125,76.0,36.0,40.0,5036.02255859375,5085.014224893601,4987.030892293898,0.5048726798077066,1.9456491995354188,5035.980851236979,5046.400895182292,5025.560807291667,5067.60009765625,4979.0,10.186200368659376,179147.0,0.029795779135942717,6494.73557837177,-1731051.5662333125,402.43016555125496,5053.8028394308185,5000.9507421875,5001.279928089639,37.522305455562545,1.1111099913329168,0.8785701328280894
1297,5036.7001953125,5037.7001953125,5020.0,5020.25,5020.25,2996.0,5010.425048828125,5018.74573850531,43.12821884159481,0.0,-99.47479099348618,23.73179716222421,9.646411852279925,13.537802882593867,-3.891391030313942,26.838504742852127,5046.175742578447,-0.48072157795618997,-0.018594996039287714,0.04086602283396858,27.56987630474086,-38.215748128602016,16.315136718750182,5033.550048828125,5017.125,72.0,32.0,40.0,5036.88505859375,5084.095911027687,4989.6742061598125,0.32382166667052426,1.8746051134674167,5037.263354492187,5048.168408203125,5026.35830078125,5067.60009765625,4979.0,10.72291429321942,176151.0,-0.02615509370215346,-1388.0837899670532,-7739317.950323841,392.7637305269325,5053.625524154795,5001.1409912109375,5001.4686850240705,35.760937632978624,0.956717086168191,0.9753120822074787
1298,5018.60009765625,5024.85009765625,5010.39990234375,5017.4501953125,5017.4501953125,3708.0,5011.253056640625,5018.694932889906,41.64228890350706,0.0,-87.67435507827838,15.114882525275789,7.021715828004744,12.234585471676043,-5.212869643671299,19.551972271797464,5040.165822211037,-0.7074724653332114,-0.22776611024423232,0.03764003481131748,27.735732894176863,-75.34010371750156,19.160131835937136,5031.1500244140625,5018.574951171875,68.0,28.000000000000004,40.0,5038.040063476563,5082.054000407756,4994.02612654537,0.2660983134018311,1.7472642685108157,5038.2925211588545,5049.52508951823,5027.05995279948,5067.60009765625,4979.0,10.98914865173946,172443.0,0.009660521617442856,-2672.882645864617,-4374456.675693056,390.6957706083525,5053.312093170144,5001.310241699219,5001.627705026941,34.88080583907716,0.8815102510570578,1.1092763613012901
1299,5014.4501953125,5019.85009765625,5011.4501953125,5018.60009765625,5018.60009765625,3295.0,5012.00505859375,5018.691213861136,42.51824976059724,0.02274037952058797,-85.66404315981767,6.680651137407949,4.977040601900626,10.78307649772096,-5.806035895820335,14.09229346454128,5035.902875552952,-0.7632701132145864,-0.33104729811926714,0.03386416911635828,27.810622473261684,-88.2793511631719,15.867431640625,5031.1500244140625,5019.800048828125,64.0,24.0,40.0,5039.132568359375,5079.9622262362955,4998.3029104824545,0.2485593589221419,1.6205034228823099,5039.277530924479,5050.632584635417,5027.922477213541,5067.60009765625,4979.0,10.80420248688307,175738.0,0.031339817063253554,-1749.7668075044935,-503446.940044351,391.4509207493938,5052.7549606772955,5001.4757421875,5001.796584555591,34.06354060188294,0.8246666747767695,1.1557139728960366
1300,5019.60009765625,5019.75,5011.4501953125,5014.89990234375,5014.89990234375,1522.0,5012.66505859375,5018.542534978101,40.4159823301012,0.0,-92.13289399552696,0.37108656939381035,3.023196390116027,9.231100476199973,-6.207904086083946,8.92765981435214,5027.9045787922305,-0.7932759180267063,-0.42714216454795595,0.029673026069324704,27.77855640884988,-105.63433931535427,15.039843749999818,5031.1500244140625,5019.800048828125,60.0,20.0,40.0,5040.36005859375,5076.450674605521,5004.269442581979,0.1472745679694653,1.432064995048798,5040.389200846354,5051.611735026041,5029.166666666666,5067.60009765625,4979.0,10.62531692978428,174216.0,0.04142819292929862,-2304.3283015217085,-27292.73970274355,390.3287557719023,5052.402992016179,5001.625241699218,5001.926965827115,33.30465145305974,0.8039987911070815,1.2311409556550375
1301,5012.9501953125,5018.10009765625,5010.2998046875,5017.7998046875,5017.7998046875,1243.0,5013.2810546875,5018.513408300038,42.80286075453586,0.06005274031368519,-86.91106168673467,-5.5789091222432035,1.6892856260819826,7.722737506176376,-6.033451880094393,5.361462479332614,5024.896029184672,-0.7437610947220634,-0.5997297908830657,0.025439396362807194,27.643964548144375,-120.46080902799392,22.600146484374818,5029.7750244140625,5019.800048828125,56.00000000000001,16.0,40.00000000000001,5041.350048828125,5073.622798012261,5009.077299643989,0.13513731033175333,1.2803216944492053,5041.575862630208,5052.238411458333,5030.9133138020825,5067.60009765625,5010.2998046875,10.423529503996118,175459.0,0.03686043195171555,-1460.1987422641432,-878644.632123117,391.04752956270056,5050.535555175107,5001.784741210938,5002.084904522244,32.697535350874965,0.720953339738776,1.3206831306218416
1302,5017.85009765625,5017.85009765625,5006.2001953125,5006.2001953125,5006.2001953125,3126.0,5013.862060546875,5018.030537202488,36.5037076117136,0.0,-100.0,-9.285811121323604,-0.30037723749046563,6.118114557443008,-6.418491794933473,0.06249127558058215,5018.4517583683555,-1.1404140596299093,-0.5968277186380391,0.020858881897075927,27.501293523706035,-132.44253414850326,18.137548828124636,5028.300048828125,5019.800048828125,52.0,12.0,40.0,5040.212548828125,5075.6061341494005,5004.81896350685,0.019512459575825206,1.4044481250896592,5040.724202473958,5051.349251302083,5030.099153645833,5067.60009765625,5006.2001953125,10.511127563978537,172333.0,-0.023172044291828207,-6431.653051404979,-810501.0309054618,383.82117930608484,5047.992691624757,5001.905493164062,5002.125852689312,32.477978055699886,0.6928435188287754,1.2896712374668144
1303,5007.9501953125,5014.39990234375,5006.75,5013.10009765625,5013.10009765625,671.0,5014.34505859375,5017.837186632048,41.97406592574554,0.12529840020214703,-88.76235615959028,-10.956117876838107,-1.305387245774,4.633414196799607,-5.938801442573607,-2.663839824245307,5017.315491318244,-0.8945604619373076,-0.5838001221904242,0.016470830273296662,27.305428080969126,-113.41979637199768,20.224853515625,5025.425048828125,5019.800048828125,48.0,8.0,40.0,5039.175048828125,5076.421808440485,5001.928289215765,0.14997020622402726,1.4782879837056486,5039.682535807291,5050.335074869791,5029.029996744792,5067.60009765625,5006.2001953125,10.34602609735507,173004.0,-0.037214605481024905,-4851.440547967662,-1653331.2250356206,384.74599938758917,5047.284348394697,5002.045993652344,5002.235049156645,32.274103424465885,0.7053024212997202,1.2891025434901444
1304,5013.10009765625,5021.9501953125,5013.10009765625,5018.14990234375,5018.14990234375,3023.0,5015.037060546875,5017.849449993291,45.66362436719398,0.24064273516504048,-80.53790547687022,-11.080385454963107,-1.6750786191214502,3.3717156336153957,-5.046794252736846,-3.7476675785023854,5017.426588216778,-0.8153140845990663,-0.5493340317996178,0.012564443042725098,27.152050499179413,-77.88874028759679,17.327465820312682,5025.425048828125,5019.800048828125,44.0,4.0,40.0,5037.922534179687,5076.213746303835,4999.631322055539,0.241812406305781,1.5201191310252171,5038.625862630209,5049.070906575521,5028.180818684896,5067.60009765625,5006.2001953125,10.239174065847564,176027.0,-0.09573781672093715,-1977.583388213353,2034730.639948263,387.79113299213225,5043.810470492381,5002.222243652343,5002.393405904775,30.970047140860828,0.724506789027612,1.2738408208272298
1305,5018.39990234375,5018.9501953125,5012.5498046875,5013.35009765625,5013.35009765625,407.0,5015.66505859375,5017.673004803603,42.8731905559039,0.167334468008126,-88.35518938821602,-11.50408289292227,-2.3285240448867626,2.231667697914964,-4.5601917428017265,-5.51670576542419,5016.91174427143,-0.8288393718164285,-0.579262177766671,0.008937372511714012,26.86681159338404,-78.21022926135903,13.634960937500182,5022.6251220703125,5023.300048828125,40.0,4.0,36.0,5036.3650390625,5075.970872948336,4996.759205176663,0.20945010938804903,1.5727944094063928,5037.185864257813,5047.688427734375,5026.68330078125,5067.60009765625,5006.2001953125,9.964975248644167,175620.0,-0.13252823180834433,-1974.1458338703742,-2791555.507763012,387.4018420092344,5039.963911393625,5002.373745117187,5002.502427713247,29.8166329470724,0.7085417187292088,1.2878038964958798
1306,5014.7998046875,5015.0,5010.25,5013.10009765625,5013.10009765625,508.0,5016.148056640625,5017.49367511155,42.7267362338403,0.18500889784828833,-87.67874581473214,-12.12201573989023,-2.833889845189333,1.2185561892941048,-4.052446034483438,-6.968408641656715,5016.524212659835,-0.7306911355198019,-0.6593832851816357,0.005626020682396686,26.314154620334165,-76.95999073320637,8.889965820312682,5019.41259765625,5023.300048828125,36.0,84.0,-48.0,5034.360034179687,5074.41136252229,4994.308705837085,0.23459136808674663,1.5911189533796881,5035.275862630208,5045.328426106771,5025.223299153646,5067.60009765625,5006.2001953125,9.592477016598155,175112.0,-0.23603876872654292,-1710.267857603178,-2921998.031496063,387.37650964713595,5028.095803695018,5002.492746582031,5002.6078771654165,28.991588460209364,0.7052311631258263,1.364614448307462
1307,5013.7998046875,5015.9501953125,5011.25,5015.9501953125,5015.9501953125,1224.0,5016.74005859375,5017.43314649198,45.032051534043255,0.30043561228713,-82.01097287411825,-12.223945886948059,-2.9701784529597717,0.38080926084332956,-3.350987713803101,-7.519430599302683,5016.515075893296,-0.5413137299856243,-0.6344783733398847,0.0027680991516290405,25.776378949434047,-65.07087874936181,4.202465820312682,5025.4876708984375,5023.300048828125,32.0,80.0,-48.0,5032.297534179687,5071.674470555129,4992.9205978042455,0.29242495262553414,1.5649685300994673,5033.04169921875,5042.6292724609375,5023.454125976563,5067.60009765625,5006.2001953125,9.243028323448288,176336.0,-0.19047578543691615,-967.5839449098671,374440.31316470477,388.07239033239915,5025.573693015873,5002.623996582031,5002.740636549965,28.076195510810944,0.6951565819327428,1.3296349552726274
1308,5015.9501953125,5015.9501953125,5011.0498046875,5013.75,5013.75,944.0,5017.33505859375,5017.288709374647,43.57393784495593,0.31714724415103845,-82.31883726514883,-12.028642003676396,-3.218623245195886,-0.3390772403645136,-2.879546004831372,-8.386759222800903,5016.476355982315,-0.45170257123002083,-0.6255267865549384,0.00024568650152119134,25.366719068093275,-62.44973124586,-9.985034179687318,5025.4876708984375,5023.300048828125,28.000000000000004,76.0,-48.0,5030.235034179687,5068.955175027578,4991.514893331797,0.28712584951010756,1.5394962893301378,5030.857535807291,5040.240128580729,5021.474943033854,5067.60009765625,5006.2001953125,8.932839916416267,175392.0,-0.1358296325814762,-1126.0697206370291,-51961.61189321744,387.6583143758753,5021.270114785558,5002.720747070312,5002.85018245494,27.250098791093183,0.7042048771302137,1.3297316636851522
1309,5013.5,5013.5,5005.14990234375,5008.0,5008.0,4749.0,5017.748056640625,5016.924446261915,39.93469282962756,0.20309655536541188,-93.48549107142857,-13.94956485523926,-3.8352837149514016,-1.0383185352818913,-2.7969651796695105,-10.190710721534813,5016.1261057393085,-0.2440117524027688,-0.5485980066445182,-0.0021676238808567777,25.002531792483584,-74.40152088362228,-10.414843749999818,5024.9625244140625,5023.300048828125,24.0,72.0,-48.0,5027.8650390625,5065.930864035959,4989.799214089041,0.2390698996232104,1.5141943818188321,5028.510034179688,5037.91513671875,5019.104931640625,5067.60009765625,5005.14990234375,8.909072612118676,170643.0,-0.14609790990683427,-4866.166903403167,-734092.7655181275,382.21194190018343,5017.049414925223,5002.770498046875,5002.901424420564,27.153834952957848,0.7200645467489322,1.2686625533934504
1310,5010.0,5022.25,5008.10009765625,5022.25,5022.25,1509.0,5018.359052734375,5017.133291506546,50.883021612802175,1.0,-47.465610608583475,-14.543968290441626,-3.1379631859563233,-1.4582474654167776,-1.6797157205395457,-8.37636147878014,5016.250951229124,0.09566222883456157,-0.4152719506838526,-0.0038463289205146085,24.93545286071449,-37.50284435218189,-7.179931640625,5025.0374755859375,5023.300048828125,20.0,68.0,-48.0,5025.780029296875,5060.094690892705,4991.465367701045,0.44856383346493583,1.3655457021914696,5026.315869140625,5035.94345703125,5016.68828125,5067.60009765625,5005.14990234375,9.29056742553877,172152.0,-0.2340235514732023,-1099.107345774144,5485640.194654623,386.5057218522602,5015.37639065201,5002.886997070313,5003.093947560657,25.69481410648542,0.7844160368356482,1.1996879875195008
1311,5023.0,5039.0,5023.0,5037.39990234375,5037.39990234375,4046.0,5019.208046875,5017.928060558985,59.363495552264396,1.0,-4.727010457987739,-11.810144761029733,-1.347329955636269,-1.436063963460676,0.08873400782440699,-3.691842678842392,5017.429477940307,0.3746025648921449,0.021873307241003115,-0.004364614771067096,24.9361877875642,39.231956914824515,-9.832617187499636,5029.2249755859375,5023.300048828125,16.0,64.0,-48.0,5024.73251953125,5056.1641805267855,4993.300858535714,0.701506735744883,1.2510779777176293,5024.984195963542,5035.064274088542,5014.904117838542,5067.60009765625,5005.14990234375,9.823384038000286,176198.0,-0.09922276454774631,7814.551544023948,6258013.315620366,398.710710628767,5016.71303328946,5003.081997070312,5003.435300344569,25.20052855439446,1.0105475574679759,0.9886742502269728
1312,5037.35009765625,5037.9501953125,5024.9501953125,5025.0,5025.0,991.0,5019.833046875,5018.205391517456,51.52238533635757,0.656991121864366,-41.358817165524705,-9.215129538143628,-0.9182239939973442,-1.3324959695680099,0.41427197557066564,-2.527693258563896,5017.820147407707,0.20140177975495874,0.2066395036577462,-0.004556523114187229,24.92177604363053,32.756758925242536,-5.212719726562682,5029.2249755859375,5023.300048828125,12.0,60.0,-48.0,5023.012524414063,5050.137505576678,4995.887543251447,0.5366355201137706,1.0800284104718578,5023.465869140625,5033.415942382812,5013.515795898437,5062.2001953125,5005.14990234375,10.050285178143124,175207.0,-0.13839011258361705,4942.71514878392,590569.0274974772,396.27129675238626,5017.054521992874,5003.199248046875,5003.649874470494,24.741549113167142,1.1019384510911505,0.8952989474334043
1313,5023.25,5026.10009765625,5019.10009765625,5020.4501953125,5020.4501953125,1637.0,5020.303046875,5018.29342303883,48.966640042805516,0.5451902031419993,-54.799855751893254,-8.147321633730826,-0.9345131558866342,-1.2528994068317347,0.31838625094510054,-2.4999125379640876,5017.864820290927,0.0528197761601424,0.0990796265445224,-0.004689439628634278,24.881386503795174,1.1461850361649122,-15.072338867187682,5029.2249755859375,5023.300048828125,8.0,56.00000000000001,-48.00000000000001,5021.272534179688,5044.012729400125,4998.53233895925,0.48191882569133304,0.9057542710795036,5021.718375651042,5031.56092936198,5011.875821940104,5060.39990234375,5005.14990234375,9.832407665418614,173570.0,-0.1379205050242493,3172.608659895146,-3784403.3960751374,394.7891016730952,5017.417504997254,5003.240498046875,5003.817041842057,23.5666757587395,1.0479421323480642,0.9488625058035418
1314,5021.85009765625,5023.10009765625,5019.75,5019.75,5019.75,288.0,5020.751044921875,5018.350543703974,48.56736033698637,0.5277237372737457,-56.86837360259646,-6.518482881433556,-0.9924816335105788,-1.2008158521675036,0.2083342186569248,-2.6068030378208658,5017.876835456502,0.27066046420171547,0.08444095997920165,-0.004795186810425728,24.780216877413814,6.933962058960442,-6.659936523437864,5029.2249755859375,5023.300048828125,4.0,52.0,-48.0,5019.760034179688,5038.290442087714,5001.229626271662,0.49972925097661997,0.7382985553832053,5020.08837890625,5029.578442382813,5010.598315429687,5048.89990234375,5005.14990234375,9.369385521906569,173282.0,-0.0625354540624142,2690.570815624411,-1366850.1128753028,394.7489347075533,5017.586375321914,5003.2434985351565,5003.975578739151,22.475721929628115,1.0553231074208278,0.9708821474416262
1315,5015.60009765625,5019.9501953125,5015.35009765625,5019.9501953125,5019.9501953125,259.0,5021.156044921875,5018.413275139603,48.696169309034765,0.5333584777351785,-56.27695636494771,-6.880820599723847,-1.0106182034896847,-1.1627763224319398,0.15215811894225517,-2.652166541797793,5017.913337477134,0.13664394332466237,0.04615679957265317,-0.004861052800881708,24.63113848344608,-4.3869351977562046,-0.4451416015626819,5029.2249755859375,5023.300048828125,8.0,48.0,-40.0,5018.595043945313,5033.681419973255,5003.50866791737,0.544913084649267,0.6012191019932391,5018.801717122396,5028.096785481771,5009.506648763021,5048.89990234375,5005.14990234375,9.0287221029311,173541.0,-0.03615385960659399,2313.6107828119953,-6704602.094230505,394.75926402394106,5017.71180828424,5003.2375,5004.134530147842,20.909831995961678,1.0290629251558732,0.98290612558322
1316,5020.0,5025.5498046875,5020.0,5025.4501953125,5025.4501953125,734.0,5021.690048828125,5018.689232793442,52.23538514851372,0.6331163322047844,-40.02884962134872,-8.42510340073477,-0.5745643115533312,-1.0451339202562182,0.470569608702887,-1.6219076437959223,5018.1617157788605,0.14547777788264882,0.17935808684707366,-0.004674104407499863,24.515669868139984,80.00093394854456,-4.692456054687682,5029.2249755859375,5023.300048828125,4.0,44.0,-40.0,5018.042553710938,5031.1444195936865,5004.940687828189,0.7826941470724383,0.5221903059813531,5017.978385416667,5026.85594889323,5009.100821940105,5039.0,5005.14990234375,8.78378547950745,174275.0,0.026914732090981296,2559.809242410282,3874849.3311515623,395.5634552694577,5019.056113665858,5003.279750976562,5004.346626318636,20.08954222780525,1.1090583425385188,0.9297002556914451
1317,5025.89990234375,5035.0,5025.89990234375,5035.0,5035.0,1322.0,5022.388046875,5019.32887072311,57.692811728720535,0.9140099445449967,-11.81680490443563,-8.595740464154915,0.5354288758508119,-0.7290213610348122,1.264450236885624,1.016770247805648,5019.035519443732,0.43184501225779875,0.33348116456224575,-0.003945453411819074,24.351594385420622,177.92745086371087,-5.679956054687864,5029.2249755859375,5023.300048828125,4.0,40.0,-36.0,5018.780053710938,5033.814005211292,5003.746102210584,1.0394438810275488,0.5991078046641254,5018.277547200521,5026.725105794271,5009.829988606771,5039.0,5005.14990234375,8.838501137221204,175597.0,0.1484401376195146,3997.6710359052418,5283184.1038142685,398.07563652809404,5020.081656707754,5003.328251953125,5004.651635011983,20.230531731113707,1.1562793488469165,0.8227981842846708
1318,5035.60009765625,5038.0,5033.75,5033.75,5033.75,1901.0,5023.036044921875,5019.894405204557,56.778351944522356,0.866942721862627,-15.509556437071764,-5.916489545036711,1.2992648047193143,-0.3233641278839869,1.6226289326033012,2.866960630398196,5019.871091063747,0.4119188115434668,0.3194028226738782,-0.0029260200642492224,24.173984984534293,172.47282657893302,-3.644848632812682,5028.612548828125,5023.300048828125,4.0,36.0,-32.0,5019.595043945313,5035.960526373093,5003.229561517533,0.9324637577032121,0.6520638531397186,5019.157543945313,5027.0950927734375,5011.219995117188,5039.0,5005.14990234375,8.510751055991118,173696.0,0.10223944379621719,3087.1108879187786,1212859.417124211,397.60369015272164,5021.825181669149,5003.395751953125,5004.941170982013,20.614906210513315,1.1768818203662312,0.857478997692353
1319,5035.7998046875,5038.0,5032.5,5032.5,5032.5,945.0,5023.646044921875,5020.388742255359,55.825424956797036,0.8178955931574161,-19.2023079697079,-2.9125287224269414,1.7831902213010835,0.09794674195302722,1.6852434793480562,4.111008692426698,5020.949223275584,0.3299435609023013,0.34363384492998106,-0.0017984297104430738,23.995694294876312,136.14834014906745,-6.5400390625,5029.9749755859375,5023.300048828125,4.0,32.0,-28.0,5020.2900390625,5037.58184454294,5002.99823358206,0.8530562771860714,0.6888767519762474,5020.042537434896,5027.835091145834,5012.249983723958,5039.0,5005.14990234375,8.29569740913461,172751.0,0.0050037471811789636,2477.3450467875246,-363756.61375661375,397.3690241482518,5022.519411094675,5003.4635009765625,5005.215388186172,20.79219440397598,1.1718214943742655,0.8281876494442845
1320,5033.0498046875,5034.5498046875,5025.60009765625,5025.60009765625,5025.60009765625,1001.0,5024.166044921875,5020.593109133825,50.76105844971134,0.5572327731481773,-39.586007933645874,0.15478659237123793,1.5915932499328846,0.3966760435489987,1.194917206383886,3.7300141667026803,5020.995388193045,0.23635198516579406,0.2936945734797296,-0.000911546600532032,23.92620668485395,72.38964166271124,-12.825048828124636,5026.8499755859375,5023.300048828125,64.0,28.000000000000004,36.0,5020.825048828125,5038.078750595008,5003.571347061241,0.6383775172609756,0.6872855197737199,5020.703369140625,5028.52841796875,5012.8783203125,5039.0,5005.14990234375,8.342412382142852,171750.0,-0.01928845941428355,1136.752576375914,-4626890.198215024,395.99658455638024,5023.030589615659,5003.522001953125,5005.418221116223,20.021671101886188,1.123878272804054,0.8301836993243243
1321,5027.7998046875,5035.0,5027.7998046875,5033.7001953125,5033.7001953125,921.0,5024.783046875,5021.107112513381,55.8272281853155,0.8179884052850703,-15.656689505950235,2.7209659352020026,2.0695054842599347,0.731241931691186,1.3382635525687487,4.93255366159568,5021.145554556923,0.5131828137480032,0.28781235097255575,9.262168918874884e-05,23.808472843633705,92.80474375083757,0.6299316406248181,5026.8499755859375,5023.300048828125,60.0,24.0,36.0,5021.620068359375,5039.688976998721,5003.551159720029,0.8342793744282871,0.7196445925169006,5021.541707356771,5029.336751302084,5013.746663411459,5039.0,5005.14990234375,8.417947379400506,172671.0,-0.037994347820474166,2040.1007713802478,1035820.5447367814,397.4810221949591,5023.924758640864,5003.62025390625,5005.699633794793,19.353867935417416,1.1102032892598954,0.8223909382873397
1322,5033.7001953125,5033.7001953125,5032.10009765625,5032.7998046875,5032.7998046875,16.0,5025.408046875,5021.565649461386,55.1479837959962,0.7830277132127842,-18.3166245943022,3.960997817095631,2.3485280056356714,1.054699146480083,1.2938288591555884,5.711265774414615,5021.545506878781,0.2100613208721191,0.3247391330790551,0.0010970161756694726,23.486813016359974,88.12535897176741,14.449853515625364,5024.375,5023.300048828125,56.00000000000001,20.0,36.00000000000001,5022.950048828125,5040.179467597918,5005.720630058331,0.7858412112149685,0.6860278761407623,5022.680867513021,5029.973421223958,5015.388313802084,5039.0,5005.14990234375,7.930958113461183,172655.0,0.0729382940757797,1746.5997683259268,15003357.082605362,397.4781602346832,5024.412251949569,5003.719252929687,5005.969287236512,18.733764995124982,1.1534792392503714,0.8287401061713163
1323,5034.9501953125,5037.2998046875,5031.0,5031.9501953125,5031.9501953125,999.0,5026.09705078125,5021.972886553586,54.47447072543049,0.5471504636293129,-22.814974005657128,4.2601002412684466,2.4725964354238386,1.3382786042688342,1.1343178311550044,6.166661615423762,5022.25559068905,-0.1081849195398288,0.43006789868859285,0.0020232067747881933,23.201074884425537,83.52921178890678,1.1074462890628638,5024.375,5023.300048828125,52.0,16.0,36.0,5023.892553710937,5040.92475348251,5006.860353939364,0.7365414247609782,0.6780479315383372,5023.780867513021,5031.005916341146,5016.555818684896,5039.0,5005.14990234375,7.814447154463956,171656.0,0.03047381676330934,1375.8341206186515,788109.8920041256,397.309514590397,5029.406059626599,5003.82900390625,5006.2278037347805,18.56859514119612,1.2025518553505141,0.7724839566619213
1324,5034.0,5034.0,5026.85009765625,5033.75,5033.75,2485.0,5026.76705078125,5022.434734139721,55.70850575299292,0.6614538697052295,-22.198823165066585,4.169370404411893,2.685197471607353,1.607662377736538,1.0775350938708148,6.884924345966222,5023.267806747727,0.17412935323383086,0.27379089986821026,0.002923191758876927,23.05637151385271,60.55100409004751,-4.222363281250182,5025.5374755859375,5023.300048828125,48.0,12.0,36.0,5024.67255859375,5042.007507082663,5007.337610104837,0.7618248739549313,0.6899931602215551,5024.470865885416,5031.610904947916,5017.330826822917,5039.0,5005.14990234375,7.766979667984387,174141.0,0.10117270885169762,1818.2170531642014,-1071723.8986516143,398.1983379043885,5030.728501969637,5003.99025390625,5006.501656433938,17.79991825184325,1.1485526827279537,0.8747617828597435
1325,5029.2998046875,5029.2998046875,5025.0,5025.0,5025.0,338.0,5027.338046875,5022.535332800908,48.784998697292004,0.023849599429434463,-57.39539095005066,4.564513442095631,2.123158996005259,1.7107617013902823,0.41239729461497654,5.550454092208523,5023.298132599042,0.09062543219227764,-0.08947460397413631,0.003421069253606553,22.940321081612325,12.608088320700498,-5.505053710937318,5026.7874755859375,5023.300048828125,44.0,8.0,36.0,5025.255053710937,5041.793646640982,5008.716460780893,0.49228913511517725,0.6582190457310846,5025.045027669271,5032.080037434896,5018.010017903646,5039.0,5005.14990234375,7.8371954059855025,173803.0,0.10021062760361434,1135.9717598550299,-4166417.220640465,397.61080375986404,5029.920407368491,5004.10525390625,5006.685719553998,16.821975245104618,0.9457950842422311,1.0352696882163674
1326,5027.5,5038.0,5027.5,5038.0,5038.0,4119.0,5028.06705078125,5023.141790338128,57.27987610191027,0.9547490190803817,-0.0,5.630122644761286,2.6956569539124757,1.9077407518947211,0.7879162020177546,6.995800525818553,5023.939526556182,0.36356392250610087,0.018945507252336125,0.004126818692835007,23.004394314605506,79.90042747195086,-6.549853515624818,5026.7874755859375,5023.300048828125,100.0,4.0,96.0,5026.500048828125,5042.939730837896,5010.060366818354,0.8497619712181848,0.6541204356937632,5026.130859375,5033.453369140625,5018.808349609375,5039.0,5005.14990234375,8.205967162700825,177922.0,0.22034729565821715,8623.261508447169,1427555.8482793153,408.26692316284885,5031.0685380324985,5004.27525390625,5006.997304434058,16.927719756772294,0.9252665015059777,0.9063209942536415
1327,5038.0,5046.75,5038.0,5044.2001953125,5044.2001953125,2503.0,5028.8910546875,5023.967610141044,60.63363575426406,1.0,-8.120422349044427,7.973622759650425,3.60807797772668,2.2478081970611132,1.3602697806655666,9.291230737836212,5024.578406430574,0.4830725217681248,0.4005208385905058,0.005174379165081414,23.082605390457427,148.53664378644788,-2.462353515625182,5030.9124755859375,5023.300048828125,100.0,28.000000000000004,72.0,5027.912548828125,5045.310297960004,5010.514799696246,0.9680963715740024,0.6920466083259212,5027.560856119791,5035.085856119791,5020.035856119792,5046.75,5005.14990234375,8.244826651079338,180425.0,0.20578887390129091,9608.379702552931,3364712.3451857767,411.3473298454983,5033.584317435518,5004.481254882812,5007.367482452749,17.83218810821038,1.095613247065236,0.6950924084747302
1328,5045.0498046875,5045.0498046875,5040.39990234375,5042.75,5042.75,814.0,5029.859052734375,5024.704174449238,59.45788650619952,0.9015076395431948,-12.738893122055142,10.055527630974211,4.166134960313684,2.6314735497116275,1.5346614106020566,10.776808716870882,5025.132784048491,0.34424387895907177,0.4263162088404614,0.006339329787953685,23.130272520049086,138.78677227501493,5.637451171875,5030.9124755859375,5023.300048828125,96.0,24.0,72.0,5029.362548828125,5046.630614974904,5012.094482681346,0.8876360866955528,0.6866900518358106,5029.018351236979,5036.530826822916,5021.505875651042,5046.75,5005.14990234375,7.9880463434129565,179611.0,0.20386462080024598,8067.117032991799,199850.69806804234,411.11330682129875,5034.189530351303,5004.686755371094,5007.719547303966,18.67205157740289,1.1121939801995977,0.6858777713591363
1329,5043.0,5044.9501953125,5038.4501953125,5041.7998046875,5041.7998046875,628.0,5030.760048828125,5025.374591321327,58.6553226498636,0.8330345427167617,-18.50540303738318,12.395848173254308,4.480082714218042,3.0011953826129107,1.4788873316051316,11.75193887978348,5025.667004423183,0.1350507385799404,0.47324556046801325,0.007483436530214361,23.182840369969725,125.96084216942361,2.697460937500182,5030.9124755859375,5023.300048828125,92.0,20.0,72.0,5031.0525390625,5046.100037481038,5016.005040643961,0.8571113724710413,0.5981849047174707,5030.660856119792,5038.080826822917,5023.240885416666,5046.75,5008.10009765625,7.8817573188834595,178983.0,0.29005591581297446,6829.425648814399,-1060553.8726612262,410.99497403536844,5034.66067628196,5004.881254882813,5008.058654342608,19.132813758175327,1.1345758323359143,0.661330271867901
1330,5042.9501953125,5044.9501953125,5041.7998046875,5044.9501953125,5044.9501953125,588.0,5031.85205078125,5026.142262066079,60.55632940027159,0.9934755066240315,-8.27496408045977,15.598954503676396,4.926311315262865,3.386218569142902,1.5400927461199627,13.120907689396743,5027.673533664946,0.22250201763099078,0.41538669564651265,0.008672116995136288,23.19442894612584,144.0702283314872,0.3124511718751819,5030.9124755859375,5023.300048828125,100.0,16.0,84.0,5032.187548828125,5047.821046550736,5016.554051105513,0.9081826956073914,0.6213400264166308,5031.979191080729,5038.849186197916,5025.109195963541,5046.75,5015.35009765625,7.543802555034641,179571.0,0.26541455528777186,6118.426225769485,897328.0588785807,411.36238840310637,5035.387391227337,5005.110256347656,5008.425734352259,19.560664354606875,1.1251308349901592,0.7097441393436466
1331,5043.0,5044.75,5038.85009765625,5039.0,5039.0,906.0,5032.67205078125,5026.646487083096,55.377311437024346,0.556377303822742,-35.632183908045974,17.02808335248119,4.745120863059128,3.657999027926148,1.0871218351329803,12.815413712507679,5027.891523809139,0.12916045702930948,0.24136355612779958,0.009591275800946751,23.275310744832655,96.3133230527383,-6.667456054687136,5030.9124755859375,5023.300048828125,96.0,12.0,84.0,5032.267553710937,5048.022832835005,5016.512274586869,0.7136568395915744,0.6261701690503079,5032.365861002604,5038.730851236979,5026.000870768229,5046.75,5015.35009765625,7.440680776550024,178665.0,0.12592704341913277,4474.240057355988,-1025613.4779511171,410.29381948876227,5035.909660217828,5005.320007324219,5008.7299559009925,19.448179438654396,1.038278629798457,0.7969150736706574
1332,5041.14990234375,5041.14990234375,5038.85009765625,5040.10009765625,5040.10009765625,268.0,5032.895048828125,5027.174079654593,56.124439845384835,0.6194333671292687,-30.574263649425287,15.894995117187136,4.636844158119857,3.85376805396489,0.7830761041549668,12.77216077683222,5028.229042159608,0.28852275784462544,0.08957692715512677,0.010314324440599536,23.31063181753409,78.39330223503438,0.6776367187503638,5030.9124755859375,5023.300048828125,92.0,8.0,84.0,5033.02255859375,5048.759615889438,5017.285501298062,0.7248685675319891,0.625352146249268,5032.902522786459,5038.732503255209,5027.072542317708,5046.75,5015.35009765625,7.073475341617879,178933.0,0.17434716692663185,3877.1809308587044,-1544686.8405413271,410.3523283539885,5036.06195492835,5005.5355078125,5009.042096614975,19.343729159555664,0.9538543102534196,0.8642773830982928
1333,5038.0498046875,5041.10009765625,5038.0498046875,5041.10009765625,5041.10009765625,332.0,5033.040048828125,5027.720198007599,56.83198640785075,0.679148806049695,-25.9765625,14.561343922334345,4.578942532790279,3.998802949729968,0.5801395830603111,12.926913366347826,5028.701590903291,0.14700721252014498,0.09648535154654325,0.010893564043249307,23.330072715802938,71.82038147219994,-1.2552490234375,5030.9124755859375,5036.375,88.0,4.0,84.0,5034.0550537109375,5049.049294319445,5019.06081310243,0.734924999846784,0.5957122219970229,5033.812516276042,5039.445011393229,5028.180021158854,5046.75,5015.35009765625,6.786105172127316,179265.0,0.24759390684808805,3370.726512164604,-390519.1119894924,410.41820006160685,5036.248451035761,5005.741008300782,5009.361081699963,19.098150784176863,0.957609625115058,0.8611242735685147
1334,5041.0498046875,5042.5,5040.0,5042.5,5042.5,510.0,5033.026044921875,5028.299798085733,57.856563684428885,0.7656209691897792,-19.54022988505747,13.716895967370874,4.593069451673728,4.117656250118721,0.475413201555007,13.32827300210969,5029.185068120664,0.19273954238086985,0.2686303508339496,0.011384608792281103,23.25337592835145,81.860234210828,-3.242358398437318,5031.5374755859375,5036.375,84.0,20.0,64.0,5035.192553710937,5049.084570758734,5021.3005366631405,0.7630088296005081,0.5517968538286934,5034.852514648437,5040.4425048828125,5029.262524414063,5046.75,5015.35009765625,6.47995480268965,179775.0,0.2820111634454165,2991.187038328589,821102.3667279412,410.55982593323847,5036.924932062006,5005.9105078125,5009.690822180561,19.06320662437012,1.060694625397608,0.7920642745636584
1335,5042.14990234375,5048.0,5039.4501953125,5048.0,5048.0,1602.0,5033.096044921875,5029.072355023547,61.702505017706585,1.0,-0.0,12.918528837316444,4.990541317446514,4.292233263584279,0.6983080538622346,14.749028123162928,5032.3998906325,0.31895794005376193,0.29933650750357244,0.011986786671735316,23.183518434946876,111.77155406975578,-2.845043945312682,5035.5250244140625,5036.375,100.0,16.0,84.0,5036.595043945313,5049.6893350833,5023.500752807326,0.9354934503327595,0.5199660097242964,5036.189176432292,5041.976652018229,5030.401700846354,5048.0,5020.0,6.627801223033246,181377.0,0.3240597857850644,3822.5888899959336,1320948.9103262494,412.3071734790988,5038.01501311258,5006.1092578125,5010.0720080295105,19.72681238532797,1.0546447439417028,0.7553082364381304
1336,5048.0,5050.0,5046.7998046875,5050.0,5050.0,767.0,5033.032041015625,5029.893046983408,63.02393862921117,1.0,-0.0,13.16865377987142,5.404622792711962,4.514711169409816,0.8899116233021456,16.31939034682059,5034.160439728161,0.32282095852992304,0.3692607456523004,0.012691642677370704,22.935876134629783,142.90637355157781,-12.822534179687864,5038.3499755859375,5036.375,100.0,12.0,88.0,5037.822534179688,5051.1090149199135,5024.536053439462,0.95826528703888,0.5274691853506951,5037.452506510416,5043.122501627604,5031.782511393229,5050.0,5025.0,6.3829722294237285,182144.0,0.32617840466917186,3495.647619996515,1950493.8784603034,412.61105620493083,5038.516624993281,5006.333256835937,5010.469301481953,20.572216588513992,1.089926132728436,0.7206653870761356
1337,5052.2001953125,5055.9501953125,5050.0,5050.0,5050.0,2491.0,5032.888037109375,5030.681554944843,63.02393862921117,1.0,-19.22506547187076,14.516610179228337,5.6674544580309885,4.745259827134051,0.9221946308969375,17.627700284803375,5034.9251603998455,0.4975124378109453,0.4503603677269382,0.013410025555055813,22.726486024064123,158.02416965034666,-0.5725341796878638,5041.3250732421875,5036.375,96.0,8.0,88.0,5038.572534179688,5052.797349306158,5024.347719053218,0.9016736146906863,0.5646367112897449,5038.453344726562,5043.965844726563,5032.940844726562,5055.9501953125,5025.0,6.352059592500605,184635.0,0.15238613836195952,2996.2693885684416,1092866.5476599548,412.61105620493083,5040.622264523434,5006.567255859375,5010.862641765715,21.97066488198346,1.1417407454997839,0.6913803777728457
1338,5052.2998046875,5052.2998046875,5046.10009765625,5047.0,5047.0,1185.0,5032.728037109375,5031.321493966614,59.455116978410665,0.7493618437984736,-28.91805761524627,15.509998276655097,5.569474088031711,4.910102679313583,0.6593714087181279,17.851301798677476,5035.277917970217,0.17864231838030964,0.4543209584800435,0.013963758467001262,22.659513369658207,105.4277507703947,4.965161132812682,5041.3250732421875,5036.375,92.0,4.0,88.0,5039.235034179687,5053.731337475007,5024.738730884367,0.7678257229489491,0.5753374548714569,5039.118343098958,5044.72832845052,5033.508357747395,5055.9501953125,5025.0,6.34117726669699,183450.0,0.2023101138855463,2060.373761630093,-1975088.7935171651,411.90709580889126,5042.492037034195,5006.801506347656,5011.222217469539,22.454679815551938,1.146395065812794,0.6920741073327504
1339,5046.89990234375,5046.89990234375,5041.0,5041.0,5041.0,969.0,5032.4400390625,5031.701043222825,52.99196978766987,0.0,-52.548656163113996,15.220578182444115,4.950606572072502,4.918203457865367,0.03240311420713482,16.25615558526178,5035.315521496981,-0.06344306705895403,0.4205248233884964,0.014123097121846277,22.73904972677181,39.71662403728244,3.0899658203125,5041.3250732421875,5036.375,88.0,4.0,84.0,5039.6600341796875,5053.836465078153,5025.483603281222,0.5472603375951814,0.5625947306889407,5039.550008138021,5045.179988606771,5033.920027669271,5055.9501953125,5025.0,6.316807461932919,182481.0,0.2010791846673374,935.4632242543659,-3196541.51751161,410.7551243406923,5042.825016811765,5007.013256835938,5011.518513813126,21.95864755864797,1.1652020337822973,0.7446772103938009
1340,5040.89990234375,5044.5498046875,5040.0,5044.5498046875,5044.5498046875,922.0,5032.05203125,5032.204916221441,56.03692403424856,0.30352509010692463,-63.51123442685382,14.058483168657403,4.692496993932764,4.873062165078847,-0.18056517114608273,15.709762083806813,5035.364312399373,0.03569093624510435,0.26661655162987774,0.014121627020389022,22.851348696851407,35.98413127760799,1.1922851562503638,5041.3250732421875,5036.375,84.0,40.0,44.0,5040.60751953125,5053.360005060294,5027.855034002206,0.6545692856216836,0.5059900212278328,5040.2725016276045,5045.682486979167,5034.862516276042,5055.9501953125,5025.0,6.190592978044854,183403.0,0.2840687517430006,1269.3856096287423,-826588.3958779292,411.4043843926414,5045.205596171686,5007.237006835938,5011.847183374066,21.3227338442661,1.1707442082963166,0.9041276566664389
1341,5045.35009765625,5046.64990234375,5045.0,5045.60009765625,5045.60009765625,289.0,5031.79703125,5032.730217454178,56.92595133024934,0.39214451367604675,-57.82051282051282,12.595703125,4.520582695245139,4.802566271112106,-0.2819835758669669,15.492011395223548,5035.887441412753,0.07537572128938486,0.0925846388016065,0.014025651400962345,22.875681585648955,66.81059489426903,3.7476806640625,5042.487548828125,5036.375,80.0,36.0,44.0,5041.2025146484375,5053.718614364596,5028.686414932279,0.6756770522583484,0.4965521492060589,5040.951668294271,5046.084138997396,5035.819197591146,5055.9501953125,5025.0,5.898414740773793,183692.0,0.26261277825517987,1131.4069036773149,2026724.5266264284,411.4645552066329,5045.6716945854305,5007.479758300781,5012.183033267421,21.016998093428622,1.0964426460504404,1.003858007248834
1342,5045.60009765625,5051.25,5044.89990234375,5044.89990234375,5044.89990234375,1988.0,5031.50703125,5033.207459998868,56.11130183366998,0.3109391681006111,-61.732133115111836,10.598763499540837,4.278519357153527,4.69775688832039,-0.41923753116686235,15.093447928887006,5036.192385311962,-0.0009968972299613495,0.14736440198835477,0.013815889526288988,22.92234085139513,79.8174166379622,-2.807519531250364,5044.087646484375,5036.375,76.0,32.0,44.0,5041.80751953125,5053.799252378853,5029.815786683647,0.6289381131067201,0.47569181493537027,5041.659163411458,5047.029134114584,5036.289192708334,5055.9501953125,5025.0,5.930677806164951,181704.0,0.1612540086619408,770.9218772591271,718698.1753804074,411.18867359605974,5046.0484577406405,5007.7192578125,5012.508574253255,21.311459097648406,1.0563832208703825,0.9090188188820277
1343,5041.10009765625,5044.0,5040.0,5040.4501953125,5040.4501953125,2336.0,5031.21103515625,5033.4914888346975,51.10601031355951,0.0,-86.59028914348063,8.197742417280097,3.6851481540797977,4.495235141472271,-0.8100869873924736,13.355313229258176,5036.218736423908,0.02877942672157174,0.023097294531884804,0.013339267896305022,23.00168847660489,-9.59675037525247,-2.132421874999636,5044.087646484375,5036.375,72.0,28.000000000000004,44.0,5042.23251953125,5053.368688277481,5031.096350785018,0.41997587952531656,0.4417157956557932,5042.0625,5047.31748046875,5036.80751953125,5055.9501953125,5025.0,5.857050987421026,179368.0,0.1102507258856001,-824.1406230636052,-1040231.365047089,409.1282728296994,5045.523537177731,5007.936508789063,5012.786600333447,20.684871421292744,1.026181949501941,1.0030846549700563
1344,5045.14990234375,5053.0,5044.5498046875,5052.9501953125,5052.9501953125,3963.0,5031.2700390625,5034.2545753632385,61.49662253789444,0.8718471825920509,-16.759410801963995,8.174501665900607,4.175411192651154,4.431270351708048,-0.25585915905689394,14.916584737160154,5037.080174598233,0.2549571914697797,0.1426599897480384,0.01316331260720652,23.21906824699098,127.67314196927299,-2.092431640625364,5044.22509765625,5033.675048828125,100.0,24.0,76.0,5043.192529296875,5054.546421433713,5031.838637160038,0.929705773933078,0.45026605948038906,5042.994165039063,5048.31416015625,5037.674169921875,5055.9501953125,5025.0,6.335104823140952,183331.0,0.1626568926390592,6370.379465945481,1444593.6923492686,418.9562639972481,5046.56818979776,5008.205510253906,5013.186238094433,21.140635808531155,0.9838465885940355,0.8411865988459971
1345,5053.0,5053.0,5051.39990234375,5052.0,5052.0,437.0,5031.4450390625,5034.950474368602,60.445062565836906,0.7836137292429036,-22.067648663393346,9.53598345588216,4.4361383211025895,4.432243945586956,0.0038943755156335413,15.848830896422914,5037.351857601488,0.21622070842865576,0.29512416928996155,0.013133613150603886,23.227147956346275,148.05181098525233,-2.042529296874818,5044.22509765625,5032.77490234375,96.0,20.0,76.0,5044.542529296875,5052.965210001299,5036.119848592451,0.9427017338558226,0.33393238952822224,5044.279166666667,5049.464176432292,5039.094156901042,5055.9501953125,5027.5,5.996890025505884,182894.0,0.17035795741973841,5401.0059205871985,1254098.9936898449,418.87408718261264,5046.988894375221,5008.447509765625,5013.572444680559,21.56384559668111,1.1260720531654425,0.8309478838754809
1346,5051.7001953125,5051.7001953125,5046.0,5047.0,5047.0,474.0,5031.6550390625,5035.42300478552,55.105344719119685,0.33557295359025624,-50.0,9.629250919118022,4.190997030616927,4.38399456259295,-0.19299753197602332,15.00247028264971,5037.475221379619,0.08924144769459592,0.23809523809523803,0.012983474839335134,23.266335942667183,65.73089064390659,3.007470703125364,5043.487548828125,5030.550048828125,92.0,16.0,76.0,5044.992529296875,5052.915814270919,5037.06924432283,0.6266817178544941,0.3141049239630476,5044.9658365885425,5049.910856119792,5040.020817057292,5055.9501953125,5038.0,5.997112166541178,182420.0,0.011600442218462565,4290.86221764617,-4028442.891841196,418.4049660424701,5047.123248416327,5008.669260253906,5013.9050571713,21.016545128819956,1.0421781994047619,0.8040829613095238
1347,5049.25,5049.5,5045.4501953125,5047.64990234375,5047.64990234375,351.0,5032.203037109375,5035.902490964274,55.65371948236556,0.3815855447656622,-50.304805871212125,8.77766256893392,4.003018177680133,4.307799285610387,-0.30478110793025426,14.47940406039594,5037.580878387879,-0.006935373539025356,0.20939865639849253,0.01275893750716277,23.394452521620753,46.60030317271173,4.834985351562864,5043.487548828125,5030.550048828125,88.0,12.0,76.0,5045.165014648437,5053.161651920904,5037.1683773759705,0.6553707896610886,0.31700201080633417,5045.193334960937,5049.903344726563,5040.483325195312,5055.9501953125,5038.0498046875,5.858018775181094,182771.0,-0.03372289510541447,3710.469861219039,-1586461.9502314816,418.4501643231629,5047.258951929739,5008.922509765625,5014.240826775006,20.416955412147296,1.0449746026544322,0.8355759462559397
1348,5045.4501953125,5047.5498046875,5045.10009765625,5047.5498046875,5047.5498046875,402.0,5032.805029296875,5036.359248365185,55.54119202547006,0.3721436808850313,-50.911458333333336,8.910302734375364,3.8021378596085924,4.206667000410029,-0.4045291408014364,14.021834957291803,5037.635451430184,-0.04851871905940594,0.13346476548530561,0.012465388606703065,23.419620967791012,27.05515721114315,4.594995117187864,5043.487548828125,5030.550048828125,84.0,8.0,76.0,5045.405004882812,5053.3854066253725,5037.424603140252,0.6343791875319637,0.3163433553832512,5045.393334960938,5049.993334960937,5040.7933349609375,5055.9501953125,5038.0498046875,5.621717768918159,182369.0,-0.016005125633109296,3174.6542727859623,-700876.1019255985,418.4421924434583,5047.404238436703,5009.1842578125,5014.572259391051,19.798705745336616,1.0127458621796341,0.8792810966943285
1349,5047.5498046875,5047.5498046875,5043.0,5044.5,5044.5,1396.0,5033.32302734375,5036.6784935273345,52.08565730722836,0.08219943665731677,-71.78717933019041,7.397809914980826,3.3581345258244255,4.0369605054929085,-0.678825979668483,12.65129888565964,5037.75213496566,-0.10891089108910892,0.041097691801917136,0.011995623270788585,23.42599815605875,-11.49311995019913,1.4599853515628638,5043.487548828125,5030.550048828125,80.0,4.0,76.0,5045.540014648437,5053.361665017977,5037.718364278897,0.4335169306156124,0.31004214997134616,5045.5574951171875,5050.059985351562,5041.055004882813,5055.9501953125,5038.0498046875,5.545152548816861,180973.0,-0.03776182598056704,2112.9140418522534,-342229.01721396897,417.59870847430636,5047.419711146907,5009.443508300781,5014.870047854822,18.848987110050597,0.9914939267051943,0.9503962349032772
1350,5045.0,5045.0,5042.0,5042.0498046875,5042.0498046875,364.0,5033.866025390625,5036.889133180674,49.42516764393514,0.0,-87.14871732076165,5.048257984833981,2.776542150770183,3.7848768345483634,-1.0083346837781804,10.724205032068943,5037.807238639366,-0.09808193605111949,-0.14214818670831153,0.0113096251137053,23.433173307850346,-52.314754422644306,-4.394995117187136,5043.487548828125,5030.550048828125,76.0,4.0,72.0,5045.394995117187,5053.361225567659,5037.428764666715,0.2900393134189953,0.31578223144793777,5045.513321940105,5050.00829264323,5041.0183512369795,5055.9501953125,5038.0498046875,5.363355938187085,180609.0,-0.08096393565256263,1683.659022480503,-1462831.6019917582,417.42190778172034,5047.262391731478,5009.6537573242185,5015.140493196441,17.78787222437044,0.8727815373937186,1.01492972410203
1351,5041.0498046875,5042.0498046875,5040.0,5042.0,5042.0,233.0,5034.350029296875,5037.089559330452,49.36996492821382,0.0,-84.61538461538461,3.172190946691444,2.2852640795654224,3.4849542835517755,-1.199690203986353,9.115906469564326,5037.885953329551,0.0198373338623289,-0.36269445281327384,0.010484301165932729,23.252799752013562,-88.41476930057114,-0.9951904296876819,5044.112548828125,5030.550048828125,72.0,20.0,52.0,5045.544995117188,5053.127661762202,5037.962328472174,0.26624350751864095,0.30056878503123025,5045.537483723959,5049.839949544271,5041.235017903646,5055.9501953125,5038.0498046875,5.126673705995151,180376.0,-0.032693332232081346,1441.478520385074,-2177453.5527045126,417.41960623916583,5046.404227896648,5009.875256347656,5015.407751970605,16.590809540086077,0.787055339598933,1.1497497924122069
1352,5042.0,5042.0498046875,5038.2001953125,5041.5,5041.5,292.0,5035.056025390625,5037.262517788082,48.78092224267531,0.0,-77.70372814252723,1.5771714154416259,1.8344306724438866,3.154849561330198,-1.3204188888863113,7.6026432864614355,5037.950313496415,-0.06045742049500747,-0.28627908039672756,0.009561307912864732,23.06665986556445,-106.10523943856478,-0.014892578125,5046.28759765625,5030.550048828125,68.0,16.0,52.0,5045.614990234375,5053.019060169976,5038.210920298774,0.2221129547555402,0.2934853313196247,5045.564982096354,5049.944938151041,5041.185026041667,5055.9501953125,5038.0498046875,5.035454825209783,180084.0,-0.023959907572769033,1214.6958746157777,-1186394.6914672852,417.3906494759766,5046.116793616629,5010.089506835938,5015.667376329106,15.795331995686169,0.8120115178938708,1.0982905982905984
1353,5039.2998046875,5042.0,5039.2998046875,5039.5498046875,5039.5498046875,494.0,5035.58501953125,5037.35221531355,46.4528875327005,0.0,-90.88089739359947,0.2833409926470267,1.3047372866949445,2.784827106403147,-1.4800898197082026,5.665443013559517,5037.961720409188,-0.11991225724687225,-0.11184907963635204,0.008518344763787603,22.935182524614287,-113.07164823012403,-0.6375732421875,5046.300048828125,5030.550048828125,64.0,12.0,52.0,5045.5374755859375,5053.1582801152235,5037.9166710566515,0.1071496863994185,0.3020809801200032,5045.574975585938,5049.937426757812,5041.2125244140625,5055.9501953125,5038.2001953125,4.868650574301941,179590.0,-0.057998744311510295,903.539823331381,286910.6979987882,417.1995562528535,5046.129038854032,5010.287255859375,5015.905012432175,15.056674275886255,0.905425808731408,1.01727488836776
1354,5040.2001953125,5040.4501953125,5035.0,5035.0,5035.0,333.0,5035.922021484375,5037.259971575763,41.47929564034939,0.0,-100.0,-1.4516242532172328,0.5119191628264161,2.3302455176878007,-1.8183263548613846,2.4961809243248134,5036.8010633581025,-0.1962358527500362,-0.15072807850585623,0.007246943527926977,22.910684247124248,-168.83720367389606,-4.7122802734375,5044.41259765625,5030.550048828125,60.0,100.0,-40.0,5045.1624755859375,5053.987246882204,5036.337704289671,-0.07579257551053133,0.3498310050061052,5045.3324788411455,5049.842439778646,5040.822517903645,5055.9501953125,5035.0,4.91018948417323,179257.0,-0.09808075190936529,558.0219970072552,-4787014.053390549,416.8989173030155,5046.110566886047,5010.444006347656,5016.095012308471,15.115174218712514,0.85332383665717,1.0040519151630263
1355,5033.7001953125,5035.9501953125,5032.9501953125,5035.0,5035.0,1023.0,5036.35501953125,5037.171345239459,41.47929564034939,0.0,-89.77643563391943,-3.3512996897979974,-0.11506847453892988,1.8411827192424548,-1.9562511937813847,-0.13591530313117003,5036.100004198478,-0.10812913730540484,-0.3522304470254205,0.0058630666796914924,22.940193483426018,-173.48541606080937,8.437719726562136,5042.837646484375,5030.550048828125,56.00000000000001,96.0,-39.99999999999999,5044.512475585938,5054.271136430454,5034.753814741422,0.01261368042710221,0.386902040256438,5044.806648763021,5049.039119466146,5040.574178059896,5055.9501953125,5032.9501953125,4.773747378160857,180280.0,-0.16007418271145726,478.3045688633616,-960381.9189882698,416.8989173030155,5045.284436480592,5010.593505859375,5016.283121638735,15.491324683116492,0.7500058500971116,1.1022362971225321
1356,5035.0,5037.25,5032.0498046875,5037.0,5037.0,445.0,5036.833017578125,5037.164625818305,44.508248224285744,0.1513165368902392,-76.37160303920197,-4.677763097426578,-0.44544262376257393,1.383857650641449,-1.829300274404023,-1.6505757408216852,5036.28885984032,-0.3156610434691522,-0.4255530481215434,0.004529387408208364,23.02673697172125,-139.00711710217672,8.137524414062682,5041.89990234375,5030.550048828125,52.0,92.0,-40.0,5043.862475585937,5053.802613136554,5033.9223380353205,0.15480982778193528,0.39414784200523045,5044.131648763021,5048.464119466146,5039.799178059896,5055.9501953125,5032.0498046875,4.804207944899367,180725.0,-0.1804955660093031,537.1182018828814,233374.28489427886,417.0756799643859,5044.6603980484215,5010.759006347656,5016.489259731882,15.537209541971283,0.7323040493293497,1.157857097450893
1357,5036.0,5036.0,5034.0498046875,5034.0498046875,5034.0498046875,36.0,5037.195009765625,5037.042475970037,41.12672399883155,0.0,-90.45354962009975,-5.72351792279369,-0.934549715760113,0.9201761773611367,-1.8547258931212496,-3.9262029407659194,5035.6603481762095,-0.3553086958135392,-0.2529399696360429,0.0031635016327254788,23.108270815600857,-137.1610172058611,3.935034179687136,5041.89990234375,5030.550048828125,48.0,100.0,-52.0,5043.064965820313,5053.45660226823,5032.6733293723955,0.06622995916010616,0.41211590643179496,5043.26747233073,5047.3999430338545,5039.135001627605,5053.0,5032.0498046875,4.671778471156555,180689.0,-0.06830041848269365,445.2145971496127,2031453.4505208333,417.0545945899071,5045.34993159073,5010.912756347656,5016.663991522485,15.579816910907875,0.8075663698658241,1.060506339501867
1358,5032.0498046875,5036.0,5032.0498046875,5036.0,5036.0,755.0,5037.640009765625,5037.001594559448,44.14755357855455,0.1563710859112081,-81.1448282291521,-7.154395967370874,-1.1515320026164773,0.5058345413656139,-1.657366543982091,-5.08463435939801,5035.7208581679,-0.2179512581731722,-0.5795688919160039,0.001904111081614861,23.2520553639685,-121.72914912359813,5.134936523437318,5041.262451171875,5030.550048828125,44.0,96.0,-52.0,5042.514965820313,5053.176202037332,5031.853729603294,0.19445542300654786,0.42285392465006333,5042.578304036458,5046.598299153646,5038.5583089192705,5053.0,5032.0498046875,4.620236816966801,181444.0,0.021210473775805393,591.955006262168,-523204.67715231783,417.34708225253746,5041.491786325071,5011.057507324219,5016.856389616789,15.974229302701302,0.7269169152844795,1.3064858072004835
1359,5036.35009765625,5036.35009765625,5035.14990234375,5035.14990234375,5035.14990234375,402.0,5038.1830078125,5036.92897917844,43.10918105193213,0.13646710741719772,-84.22373521518736,-7.802359547334163,-1.376223556034347,0.12942292188562177,-1.5056464779199688,-6.344112040998782,5035.633617484397,-0.2476399956779082,-0.6514832147277229,0.0007335075940183692,23.33363169613299,-95.32862093637189,5.327343750000182,5040.52490234375,5030.550048828125,40.0,92.0,-52.0,5042.2224609375,5053.344939481629,5031.099982393371,0.1820601376892286,0.44117365428819577,5042.207470703125,5045.99248046875,5038.4224609375,5053.0,5032.0498046875,4.375948138076315,181042.0,0.05540157732649224,458.5701113943583,515038.33846666326,417.2792229876819,5040.486221609933,5011.2130078125,5017.038414619047,16.24494232501565,0.6504969832920792,1.301980198019802
1360,5037.0,5037.0,5034.75,5036.85009765625,5036.85009765625,295.0,5038.475009765625,5036.925885785413,45.85227955888097,0.3252947634908899,-72.49146566679725,-7.609310374540655,-1.4009523714657917,-0.17665213678466093,-1.2243002346811307,-6.711915419802877,5035.7122659177385,-0.2119782358821605,-0.55508439171123,-0.00026290347671016195,23.233475173891943,-77.38952644572433,2.662524414062318,5040.52490234375,5030.550048828125,36.0,88.0,-52.0,5041.837475585938,5053.142599456995,5030.53235171488,0.27941958060026756,0.44845253048320066,5041.865812174479,5045.535831705729,5038.195792643229,5053.0,5032.0498046875,4.224094699642293,181337.0,0.01667390154094319,464.71118365052143,95338.98305084746,417.3788342459195,5039.762487906909,5011.377258300781,5017.235545793547,16.31153511362938,0.7358267881016043,1.2909111798128343
1361,5037.0,5040.0,5035.85009765625,5040.0,5040.0,486.0,5038.52701171875,5037.046439284025,50.604230337644076,0.6574995567854267,-48.70841733870968,-6.823400160845267,-1.15308726927924,-0.3719391632835768,-0.7811481059956632,-5.721563857355514,5035.780292852866,-0.08920606601248886,-0.4076853328330676,-0.0009772852145423434,23.2637544605182,-40.360737490998275,0.4923339843753638,5040.512451171875,5032.025146484375,32.0,84.0,-52.0,5041.557470703125,5052.752827470077,5030.362113936172,0.4304412206084346,0.4441229454195285,5041.509147135416,5045.304166666667,5037.714127604167,5053.0,5032.0498046875,4.218795245649986,181823.0,0.05069309399383063,617.0170915665184,1750514.9046579998,417.6827647797614,5039.290315469746,5011.563508300781,5017.462057775701,15.561773433857379,0.7716078333281222,1.1792931661611898
1362,5040.0,5041.0,5039.14990234375,5041.0,5041.0,229.0,5038.84701171875,5037.20148088073,52.04312893482342,0.9961192963577621,-42.25680443548387,-5.735452090993022,-0.8659782887125402,-0.4707469883693695,-0.3952313003431707,-4.485517697470489,5035.8132781935155,-0.02082099003710785,-0.27085361208684233,-0.0014313982561255014,23.187077842241816,-11.747593051929606,0.6375244140626819,5040.262451171875,5035.650146484375,28.000000000000004,80.0,-52.0,5041.362475585937,5052.453539809851,5030.271411362024,0.4836591160857318,0.4400026491895592,5041.177482096354,5044.747501627604,5037.607462565104,5053.0,5032.0498046875,4.049602560692844,182052.0,0.20708595662336735,561.5860784855872,1736912.3525494572,417.7282012876979,5038.886104901117,5011.7340087890625,5017.696266156043,14.611323960218073,0.8494011595920268,1.120254771678869
1363,5041.25,5043.9501953125,5040.14990234375,5043.7998046875,5043.7998046875,814.0,5039.31400390625,5037.460238677074,55.91518694798874,1.0,-9.267777693989895,-4.140712603400971,-0.4078204138968431,-0.45816167347486425,0.05034125957802116,-2.2882076194341106,5036.091573119501,0.03569624528956763,-0.14206128133704732,-0.0015803779779743866,23.12908174626621,20.397874051153273,-0.0299560546873181,5040.262451171875,5035.650146484375,24.0,76.0,-52.0,5041.529956054687,5052.661944662286,5030.397967447088,0.6019516239561741,0.4416115228762984,5041.234977213541,5044.795011393229,5037.674943033854,5053.0,5032.0498046875,4.031794732696927,182866.0,0.424488494292073,806.9367837912176,922106.8471304029,418.1803022628268,5037.997868182383,5011.9430078125,5017.956002857849,14.1117736641578,0.9151977285682021,1.0572590099052495
1364,5043.5,5044.85009765625,5041.60009765625,5041.60009765625,5041.60009765625,386.0,5039.751005859375,5037.622586088022,52.33963189259001,0.7582199673021124,-25.390043868014494,-2.641284179687318,-0.21969249265748658,-0.41046783731138875,0.19077534465390217,-1.364547310298767,5036.5178591575295,0.0019854736933452343,-0.012043682414726309,-0.0016006688422973217,23.06886906881334,29.21853405575213,-1.412646484374818,5040.4874267578125,5035.650146484375,20.0,72.0,-52.0,5040.962451171875,5050.788413425995,5031.136488917755,0.5324470249266335,0.3898446913380892,5040.860815429687,5044.16083984375,5037.560791015625,5053.0,5032.0498046875,3.975952251790003,182480.0,0.13591282017412132,570.3619698121151,989354.5832658678,418.01195955555414,5037.994944880635,5012.121508789062,5018.191267482708,13.850765644917514,0.9693346025905683,0.9813782850052946
1365,5041.0,5042.5498046875,5038.0,5038.0,5038.0,518.0,5040.112001953125,5037.637386633591,47.03814165605878,0.3997317150234417,-53.515163074575625,-1.7164464613970267,-0.3569824814430831,-0.3997707661377276,0.04278828469464452,-2.081625361483102,5036.549403632386,-0.030752839986985754,-0.031152079340452055,-0.001670225026362634,23.113685307593997,-13.24017182317438,-5.262451171875,5040.4874267578125,5035.650146484375,16.0,68.0,-52.0,5040.262451171875,5048.746510387952,5031.778391955798,0.3666645815255695,0.33665148584096516,5040.22998046875,5043.677490234375,5036.782470703125,5051.7001953125,5032.0498046875,4.016941711483574,181962.0,0.0927598311883699,222.47446184788447,-2591276.537037264,417.64206695205223,5037.995944494596,5012.2965087890625,5018.3883692988,13.037210799228953,0.9376958413190959,0.968847920659548
1366,5035.64990234375,5037.2998046875,5034.14990234375,5037.0,5037.0,942.0,5040.342998046875,5037.612391079333,45.654816405343404,0.30619087474333595,-61.32748426473393,-2.0307459214154733,-0.5402497663153554,-0.4278665661732532,-0.11238320014210218,-3.074772106148951,5036.551279163573,0.039721946375372394,-0.15368000486746303,-0.0018052823125991023,23.247704281428348,-68.23875632371207,-4.762451171875,5040.4874267578125,5035.650146484375,12.0,64.0,-52.0,5039.762451171875,5047.764267557511,5031.760634786239,0.32738599345806335,0.31754736312125553,5039.625805664063,5042.94580078125,5036.305810546875,5049.5,5032.0498046875,4.00502427896689,181020.0,0.19348178029182572,56.12096729818671,-1521465.9732365052,417.45508799214747,5037.647454798172,5012.466508789063,5018.573559654036,13.108820163177825,0.9096578579106415,1.0633378627781045
1367,5037.0498046875,5037.10009765625,5034.0,5035.7998046875,5035.7998046875,473.0,5040.358994140625,5037.541309260046,43.982973949964254,0.19314042040423712,-70.70379553690636,-2.8173469094672328,-0.7734206296336197,-0.49697737886532656,-0.2764432507682931,-4.384654325540059,5036.54069225327,0.015884899453823237,-0.1812376172900344,-0.002021398597200785,23.28474458182399,-71.02204824740227,-2.169946289062864,5040.9749755859375,5037.97509765625,8.0,60.0,-52.0,5039.169946289063,5046.472203033323,5031.8676895448025,0.26923972139080027,0.28981982437952475,5039.0308024088545,5042.303312174479,5035.75829264323,5047.5498046875,5032.0498046875,3.9403866630585407,180547.0,0.19564379829935213,-32.995225574768526,-114569.04905290986,417.34238352861513,5037.3315301066405,5012.628757324219,5018.744965077255,13.205724674642127,0.8846660565405852,1.0659036738306196
1368,5032.0,5032.5,5031.0,5031.0,5031.0,307.0,5040.303994140625,5037.284787328279,37.99128743884953,0.0,-100.0,-4.597944910386104,-1.3301808465685099,-0.6636180724059633,-0.6665627741625466,-7.417669120956926,5036.320107990118,-0.11911852293031568,-0.15761307224187315,-0.002464563440907193,23.25337451586909,-143.75693472286676,-4.292651367187318,5039.9625244140625,5040.47509765625,4.0,100.0,-96.0,5038.342456054687,5045.4056842348355,5031.279227874539,-0.01976630709198733,0.2803790429791094,5038.269140625,5041.494165039063,5035.044116210937,5047.5498046875,5031.0,4.001773664804359,180240.0,0.12810845259245968,-238.78734178730159,-1856701.3818200326,417.0497706178138,5037.103875501533,5012.771008300781,5018.866905723253,13.884973858031492,0.9039765140008766,1.0615895862427498
1369,5032.0,5035.0,5032.0,5035.0,5035.0,357.0,5040.353994140625,5037.195187825209,44.74658835508487,0.376887903929102,-71.11933721135202,-6.242226275276153,-1.4321419185644118,-0.817322841637653,-0.6148190769267587,-7.981730097024502,5036.313992516384,0.018875365746584733,0.05112382550000494,-0.00288101973183648,23.11049287177661,-83.7411744394271,-1.8674560546878638,5039.9625244140625,5040.47509765625,4.0,96.0,-92.0,5037.867456054688,5044.473364420133,5031.261547689242,0.28296277392469443,0.2622501851455506,5037.718310546875,5040.8658447265625,5034.570776367187,5045.0,5031.0,4.001646974461191,180597.0,0.2332506139035627,-0.6748643891156689,1470588.2352941176,417.33361080863074,5037.324069121533,5012.942758789062,5019.027434024514,13.8174412399692,0.947857692038862,0.8967338665388571
1370,5035.14990234375,5035.5,5031.0,5031.0,5031.0,301.0,5040.4619921875,5036.952239283044,40.048095834006716,0.11475228334707183,-100.0,-7.201621380973847,-1.814793562793966,-1.0168169858689158,-0.7979765769250502,-9.98942397644651,5036.119197195212,-0.09928514694201747,0.033206706174340184,-0.0034110660486657675,23.195024735124044,-109.72727459563666,-2.165063476562864,5039.9625244140625,5040.47509765625,8.0,92.0,-84.0,5037.314965820313,5044.268456023922,5030.3614756167035,0.045913948578302353,0.2760792307326769,5037.19248046875,5040.415014648437,5033.969946289062,5044.85009765625,5031.0,4.037243619142535,180296.0,0.24044377815922813,-172.57845519067058,-373754.1528239203,417.094484691451,5037.227157772782,5013.093259277343,5019.14656403422,13.961048822434336,0.9450336828242921,0.9118269766499519
1371,5032.5,5035.0,5032.0,5033.9501953125,5033.9501953125,404.0,5040.4669921875,5036.834512068513,44.663264789929286,0.37223916300567206,-78.69910100475938,-7.073795094209345,-1.858567235620285,-1.1851670358191897,-0.6734001998010952,-10.183467874320073,5036.035237759148,-0.02382663981248231,0.0274227928419174,-0.0038734887575013737,23.216657572343745,-77.79764239359133,-0.0623779296875,5039.6375732421875,5040.47509765625,4.0,88.0,-84.0,5036.9124755859375,5043.663583607419,5030.161367564456,0.2806078451113766,0.2680653298704141,5036.807486979166,5040.077530924479,5033.537443033854,5044.85009765625,5031.0,4.034583360632354,180700.0,0.2252112397005213,22.344025015139465,185643.56435643564,417.33139164956077,5037.024104380849,5013.248010253907,5019.2938638479345,14.094398720437676,0.9259009567243345,0.8984781638824171
1372,5031.2001953125,5035.0,5031.0498046875,5035.0,5035.0,277.0,5040.51099609375,5036.762570418767,46.24893943985423,0.4607062205852143,-71.11933721135202,-7.103087660845631,-1.7879374915592052,-1.305721126967193,-0.48221636459201234,-9.847358861078323,5035.995702978531,-0.036731243145609764,0.04873841272988655,-0.004222513053007903,23.29738777403471,-72.10534038953251,3.412524414062318,5039.0875244140625,5040.47509765625,4.0,84.0,-80.0,5036.587475585938,5043.043278869895,5030.13167230198,0.37705049889899356,0.25635624578154187,5036.462483723959,5039.737556966146,5033.187410481771,5044.85009765625,5031.0,4.028555642908614,180977.0,0.23294925586985568,60.694292646905254,-677519.3266059518,417.38915858946973,5037.160095283854,5013.404011230468,5019.450143809647,14.430288088297408,0.9472165766123036,0.8984781638824171
1373,5035.0,5037.25,5031.0,5033.4501953125,5033.4501953125,358.0,5040.54099609375,5036.632673355775,44.23378738201652,0.3482780039011046,-82.30918385334039,-6.33911850873119,-1.835856584627436,-1.4117482184992416,-0.42410836612819436,-10.172955208060865,5035.7650329336275,-0.12995644221230157,0.021185716726464965,-0.004532393387853248,23.57390249748782,-62.695830649490595,4.717504882812136,5038.02490234375,5040.47509765625,4.0,80.0,-76.0,5036.282495117188,5042.726001185899,5029.838989048477,0.28022059927581927,0.25588342492535654,5036.1433268229175,5039.59589029948,5032.690763346354,5044.85009765625,5031.0,4.187230239843713,180619.0,0.27199319082469325,-27.23776032050977,1920561.5507157822,417.2789639364161,5037.075530550768,5013.543762207031,5019.589447804699,14.04193361385571,0.8941163775661604,0.8729306608396954
1374,5033.75,5037.0,5033.75,5033.9501953125,5033.9501953125,255.0,5040.545,5036.527478138391,45.06541633217107,0.394675772965281,-78.69910100475938,-5.761180204503944,-1.8125925511667447,-1.4919170850327423,-0.32067546613400233,-10.19836175370559,5035.650341869066,-0.13984932925014879,0.06115799734782956,-0.004774523900450871,23.752081972872887,-32.0723755294938,7.569799804687136,5036.71240234375,5040.47509765625,56.00000000000001,76.0,-19.999999999999993,5036.230004882813,5042.7312905471545,5029.728719218471,0.32466471341067066,0.25818064933644236,5036.047493489584,5039.390047200521,5032.704939778646,5044.85009765625,5031.0,4.141699843247734,180874.0,0.28640682133417167,-5.132365989008381,1593137.2549019607,417.30429447412934,5037.0269843285205,5013.7022631835935,5019.732340814728,13.681318744731277,0.947852356655455,0.8866943593076254
1375,5035.5,5035.89990234375,5035.0,5035.2998046875,5035.2998046875,202.0,5040.75099609375,5036.479334081494,47.34784576624852,0.5220157769032446,-68.95469769081615,-5.0160429113057035,-1.6660482722309098,-1.5267433224723759,-0.1393049497585339,-9.569812087621356,5035.643752651381,-0.1685237386325375,-0.010295986759690234,-0.004899245648568952,23.807863245816918,-19.390404872618987,5.3551025390625,5036.0625,5040.47509765625,52.0,72.0,-20.0,5036.2449951171875,5042.736242188374,5029.753748046001,0.4271950043402989,0.25778122698477013,5036.0858154296875,5039.3233642578125,5032.8482666015625,5044.85009765625,5031.0,3.9851289281050386,181076.0,0.26126326404660866,34.54669968799281,33390.46298867405,417.3584509681693,5036.837859822668,5013.86576171875,5019.887240952766,13.346462080544303,0.92885162257802,0.9391476093377102
1376,5033.25,5037.0,5032.0,5033.9501953125,5033.9501953125,285.0,5040.67,5036.380152168984,45.320039392002876,0.40888155780032637,-78.69910100475938,-4.4167796415440534,-1.6399092201045278,-1.5493765019988062,-0.09053271810572161,-9.597999361865135,5035.608026508209,-0.15173560368872382,-0.11935517294972975,-0.004982692436533892,24.012323155686783,-47.64337566982341,1.9074951171878638,5036.0250244140625,5040.47509765625,48.0,68.0,-20.0,5036.092504882812,5042.64860816197,5029.536401603655,0.336617158158356,0.26036468840875776,5036.029988606771,5039.257527669271,5032.802449544271,5044.85009765625,5031.0,4.057619718954679,180791.0,0.20891375183831262,-25.336924821006157,-1666581.0032894735,417.2820625331615,5036.577538769039,5014.024262695312,5020.027170846893,13.820925765090012,0.8214119191116791,0.9407670920614088
1377,5034.7998046875,5039.0,5034.7998046875,5039.0,5039.0,234.0,5040.56599609375,5036.482891299613,53.36761500018383,1.0,-42.23867442270404,-3.4917767693013957,-1.1979080592354876,-1.4790828134461425,0.28117475421065485,-7.155529631545909,5035.67165648101,0.01984914648670107,-0.1020756422494995,-0.004829452893404895,24.200979709493996,38.91953864330887,0.6599853515626819,5036.4625244140625,5041.72509765625,44.0,64.0,-20.0,5036.340014648437,5042.9425616285325,5029.737467668342,0.7014363062907221,0.2621962361910191,5036.174991861979,5039.515030924479,5032.834952799479,5044.85009765625,5031.0,4.128490073850773,181025.0,0.23652668385957037,147.09039256413757,4307717.339605348,417.51679951923165,5035.692437885047,5014.214262695313,5020.215955216576,13.577388864367235,0.841712214778708,0.9437878570282074
1378,5039.0,5040.25,5037.2001953125,5040.25,5040.25,434.0,5040.51599609375,5036.630621052569,55.128096559591455,1.0,-19.912065612581383,-2.2761747472432035,-0.7382443798169334,-1.3309151267203008,0.5926707469033674,-4.60227969718421,5036.100837278294,0.06452253325392099,-0.07985554792604466,-0.0044663247633692765,24.36466262600762,73.01070485477605,-0.7527099609378638,5036.7750244140625,5043.47509765625,40.0,60.0,-20.0,5036.552514648438,5043.36775321521,5029.737276081666,0.771266025050797,0.2706310932706511,5036.402498372396,5039.697517903646,5033.107478841146,5044.85009765625,5031.0,4.05144111768286,181459.0,0.20573450714376715,203.57747934068937,1282601.2026879096,417.62445976928126,5035.475167180243,5014.406513671875,5020.415298945764,12.949145500375883,0.8576587574069835,0.9375143053330282
1379,5040.25,5040.25,5034.7998046875,5034.7998046875,5034.7998046875,291.0,5040.37599609375,5036.55882433237,46.8271386802071,0.5156065624062356,-58.9210304054054,-1.4145751953128638,-0.8044693923266095,-1.2256259798415627,0.4211565875149532,-4.898085931609813,5036.094564418635,-0.019857818793137184,-0.018796898344837998,-0.004180701514263683,24.50289331977243,4.179173713778423,-5.535009765624636,5036.7750244140625,5043.47509765625,36.0,56.00000000000001,-20.000000000000007,5036.535009765625,5043.366348230691,5029.703671300558,0.37299669845097033,0.27127135825803916,5036.455826822917,5039.963346354167,5032.948307291666,5044.85009765625,5031.0,4.151352131598371,181168.0,0.22278809153379747,-52.07742284190908,-2247869.0262102997,417.3097914818079,5035.131158479055,5014.574013671875,5020.55842835613,13.014504670871165,0.8803575750999524,0.8991544734447904
1380,5036.2001953125,5039.89990234375,5034.0498046875,5039.89990234375,5039.89990234375,505.0,5040.274990234375,5036.689846999483,53.83267002440923,0.924406782729798,-3.784839527027027,-0.7603228400730586,-0.4403419464451872,-1.0685691731622877,0.6282272267171005,-2.78457085035468,5036.379967135842,0.1769012590687736,0.09090982462087283,-0.0037534133156577098,24.727906829122915,35.59554528970938,-1.6875,5036.7750244140625,5043.47509765625,32.0,52.0,-20.0,5036.6875,5043.674546334087,5029.700453665913,0.7298827136781757,0.2774460926585856,5036.543318684896,5040.230843098959,5032.855794270834,5044.85009765625,5031.0,4.272691097644915,181673.0,0.24792115513175567,323.29782562211363,-637195.9129182419,417.82134098056025,5035.230195953393,5014.771513671875,5020.750880833619,13.26652033746792,0.9239808559921875,0.8330710313713147
1381,5037.5498046875,5038.89990234375,5030.0,5030.5498046875,5030.5498046875,324.0,5040.105986328125,5036.449061026464,42.72027995392147,0.27595525408216715,-94.6360518292683,-0.3872400620402914,-0.8959155047696186,-1.0340384394837538,0.13812293471413528,-5.022448390276571,5036.283692152018,-0.08838520978152929,0.011884291404566483,-0.0036046935674844986,25.019717137047145,-78.62142082286864,-5.214990234375364,5036.2750244140625,5042.97509765625,28.000000000000004,100.0,-72.0,5036.214990234375,5043.513310867238,5028.916669601513,0.11188430655085717,0.289833561395401,5036.269978841146,5040.195003255209,5032.344954427083,5044.85009765625,5030.0,4.674634758080992,181349.0,0.155493899520355,-155.66352669890256,-6935612.434222374,417.22025133605837,5035.039484944769,5014.905512695313,5020.8483825635085,14.413431903439903,0.8588540873110884,0.8469697959065219
1382,5030.7998046875,5034.60009765625,5030.25,5034.60009765625,5034.60009765625,350.0,5039.995986328125,5036.376552659005,47.75168013534184,0.5108477407607296,-55.12099847560975,-0.8733901079958741,-0.9195361982028771,-1.0111379912275784,0.09160179302470128,-4.938226309995743,5036.275110152476,0.07155829171635858,0.020196044058783946,-0.003484953876234454,25.292289299507093,-73.21239487440357,-1.9447998046871362,5036.2750244140625,5042.97509765625,24.0,96.0,-72.0,5035.894995117187,5042.880566566706,5028.909423667668,0.40731628254791313,0.2774311798118131,5035.908317057292,5039.958341471354,5031.85829264323,5044.85009765625,5030.0,4.651453536521635,181699.0,0.16823996889269338,69.08876840986923,-2516720.8399091447,417.50205006464694,5035.132411519782,5015.061262207031,5020.9852155495055,15.478421214699603,0.9110059309901539,0.89080988693137
1383,5035.39990234375,5039.89990234375,5035.39990234375,5039.4501953125,5039.4501953125,364.0,5039.96298828125,5036.497087665025,53.067941303117884,0.8633849365154002,-7.8029725609756095,-0.8641644646140776,-0.5406610173658919,-0.9170425964552412,0.3763815790893493,-2.897949271403787,5036.355226372346,0.10925813300897325,0.09831625707530267,-0.003194939893711929,25.47102790842963,75.92267143803564,-0.6775146484378638,5036.2750244140625,5042.97509765625,20.0,92.0,-72.0,5035.677514648438,5041.893598968679,5029.461430328197,0.803461187919978,0.24688174737793644,5035.68915201823,5039.774161783855,5031.604142252605,5044.85009765625,5030.0,4.697764333020089,182063.0,0.11767579877043177,311.4240224763165,6459296.92865728,417.8527105962941,5035.468160455071,5015.238513183594,5021.168946691426,14.725254845256334,0.9765350720068783,0.8782188149315756
1384,5039.5498046875,5039.89990234375,5039.5498046875,5039.85009765625,5039.85009765625,249.0,5039.909990234375,5036.628578252916,53.488169854981216,0.867831161861238,-3.9014862804878048,-0.3131405101103155,-0.20575906743761152,-0.7747858906517153,0.5690268232141038,-1.216593462827757,5036.441940411997,0.09632765950844091,0.17707103408874492,-0.002781554314472575,25.55267024991808,135.19062248207928,-2.139819335937318,5036.2750244140625,5042.97509765625,16.0,88.0,-72.0,5035.590014648437,5041.51249480213,5029.667534494744,0.859653633043946,0.23522487479975832,5035.543310546875,5039.483325195312,5031.603295898438,5042.5498046875,5030.0,4.39433166860794,182312.0,0.19577490996114918,281.1599740645213,291741.1815689271,417.8724698318723,5035.901463220455,5015.417763671875,5021.354828790579,14.025886073630444,1.0538411731098838,0.8767701390211389
1385,5039.0,5039.0,5033.0,5037.89990234375,5037.89990234375,1069.0,5039.70798828125,5036.678434099615,51.085878598609035,0.6742200429417008,-22.927782012195124,-0.36031996783094655,-0.09659780319361744,-0.6391482731600958,0.5425504699664784,-0.6531077685588504,5036.457973940975,0.08840272295519835,0.06721512340276559,-0.002373445672490805,25.73702566331927,42.76065082877629,-1.634814453124818,5036.2750244140625,5042.97509765625,12.0,84.0,-72.0,5035.585009765625,5041.499498866935,5029.670520664315,0.6956967489898979,0.2349077253125548,5035.399145507812,5039.411669921875,5031.38662109375,5040.25,5030.0,4.569743524868087,181243.0,0.3319892389634868,-56.82842066791031,-2090656.7908091675,417.4588149118516,5036.227016268651,5015.601762695313,5021.519456388123,14.821400615016165,0.9574435497987047,0.8902284263959391
1386,5039.60009765625,5040.0,5032.60009765625,5032.60009765625,5032.60009765625,29.0,5039.359990234375,5036.51849933713,45.15112203326936,0.1959121541365361,-74.63319359756098,0.12219812729745172,-0.4327482088065153,-0.5978682602893798,0.16512005148286446,-2.1685400325914412,5036.43105487685,-0.026819845327575555,0.08594297287362063,-0.0021872530179036704,25.94009241529838,-9.77467811773153,-0.0652099609378638,5036.2750244140625,5042.97509765625,8.0,80.0,-72.0,5035.365014648438,5041.379089017004,5029.350940279872,0.27012946442437324,0.2388734223267016,5035.344986979167,5039.570011393229,5031.119962565104,5040.25,5030.0,4.771897726216794,181214.0,0.26286409611099704,-70.66640856356598,7656317.33269527,417.42830729182805,5036.36259314408,5015.756762695312,5021.62971152512,15.257875426015497,0.9673456931410697,0.881402720267449
1387,5031.75,5034.39990234375,5030.2998046875,5034.2001953125,5034.2001953125,277.0,5039.043994140625,5036.427585453812,47.14748279983112,0.3568075662793528,-59.02248475609756,0.351278147978519,-0.5635391898131275,-0.5910024461941293,0.027463256381001888,-2.736079561353736,5036.388535420685,-0.021838011988409175,-0.05934580107888443,-0.0020914288671300065,26.135407158361563,-75.7570265309623,-1.3348388671875,5036.2750244140625,5042.97509765625,4.0,76.0,-72.0,5035.2850341796875,5041.316373612233,5029.253694747142,0.41006650518344345,0.23956297971633594,5035.211653645833,5039.486678059896,5030.936629231771,5040.25,5030.0,4.723912006933452,181491.0,0.2956527722448357,2.746942771407724,-5846998.7518090205,417.51637847614245,5036.350453535846,5015.900014648438,5021.7547909657915,16.099574486775733,0.9333423955814386,0.992688196660323
1388,5035.2998046875,5035.2998046875,5029.2998046875,5032.9501953125,5032.9501953125,543.0,5038.762998046875,5036.291217212976,45.74667353408291,0.24391024435181222,-66.66369392669223,-0.5591739430146845,-0.7593037568140062,-0.6246627083181047,-0.13464104849590153,-3.6262647184722456,5036.281592325522,-0.01986511509254059,-0.0940659704956075,-0.002104649719312104,26.29141637857915,-94.60562810034993,3.617456054687864,5035.8624267578125,5042.625,4.0,72.0,-68.0,5035.382543945312,5041.1926225726575,5029.572465317967,0.29067850980843785,0.23077009846378102,5035.262483723958,5039.76250813802,5030.762459309895,5040.25,5029.2998046875,4.815061149295348,180948.0,0.3455889918389858,-94.60976333879337,-55302.57251381216,417.3815507033749,5036.018426272183,5016.022016601562,5021.866188023968,17.063092274375187,0.8868514835073761,0.9809174540029836
1389,5030.89990234375,5032.2998046875,5027.2001953125,5028.60009765625,5028.60009765625,779.0,5038.515,5035.98960468134,41.1631185847683,0.0,-89.27261842400658,-2.415903607537075,-1.2510438573071951,-0.7499389381159228,-0.5011049191912723,-5.853984018209123,5036.079398928378,-0.2063882187686049,-0.15973127969850887,-0.002354923893661364,26.41018960940285,-177.79066917460483,5.187451171875182,5034.8126220703125,5040.10009765625,56.00000000000001,100.0,-43.99999999999999,5035.062548828125,5041.5831679486255,5028.541929707624,0.004460308718459894,0.25900846542684147,5035.030818684895,5039.635823567708,5030.425813802083,5040.25,5027.2001953125,4.881842495774251,180169.0,0.23215614256731965,-565.1978077502157,-1669192.2835422268,416.70824261513377,5035.136383093903,5016.125766601563,5021.933192099911,18.325764138951456,0.8530231033917746,1.0127543830902834
1390,5030.0,5033.64990234375,5029.39990234375,5031.4501953125,5031.4501953125,241.0,5038.2530078125,5035.81158862766,45.04795051424442,0.27818389233981705,-67.432462770336,-3.219011374081674,-1.3946951901598368,-0.8788901885247056,-0.5158050016351312,-6.505058929346793,5035.8828716064145,-0.17459063910520312,-0.08652252795116477,-0.0026381603586767746,26.409197099535998,-106.99228393727678,-0.2852539062496362,5034.237548828125,5040.10009765625,52.0,96.0,-44.0,5035.08505859375,5041.552315040237,5028.617802147262,0.2189794999374148,0.25688767404034557,5034.980818684895,5039.573323567708,5030.388313802083,5040.25,5027.2001953125,4.893839795183233,180410.0,0.2731811375210063,-386.3304730492921,3130014.5066130706,416.84483600530535,5035.023398791115,5016.237268066407,5022.027888649291,19.034132333974984,0.9121413179457286,0.9986638458968934
1391,5031.5,5031.64990234375,5027.7001953125,5028.0498046875,5028.0498046875,259.0,5037.902001953125,5035.507204943732,41.52515373458015,0.025924505607137337,-93.4894858938861,-4.386662741268992,-1.762604800626832,-1.055633110945131,-0.7069716896817011,-8.165371988996663,5035.779830380459,-0.13406689961566326,-0.20353799925543792,-0.0030580232002396144,26.389456663477084,-157.03101557597589,5.10986328125,5033.66259765625,5040.10009765625,48.0,100.0,-52.0,5034.7900390625,5041.939768877047,5027.640309247953,0.028637126868324814,0.28401302771617287,5034.75498046875,5039.394970703125,5030.114990234375,5040.25,5027.2001953125,4.826401740616573,180151.0,0.23293671013742187,-456.9548585958218,-2820995.921794052,416.6697967745294,5034.650902320506,5016.352517089844,5022.087808211861,20.006445119551376,0.8611325320427591,1.064670531298197
1392,5029.7998046875,5030.7001953125,5026.0,5026.0,5026.0,653.0,5037.52400390625,5035.134373377311,39.51890044844119,0.0,-100.0,-5.01970789292227,-2.1942835895897588,-1.2833632066740566,-0.9109203829157022,-10.154286046747183,5035.171222631042,-0.27579719068003716,-0.2829575303633195,-0.0036249149156362946,26.386017932546842,-170.41093903013137,-3.790234375000182,5033.0625,5039.5,44.0,100.0,-56.0,5034.3400390625,5042.4488476708,5026.2312304542,-0.014257979523864659,0.32213988508452257,5034.449153645833,5039.126643880208,5029.771663411458,5040.25,5026.0,4.817386995751103,179498.0,0.10080007814006171,-582.8930875017759,-953679.8296076963,416.4035857159815,5033.53599136758,5016.4645166015625,5022.126735493335,21.207627272072138,0.8095823255572027,1.0925398559205222
1393,5026.0,5027.14990234375,5023.35009765625,5025.2001953125,5025.2001953125,811.0,5037.21900390625,5034.744797766927,38.7325666633027,0.0,-88.88823719170651,-6.120845301011286,-2.571289469522526,-1.5409484592437503,-1.0303410102787756,-12.003305615426784,5033.388917276113,-0.10634243934957563,-0.34104930064351435,-0.004289921730745651,26.441476558817993,-185.52358240484793,0.6725585937501819,5031.737548828125,5038.175048828125,40.0,100.0,-60.0,5033.9275390625,5042.9619807398285,5024.893097385171,0.01699595494094061,0.3589420629209624,5034.0158203125,5038.57080078125,5029.46083984375,5040.25,5023.35009765625,4.744702545161738,178687.0,0.10207348496183717,-592.2857323675937,-1452498.8416678808,416.2745284932273,5032.353620146799,5016.581767578125,5022.157317183079,22.748410211963556,0.8019066106472371,1.1429559112907515
1394,5027.0,5028.64990234375,5022.25,5028.64990234375,5028.64990234375,850.0,5036.732998046875,5034.505782260136,43.91607099924646,0.3512905754247321,-63.94421214788732,-6.6742359834561285,-2.562171698094062,-1.745193107013813,-0.816978591080249,-12.070106685821761,5032.92077178753,-0.11818605643117487,-0.31824480369515007,-0.0048499721474736515,26.548074588039547,-135.3742258737159,5.787670898437682,5031.1875,5037.625,36.0,96.0,-60.0,5033.662524414062,5042.985120220564,5024.339928607561,0.23115738500554514,0.370410044824629,5033.596647135417,5038.3091227213545,5028.88417154948,5040.25,5022.25,4.862931102203757,179537.0,0.21784111692259042,-88.7804882347233,150549.17335510254,416.85803777894654,5031.20805205805,5016.705517578125,5022.221920020499,23.624919209545084,0.7986473111184428,1.1168921148135929
1395,5029.35009765625,5032.2998046875,5027.10009765625,5030.25,5030.25,402.0,5036.297998046875,5034.33888883817,46.19014483220753,0.5054065274071996,-54.929577464788736,-6.7973115808817965,-2.3981864892330123,-1.875791783457653,-0.5223947057753593,-11.460625170375522,5032.7702953862345,-0.18256347331416556,-0.14430258448183542,-0.005244143901457339,26.56606371980302,-64.47120658422948,6.4400634765625,5030.012451171875,5037.625,32.0,92.0,-60.0,5033.4100341796875,5042.814751854033,5024.005316505342,0.33199739273898415,0.37369169650323997,5033.3208170572925,5038.248282877605,5028.3933512369795,5040.25,5022.25,4.88698652570706,179939.0,0.2300088431615245,15.793761200594304,5497202.707167288,416.9859526806208,5031.03910070467,5016.841518554687,5022.3018014133295,23.236640797527908,0.9278487077590823,1.0721512922409178
1396,5030.39990234375,5032.10009765625,5027.10009765625,5027.10009765625,5027.10009765625,329.0,5035.9,5034.0550146741725,42.53388953369164,0.2576189411580758,-72.67550616197182,-6.50421788832773,-2.493652549721446,-1.9993639367104117,-0.49428861301103444,-12.008852606662538,5032.544183740351,-0.252983714851545,-0.08792014240340651,-0.00562218841704982,26.594875562496384,-77.09013185929312,4.832373046874636,5030.012451171875,5037.625,28.000000000000004,88.0,-60.0,5033.067529296875,5042.859576127403,5023.275482466348,0.19529191680224228,0.3891085018640851,5033.043318684895,5037.970784505208,5028.115852864583,5040.25,5022.25,4.895058916727984,179610.0,0.1992690839350031,-134.5079005557406,-151753.0632598784,416.7799355102826,5030.8222609950535,5016.944768066406,5022.3495456545525,22.876096557797673,0.9249450280967505,1.012865170500157
1397,5028.0,5031.85009765625,5025.35009765625,5029.75,5029.75,467.0,5035.542001953125,5033.886190569304,46.379253957387526,0.5182226165038925,-57.74647887323944,-6.058631089154915,-2.3286419822288735,-2.065219545814104,-0.2634224364147695,-11.336376583712044,5032.464003613668,-0.1617718196417216,-0.23893544158722968,-0.0058594547296290595,26.631006988643012,-65.99889741113202,-0.004931640624818101,5029.5999755859375,5036.97509765625,24.0,84.0,-60.0,5032.605029296875,5042.101919026133,5023.1081395676165,0.3496860878525866,0.3774144672181904,5032.612491861979,5037.654947916666,5027.570035807292,5040.25,5022.25,5.009697565533129,180077.0,0.18678289542832363,61.49385588525804,-1391862.9550321198,417.0261021611333,5030.310268208021,5017.074768066406,5022.423182016199,22.920101027400868,0.8404740826144544,1.0794095242016841
1398,5028.7998046875,5029.35009765625,5026.2001953125,5026.5,5026.5,221.0,5035.121005859375,5033.596536037175,42.61302880566704,0.3141232215851203,-76.05633802816901,-5.0991914636942965,-2.432082227273895,-2.1385920821060624,-0.2934901451678327,-11.882519158017104,5032.21215021616,-0.12121165079440543,-0.3070721153213821,-0.0061068414559445885,26.455287144439147,-86.73062239660037,2.282666015625182,5029.5999755859375,5035.875,20.0,80.0,-60.0,5031.917529296875,5041.086250617895,5022.748807975855,0.20456462208886034,0.3644225592982235,5032.018326822917,5037.065787760416,5026.970865885416,5040.25,5022.25,4.905419502816477,179856.0,0.12319184841780624,-49.898123526921665,-1175798.9274970007,416.88330182314434,5029.87609437004,5017.212268066406,5022.463747369271,22.960962320603834,0.798647919927398,1.1057200352487802
1399,5026.39990234375,5028.0,5025.0,5028.0,5028.0,414.0,5034.791005859375,5033.377064035717,44.839432076378785,0.7257191056921786,-67.6056338028169,-4.484037511489078,-2.3657509978665985,-2.18402386525817,-0.18172713260842865,-11.683475247261262,5032.1857650497805,-0.12316147693675739,-0.269890481838296,-0.006280294768166676,26.288154862210273,-84.94278372990895,1.3726562499996362,5029.262451171875,5034.89990234375,16.0,76.0,-60.0,5031.5775390625,5040.797679088419,5022.357399036582,0.3059932358704021,0.36649102411074647,5031.5375,5036.462451171875,5026.612548828125,5040.0,5022.25,4.769318109758157,180270.0,0.19870053960044745,45.94446554835285,-924019.191576087,417.00684703352925,5028.535192900274,5017.339267578125,5022.518834460124,23.266851902558496,0.8600817051263377,1.1299721869646338
1400,5028.7998046875,5028.9501953125,5021.7001953125,5024.2998046875,5024.2998046875,840.0,5034.436005859375,5033.021093080885,40.649877593443904,0.22784670685169703,-80.88467614533965,-5.053116383272027,-2.5819942362468282,-2.2636179394559015,-0.3183762967909267,-12.768136016912468,5031.757517342085,-0.17187514855713548,-0.3124556891638285,-0.006528057583038928,26.380843392234528,-112.49985079122462,-2.197436523437318,5028.987548828125,5034.625,12.0,100.0,-88.0,5030.797534179687,5039.703604527394,5021.89146383198,0.13520782800350425,0.35406196680341295,5030.889176432292,5035.884122721354,5025.894230143229,5040.0,5021.7001953125,4.946509673346861,179430.0,0.11326368611223715,-404.64246702998327,-1013968.3314732143,416.388675978935,5028.087419547751,5017.460766601563,5022.536555556914,24.209708472449186,0.8185028150413568,1.1309585042051853
1401,5024.9501953125,5025.89990234375,5021.14990234375,5021.14990234375,5021.14990234375,1556.0,5034.01900390625,5032.555556189233,37.44263869349134,0.0,-100.0,-5.914474666819842,-2.9732654021581766,-2.405547431996357,-0.5677179701618198,-14.679247753745978,5031.202500426199,-0.14815644847106488,-0.24894456649747587,-0.006924455035545448,26.36260706114294,-137.93039572501795,1.1226562499996362,5028.71240234375,5033.074951171875,8.0,100.0,-92.0,5030.3275390625,5040.178305196447,5020.476772928554,0.03416634838565002,0.3916550585404699,5030.368343098958,5035.155794270833,5025.580891927083,5040.0,5021.14990234375,4.932473268107799,177874.0,-0.018621955656548405,-1047.0146927221285,-549575.2957302377,415.4131673036162,5026.929899818191,5017.574516601562,5022.522758012505,25.18623783487177,0.8448495533777316,1.0937941198752075
1402,5021.60009765625,5023.0,5016.89990234375,5023.0,5023.0,874.0,5033.64900390625,5032.180828495538,40.41623662239495,0.3327431965116487,-63.58150652985075,-7.2974437040438715,-3.098347381194799,-2.5441074218360455,-0.5542399593587533,-15.388855896325742,5031.04969752766,-0.1679475098525777,-0.3478879826141975,-0.0073181590129909125,26.356056975158335,-152.21299255607528,-1.6977294921871362,5026.58740234375,5030.875,4.0,96.0,-92.0,5029.747534179687,5039.885560867582,5019.609507491792,0.16721659019975754,0.4031226863377137,5029.759171549479,5034.634122721354,5024.884220377604,5040.0,5016.89990234375,5.015875010117957,178748.0,0.028920389116234294,-666.4432578243245,-2495143.165304677,415.7352021727222,5025.981708319558,5017.721516113281,5022.527506688998,26.78618098593039,0.799293014043437,1.1471809966576345
1403,5023.35009765625,5026.2998046875,5022.14990234375,5026.2998046875,5026.2998046875,245.0,5033.38400390625,5031.9502001109095,45.40123381535791,0.8905603393288282,-43.881180037313435,-7.734703871782585,-2.8978049978913987,-2.6148469370471163,-0.2829580608442823,-14.490655723906231,5031.012489546688,-0.03480474673040286,-0.15922858811361496,-0.007550859022627722,26.346657259653696,-79.54113020743682,-3.090014648437318,5026.58740234375,5030.875,8.0,92.0,-84.0,5029.090014648437,5038.287802344792,5019.892226952083,0.34832168054698903,0.36578337908305103,5029.092496744792,5033.949943033854,5024.235050455729,5040.0,5016.89990234375,4.9540198196631025,178993.0,0.02506678184863423,-455.74391407263533,7240990.716583874,415.8961522321364,5025.626662620987,5017.865266113281,5022.565041992466,27.05391180997088,0.9099409691196026,1.0691695572332176
1404,5024.25,5030.0,5024.25,5027.39990234375,5027.39990234375,302.0,5033.232001953125,5031.771757061218,46.99342216603121,1.0,-31.81774945305812,-7.429556812959163,-2.6199044002414666,-2.6158584296859866,-0.004045970555480061,-13.282999997082287,5030.980347232773,0.027853210182053324,-0.12553373780152277,-0.007608271681561024,26.280213694577988,-27.588085969643924,-3.267309570312136,5026.5374755859375,5030.875,4.0,88.0,-84.0,5028.467504882812,5036.243406343577,5020.691603422048,0.43135184747073896,0.3092751997786157,5028.464998372396,5033.592439778646,5023.337556966146,5040.0,5016.89990234375,5.0108755468300235,179295.0,0.011572771205869819,-343.17628460690173,5521802.081177566,415.9622504564957,5025.512920322888,5018.007766113281,5022.613150055663,26.16094458937863,0.9208291830067635,1.0463629208082863
1405,5028.4501953125,5033.39990234375,5028.4501953125,5032.2998046875,5032.2998046875,375.0,5033.177998046875,5031.7924648112685,53.498065681998156,1.0,-6.6672585227272725,-6.233852251838471,-1.9814441507269294,-2.4889755738941752,0.5075314231672459,-10.168104815845247,5030.995665941631,0.14128013012541285,0.034650316048781105,-0.00734076731372415,26.142488593537323,76.99347679847963,0.46240234375,5026.7999267578125,5030.875,16.0,84.0,-68.0,5028.1875,5034.917604945416,5021.457395054584,0.8055156435785429,0.2676950668771328,5028.202498372395,5033.277425130208,5023.127571614583,5040.0,5016.89990234375,5.081527293485022,179670.0,-0.03243777247759994,-31.65633267645154,5015767.574310303,416.32774025531785,5025.6644629698685,5018.188764648437,5022.709534678866,24.44757209878055,0.9902952044504,0.9556448884016189
1406,5032.60009765625,5032.75,5022.85009765625,5022.85009765625,5022.85009765625,549.0,5032.895,5031.441783746366,42.63254393996772,0.3232492820148316,-63.93821022727273,-5.225150792739441,-2.2124682295170714,-2.4336741050187545,0.22120587550168302,-10.975230584148889,5030.840654252348,-0.11533522516246023,-0.014222497175069848,-0.007219438932075041,26.006905831994775,-43.38055843687248,2.550000000000182,5026.7999267578125,5030.875,12.0,80.0,-68.0,5027.7,5034.493162497464,5020.906837502535,0.14303059542885546,0.2702294288626782,5027.756665039063,5032.956591796875,5022.55673828125,5035.2998046875,5016.89990234375,5.425696939932521,179121.0,-0.07823119728069888,-768.2610223164227,-5635190.3140653465,415.29682211420794,5025.545994730001,5018.326264648437,5022.710933315457,23.98054006555729,0.9405281198906642,0.954750617065734
1407,5026.5498046875,5028.5,5026.10009765625,5027.9501953125,5027.9501953125,624.0,5032.7730078125,5031.304858709744,48.6896142669186,0.7005092783566793,-33.02852746212121,-3.5543974034926578,-1.9614112904127978,-2.3392215420975635,0.3778102516847657,-9.5019493806742,5030.815346567416,-0.04571949083047562,0.05176942046855737,-0.006989241384036352,25.831144377747297,0.9978585283268284,-0.2874023437498181,5026.7999267578125,5030.875,8.0,76.0,-68.0,5027.3875,5033.496382339325,5021.278617660675,0.5460555042022942,0.24302412890690192,5027.4841715494795,5032.599088541667,5022.369254557292,5035.2998046875,5016.89990234375,5.441711611633769,179745.0,-0.06806529686992535,-203.87217091407666,-192299.86728766025,415.9304187526952,5025.730298385469,5018.476765136718,5022.763065275626,23.54686746327855,0.9753760789149198,0.9236066584463625
1408,5028.5,5028.5,5024.7998046875,5028.0,5028.0,303.0,5032.6130078125,5031.1752564074,48.7465253365913,0.7040539408383084,-32.726680871212125,-2.812767118566626,-1.7383889694283425,-2.2190550275637193,0.4806660581353768,-8.361443479045336,5030.792030636581,0.01790102298081463,0.03137147270394658,-0.006680403150821788,25.665920553978435,-3.9131029980411958,2.610009765625364,5026.7999267578125,5030.875,4.0,72.0,-68.0,5027.139990234375,5032.7041356783275,5021.575844790422,0.5772813879766595,0.2213642530250457,5027.213338216146,5032.213264973959,5022.213411458333,5033.64990234375,5016.89990234375,5.317317590267072,180048.0,-0.0602181672190578,-172.5917435959943,-793950.1564101418,415.9334201388916,5025.696521843963,5018.630764160156,5022.8151740788535,23.387609580750826,0.9718901392089155,0.940518666504969
1409,5027.9501953125,5028.5,5022.7001953125,5022.7001953125,5022.7001953125,646.0,5032.364013671875,5030.842901070345,43.2492849399742,0.36166252387055897,-64.84670928030303,-2.8280460133273664,-1.966622123563866,-2.1685684467637487,0.20194632319988282,-9.217992426973616,5030.613058166599,-0.14016212908196232,-0.10635212159594676,-0.006524822884048767,25.726996407322257,-79.3766840398206,-0.3449951171878638,5026.7999267578125,5030.875,4.0,68.0,-64.0,5026.844995117188,5032.68687829796,5021.003111936416,0.14525139613113247,0.23242742461510654,5026.976676432292,5032.01161295573,5021.941739908854,5033.64990234375,5016.89990234375,5.351780954355138,179402.0,-0.08783409786229662,-637.0320413858523,-942517.3602975189,415.2524985342526,5025.390541108511,5018.7650146484375,5022.8140300115265,23.618153799672363,0.8819696010132996,0.9883217226092463
1410,5025.5,5026.75,5017.7001953125,5017.7001953125,5017.7001953125,2758.0,5031.981015625,5030.327500844547,38.80333158050538,0.08474971659041415,-95.14973958333333,-4.207009708180522,-2.521886023544539,-2.239231962119907,-0.282654061424632,-11.459913959231324,5030.257682870538,-0.17506823211976524,-0.1817634812327762,-0.006659997358742621,25.819504735008902,-180.1804157138544,1.8425048828121362,5026.7999267578125,5030.875,8.0,100.0,-92.0,5026.157495117188,5032.84486179052,5019.470128443856,-0.13233408737809402,0.2661025516939501,5026.4375162760425,5031.7124430338545,5021.16258951823,5033.39990234375,5016.89990234375,5.615925506722627,176644.0,-0.275432326043822,-2516.027464045016,-1107436.2153847897,412.5069633711405,5024.014389738984,5018.872016601563,5022.763146084174,24.60410042242873,0.8262452314764672,1.0080087127092434
1411,5017.60009765625,5017.60009765625,5013.4501953125,5014.0,5014.0,404.0,5031.461015625,5029.687206693781,35.86502919761817,0.0,-97.24404630785422,-6.033320886948786,-3.2233546763945924,-2.4360565049748444,-0.787298171419748,-14.295664605317507,5029.772077464659,-0.27844073190135243,-0.3288960677286399,-0.007114871475239786,25.733645442233193,-268.00726274951506,-1.155200195312318,5025.0750732421875,5029.150146484375,4.0,100.0,-96.0,5025.455004882812,5033.916191165417,5016.993818600207,-0.17691482613745116,0.33673314254665454,5025.731689453125,5031.016625976563,5020.446752929687,5033.39990234375,5013.4501953125,5.518359399099582,176240.0,-0.2786522036105091,-2370.1490986457284,-6882213.6314788675,412.2090422423241,5023.4253710731455,5018.956015625,5022.675950600749,26.050568588002413,0.7908729716683376,1.1197690393969775
1412,5013.4501953125,5018.25,5012.0498046875,5013.0,5013.0,561.0,5030.901015625,5029.032806431281,35.091652073343724,0.0,-95.5494568324757,-7.769962086396845,-3.8159770719157677,-2.7120406183630292,-1.1039364535527385,-16.780267671149847,5028.965371279678,-0.22490307359759204,-0.30717784137856696,-0.007789413222977159,25.716641396784365,-220.32560104976227,-3.655102539062682,5023.1998291015625,5028.449951171875,4.0,100.0,-96.0,5024.805004882813,5034.8482961112695,5014.761713654356,-0.08770599270108657,0.399748496456971,5025.075016276041,5030.434952799479,5019.715079752604,5033.39990234375,5012.0498046875,5.56706196434247,175679.0,-0.2610398112803382,-2111.6992274106246,-414721.38355547516,412.0971555251322,5022.859689868444,5019.034765625,5022.579672485319,27.55302955465655,0.774976948040284,1.082154789418851
1413,5012.9501953125,5012.9501953125,5009.2998046875,5011.35009765625,5011.35009765625,1206.0,5030.252021484375,5028.339366871475,33.796746930307165,0.0,-91.49259476872581,-10.098474839154733,-4.368411590736287,-3.043314812837681,-1.3250967778986058,-19.204940333570462,5027.313973745643,-0.1951705262359463,-0.37142619680851063,-0.00863110129386911,25.603673597083088,-213.29838308316278,-1.112500000000182,5021.8248291015625,5027.074951171875,68.0,100.0,-32.0,5024.1125,5035.736832980807,5012.4881670191935,-0.04895202868081122,0.46274174715660465,5024.373347981771,5029.725813802083,5019.020882161459,5033.39990234375,5009.2998046875,5.433714346353722,174473.0,-0.24142871669574445,-2094.28251300375,-1218280.7447898448,411.70023108336835,5021.45653811909,5019.1090161132815,5022.4679354223435,29.245984516840657,0.7574444338905775,1.128870630699088
1414,5010.25,5012.4501953125,5009.0,5012.4501953125,5012.4501953125,332.0,5029.6690234375,5027.716262104457,35.50563491422999,0.08673977643126783,-85.85979868323628,-12.301423196231553,-4.6636911119258,-3.3673900726553048,-1.2963010392704954,-20.687205347293503,5025.920523517411,-0.21002995595261797,-0.3696612849015971,-0.009489159945074349,25.457727070732044,-167.78673503466393,2.997290039062136,5021.0999755859375,5026.925048828125,64.0,96.0,-32.0,5023.302514648438,5035.775889423883,5010.8291398729925,0.06498062748417642,0.49662048977029605,5023.612524414062,5028.8175048828125,5018.407543945313,5033.39990234375,5009.0,5.292034415364171,174805.0,-0.28938964116236104,-1742.9232365925002,-415584.6963445824,411.7731121263523,5020.866459861629,5019.190766601562,5022.3682564162755,30.84992885669626,0.7839368628085593,1.1535981477101565
1415,5012.5498046875,5013.75,5009.89990234375,5012.35009765625,5012.35009765625,184.0,5029.156025390625,5027.1136674202135,35.41605476139377,0.08219286492928876,-86.27003662124032,-13.716011316635559,-4.8498729872953845,-3.663886655583321,-1.1859863317120634,-21.917012887373076,5023.356066305977,-0.27753432093805025,-0.29915692311566977,-0.01030679324110473,25.334539173202923,-133.82503470419996,4.992382812500182,5020.0374755859375,5026.925048828125,60.0,92.0,-32.0,5022.40751953125,5035.3194748557435,5009.495564206756,0.11053838778697028,0.5141739404570955,5022.718359375,5027.855859375,5017.580859375,5033.39990234375,5009.0,5.189038932570301,174621.0,-0.2968152058369784,-1496.565341186429,2301382.305829421,411.769437682112,5020.381985677778,5019.267268066406,5022.268573244534,31.894603206402568,0.8001297041360508,1.0992866272517205
1416,5008.89990234375,5009.0498046875,5002.2998046875,5004.0,5004.0,980.0,5028.496025390625,5026.207249090009,28.872039439013022,0.0,-94.53315120970908,-14.899307789522027,-5.606577426475269,-4.052424809761711,-1.5541526167135578,-25.176757586707367,5019.833907728569,-0.465447404190804,-0.3269907077339692,-0.011366521557278091,25.33090896521203,-177.88119477044,11.047290039062318,5016.6248779296875,5022.4248046875,56.00000000000001,100.0,-43.99999999999999,5021.252514648438,5036.244036997796,5006.26099229908,-0.07540902939641753,0.597122821671426,5021.535847981771,5026.760847981771,5016.310847981771,5033.39990234375,5002.2998046875,5.5362713637259935,173641.0,-0.2942205203668198,-2451.7839643205107,-4236070.28260523,410.1368510623244,5018.748114839377,5019.301767578125,5022.08679639633,33.664440201751454,0.7490788614427876,1.0760695691767568
1417,5005.0,5005.7001953125,5003.0,5005.35009765625,5005.35009765625,268.0,5027.88703125,5025.389321582803,31.08916333068011,0.09003173592810762,-90.19201482109494,-16.079862706801578,-6.027844311642184,-4.447508710137806,-1.5803356015043777,-27.15886287389626,5015.330927745921,-0.5355346079767905,-0.47281388766896015,-0.012468496274322647,25.252132007453806,-152.1983552978306,2.817578125000182,5016.6248779296875,5021.27490234375,52.0,96.0,-44.0,5020.03251953125,5035.9989878879705,5004.066051174529,0.04021072328059374,0.6361101564422379,5020.320849609375,5025.355859375,5015.28583984375,5033.39990234375,5002.2998046875,5.333694502924137,173909.0,-0.2960734631769078,-2049.8396591497235,-1334689.4463496422,410.2091584507886,5018.191794717894,5019.348269042969,5021.920262080509,35.30786026886113,0.6876982384228761,1.1605121260918363
1418,5005.35009765625,5007.0,4995.60009765625,4997.35009765625,4997.35009765625,2796.0,5027.214033203125,5024.289744173919,25.93116575410599,0.0,-95.37034644896272,-16.914711626838653,-6.927379970259608,-4.943482962162166,-1.9838970080974416,-30.71590144425876,5009.205514473303,-0.5076798929734883,-0.5805030909039113,-0.013838083791911765,25.42855804502323,-162.36534422769085,9.375170898437318,5012.8375244140625,5017.925048828125,48.0,100.0,-52.0,5018.575024414063,5037.040227782022,5000.109821046103,-0.07472767385388873,0.7358743578856971,5018.9525146484375,5024.4000244140625,5013.5050048828125,5033.39990234375,4995.60009765625,5.766995062983128,171113.0,-0.35750600696849816,-4952.433993556906,-1243571.4872780447,405.74034017362675,5013.716892540538,5019.339018554688,5021.675782832507,37.41646366737687,0.5974361165712332,1.1779392074751445
1419,4996.7001953125,4998.0,4996.0498046875,4997.0498046875,4997.0498046875,351.0,5026.455029296875,5023.221511252883,25.758410597013565,0.0,-96.097682793791,-18.508424287683738,-7.577154868730759,-5.470217343475885,-2.1069375252548737,-33.55536521302333,5005.255004219034,-0.6145723291731903,-0.8070936066642347,-0.015313103413064987,25.383538034925284,-157.7137806079152,10.972485351562682,5010.7125244140625,5017.925048828125,44.0,100.0,-56.0,5017.027514648437,5037.184041467748,4996.8709878291265,0.004435706110889898,0.8035246671643271,5017.454174804688,5022.849194335938,5012.059155273438,5033.39990234375,4995.60009765625,5.49436650937719,170762.0,-0.383973688813251,-4260.000970481812,-2375319.2689683703,405.7192484290078,5012.673515339809,5019.346267089843,5021.430748224099,39.374452537427196,0.5443993278356187,1.3514929344998534
1420,4998.0,5004.4501953125,4997.2001953125,5002.5,5002.5,536.0,5025.885029296875,5022.4089029684565,34.311968727896144,0.372086107442132,-79.0275901987266,-19.66499741498137,-7.5651150079183935,-5.8891968763643865,-1.675918131554007,-33.296413707297475,5004.898434298687,-0.5071599045346062,-0.6575921333481389,-0.016554031571910547,25.400382466190695,-109.5813319511191,6.762670898437136,5010.7125244140625,5017.925048828125,40.0,96.0,-56.0,5015.937524414063,5036.750158905236,4995.124889922889,0.17717867673691945,0.8298601962194353,5016.274178059896,5021.669197591146,5010.879158528646,5033.39990234375,4995.60009765625,5.630511089064533,171298.0,-0.3607232255054682,-3234.1001621986966,5140321.646163712,406.30385430681184,5011.547890301359,5019.379016113281,5021.242382570129,39.31033858651939,0.6133977372271779,1.2709898705753169
1421,5001.0,5006.89990234375,5000.0,5006.89990234375,5006.89990234375,422.0,5025.3440234375,5021.800706865527,40.292554159400645,0.6322459987275171,-65.65398714733077,-19.259970990348847,-7.1184805709372085,-6.1350536152789505,-0.983426955658258,-31.118456736177002,5004.977998702704,-0.3145776644900253,-0.5696396254144853,-0.017381691909390765,25.450565681928058,-77.77865954201823,2.475170898437682,5009.5875244140625,5017.925048828125,36.0,92.0,-56.0,5015.225024414062,5036.2497021824365,4994.200346645688,0.3020154657771936,0.838434074883033,5015.367513020834,5020.870027669271,5009.864998372396,5033.39990234375,4995.60009765625,5.721181892970638,171720.0,-0.25410866568780044,-2506.8345977328117,4291601.683856186,406.675020481537,5010.4500257767495,5019.4332666015625,5021.099671324095,38.64373246244427,0.6542310915693967,1.223870716983882
1422,5005.0,5009.89990234375,5005.0,5008.9501953125,5008.9501953125,892.0,5024.82302734375,5021.296765235997,42.90135441101143,0.9801078824225389,-59.422075127265174,-17.909122242646845,-6.52387488552813,-6.212817869328787,-0.3110570161993431,-28.52013359751902,5005.054717616909,-0.17438267850626443,-0.44729204937798805,-0.017783358675584286,25.41287635639888,-48.927291526066185,-0.5225341796876819,5009.5875244140625,5017.925048828125,32.0,88.0,-56.0,5014.522534179688,5035.399501203775,4993.6455671556005,0.36654338101989414,0.8326602136808392,5014.716682942708,5020.15918782552,5009.274178059895,5033.39990234375,4995.60009765625,5.662519068026307,172612.0,-0.276044584093895,-1887.4494654674102,2197265.625,407.0402886841764,5009.860295197997,5019.498017578125,5020.978781015522,37.3295231986467,0.7365230763707299,1.183815125748718
1423,5006.25,5013.60009765625,5006.2001953125,5007.7998046875,5007.7998046875,1282.0,5024.31001953125,5020.767472665468,41.7978344069796,0.9356283252161878,-60.83548867466102,-15.605283490349393,-6.075438630458848,-6.185342021554799,0.10990339109595126,-26.74366053272152,5005.1016836345325,-0.12365766478859194,-0.3545564449869716,-0.017892377118735415,25.501204691829926,-35.521014887539685,-0.5975341796875,5009.5875244140625,5017.925048828125,28.000000000000004,84.0,-56.0,5013.5975341796875,5033.937727157313,4993.257341202062,0.3574809614991097,0.8114011082444627,5013.930859375,5019.535864257812,5008.325854492187,5033.39990234375,4995.60009765625,5.786617873435142,171330.0,-0.3195733026199432,-1828.4996534363518,1414290.642403589,406.7458555746936,5009.059345193213,5019.575266113281,5020.847646922706,35.33217929069345,0.7812507335852954,1.135807178572267
1424,5005.2998046875,5009.89990234375,5005.0,5007.9501953125,5007.9501953125,644.0,5023.79001953125,5020.2648343379005,42.007843731363124,0.9478788072023707,-45.4739474421713,-12.812186925551941,-5.642866943377157,-6.076847005919271,0.43398006254211374,-25.249287304797146,5005.16670347998,-0.10073418486933972,-0.3497717684700766,-0.0177598746235297,25.601377916127714,-42.66812378131852,-1.274951171874818,5009.550048828125,5017.925048828125,24.0,80.0,-56.0,5012.625048828125,5032.072875267087,4993.177222389163,0.37981038574420806,0.7759537667198303,5012.950862630209,5018.513362630209,5007.388362630209,5033.39990234375,4995.60009765625,5.723281049886203,171974.0,-0.30642164015207934,-1553.4494797311588,-1864241.8873236047,406.7651957173266,5006.012714529561,5019.630017089844,5020.719314070863,33.67581366563655,0.8178347961975824,1.167606564667659
1425,5007.35009765625,5009.9501953125,5006.35009765625,5008.9501953125,5008.9501953125,745.0,5023.26302734375,5019.821123003571,43.468519130473055,1.0,-41.05891736909048,-10.714111328125,-5.159879246165474,-5.893453453968512,0.7335742078030378,-23.593596744792453,5005.228781484426,-0.04788933714434372,-0.16644868776702404,-0.01739767666910682,25.527218949189326,-30.8576924834212,0.9926269531251819,5009.550048828125,5017.925048828125,20.0,76.0,-56.0,5011.457568359375,5028.721623985659,4994.193512733091,0.427381691152066,0.6889834101473149,5011.8025390625,5017.29755859375,5006.30751953125,5032.75,4995.60009765625,5.571625093197903,172719.0,-0.29209235095029595,-1225.0995540552792,338358.59106691094,406.91395917761366,5005.847827439833,5019.696018066406,5020.602208411577,32.12670200713108,0.8864765890661784,1.0529252768332025
1426,5004.75,5004.75,4997.7998046875,4997.7998046875,4997.7998046875,2638.0,5022.54001953125,5018.957541893138,33.37432390639694,0.4300319952864615,-87.88033682171586,-10.352791819853337,-5.612157889419905,-5.837194341058791,0.22503645163888653,-25.199240765345603,5005.011092687366,-0.29228002382349105,-0.2741353453931952,-0.017296917657950082,25.52326136228439,-99.73987651110328,2.145043945312864,5009.550048828125,5017.925048828125,16.0,72.0,-56.0,5010.205053710937,5027.61543572388,4992.794671697994,0.14373989570662624,0.6949967846145378,5010.500862630208,5015.848396809895,5005.15332845052,5028.5,4995.60009765625,5.970108345469481,170081.0,-0.37171862054241483,-5252.189684725954,-1811383.2296612952,401.04152497048636,5004.34620210901,5019.700017089844,5020.375318822282,31.95657820548876,0.7954412316055863,1.0695765769987815
1427,4997.7998046875,5000.75,4997.0,4998.4501953125,4998.4501953125,439.0,5021.7290234375,5018.153332223309,34.33221926309719,0.4841194874602395,-84.29689811950176,-11.29204676010977,-5.850668025707819,-5.839889077988596,-0.010778947719222387,-26.172415616084706,5004.784992573014,-0.2773130781556844,-0.23500345421121038,-0.017316773293210574,25.428530035597344,-107.51052971516198,-4.730053710937682,5009.6624755859375,5017.925048828125,12.0,68.0,-56.0,5008.730053710938,5024.825898856137,4992.634208565738,0.18066733042895117,0.6427116244076453,5009.061694335937,5014.476733398437,5003.646655273437,5028.5,4995.60009765625,5.811529177935947,170520.0,-0.3992554025672023,-4461.088089140104,-2050030.4758684512,401.0986544065448,5003.488440471298,5019.7097680664065,5020.157158389349,31.89856488872707,0.8195438099364191,1.0545472641476294
1428,4998.4501953125,5000.7998046875,4998.4501953125,5000.7998046875,5000.7998046875,249.0,5020.94001953125,5017.472801731709,37.81076509640445,0.6805353268513585,-71.35132226735897,-12.587518669577548,-5.7834274356127935,-5.828596749513436,0.04516931390064283,-25.925346001110448,5004.710177600465,-0.06395274405475619,-0.21020219279510188,-0.017291502303414003,25.29805930150565,-88.71950346569878,-2.019946289062318,5009.9000244140625,5017.925048828125,8.0,64.0,-56.0,5007.370043945312,5021.1537055998215,4993.586382290803,0.2616656799007054,0.5505349727917851,5007.70752766927,5013.055037434895,5002.360017903646,5028.5,4995.60009765625,5.564249192011951,170769.0,-0.3989102447893774,-3740.210828637946,707713.6671686748,401.215701233364,5003.210155513871,5019.7437670898435,5019.964547904754,31.832198993127186,0.8383940860980588,1.0485962788931606
1429,5001.0,5006.7001953125,5001.0,5005.25,5005.25,306.0,5020.3490234375,5016.993476173603,43.874922093546054,1.0,-46.389431423611114,-12.547199563418872,-5.30983672117145,-5.724844743845039,0.4150080226735886,-23.812636627270958,5004.735142331639,-0.0019998132857254203,-0.13573872220710737,-0.01703020036508829,25.198094373320433,-31.08564623601206,-9.147436523437136,5009.9000244140625,5017.925048828125,4.0,60.0,-56.0,5006.497534179687,5018.365155867262,4994.629912492112,0.4474395876221225,0.4740887858848886,5006.6916910807295,5012.0342203776045,5001.3491617838545,5026.75,4995.60009765625,5.58825929436824,171075.0,-0.36219203932278443,-3011.3578866003827,7870549.625820583,401.4880096277829,5003.10824930963,5019.795017089844,5019.818134492766,30.40994338031189,0.8595087727422707,0.995247494949378
1430,5004.2001953125,5009.5498046875,5001.10009765625,5006.5498046875,5006.5498046875,315.0,5019.682021484375,5016.58392042905,45.54514911641122,1.0,-39.168294270833336,-12.398263729319297,-4.7745907821226865,-5.534793951500569,0.7602031693778821,-21.585687053635166,5004.775770359946,0.1840917056334446,0.025378673889056125,-0.016538114369624973,25.231548593346883,-3.196208101048887,-8.890209960937682,5009.9000244140625,5017.925048828125,12.0,56.00000000000001,-44.00000000000001,5005.940014648438,5016.640377051571,4995.239652245305,0.5284938965657728,0.42750661701185366,5005.942513020834,5011.255037434896,5000.629988606771,5018.25,4995.60009765625,5.792648418431223,171390.0,-0.23585837669714532,-2522.6726918628283,3956215.911441379,401.56981143120186,5003.012208688577,5019.860766601562,5019.686111310624,28.52706559758312,0.9691809314758103,0.9438022575867542
1431,5006.5498046875,5009.10009765625,5005.2001953125,5009.10009765625,5009.10009765625,162.0,5019.25302734375,5016.290437183058,48.766717741178894,1.0,-25.0,-10.592333984374818,-4.097385085565293,-5.247312178313513,1.1499270927482206,-18.734613640178598,5004.831917609764,0.24114814620110814,0.10005816320595584,-0.015780908783955928,25.060789030536277,37.12862420620356,-3.195019531250182,5009.737548828125,5017.800048828125,8.0,52.0,-44.0,5005.69501953125,5015.856821402886,4995.533217659614,0.6675430286878604,0.40600962831282744,5005.581681315104,5010.881705729166,5000.281656901041,5018.25,4995.60009765625,5.657452270239707,171552.0,-0.20960586535893927,-2103.269812891353,4393878.689518682,401.6523328235888,5003.040038841376,5019.946018066406,5019.580777841426,26.778679085049266,1.0101203978363287,0.9100622346303728
1432,5007.60009765625,5012.7001953125,5007.0498046875,5012.7001953125,5012.7001953125,781.0,5018.815029296875,5016.149643384213,52.99428359425769,1.0,-5.127563085997274,-7.865859087775789,-3.232929697329382,-4.844435682116687,1.6115059847873052,-14.977576408179408,5004.995439894922,0.20390195527236382,0.2551091130467361,-0.01470750606225416,25.04791838976403,94.95214961138537,1.2198730468753638,5008.4500732421875,5017.800048828125,4.0,48.0,-44.0,5005.680029296875,5015.799479285158,4995.5605793085915,0.8468649987772909,0.40431869112914737,5005.400854492187,5010.673388671875,5000.1283203125,5013.75,4995.60009765625,5.6569478670082995,172333.0,-0.13128515393266044,-1401.1346582595527,1971381.1471428669,402.2136464756851,5004.537679053131,5020.05251953125,5019.512314333676,25.270938401817915,1.129143642096719,0.8740345290499828
1433,5010.89990234375,5014.25,5010.0,5011.39990234375,5011.39990234375,342.0,5018.2540234375,5015.963379029685,51.3462776188324,0.9160036003313025,-16.522305253623188,-4.943064970128944,-2.622534405508304,-4.400055426795011,1.7775210212867067,-12.355899185294923,5005.122001321522,0.08987597291277048,0.4099354016922937,-0.01349015288877919,25.05460072126375,112.04581015144457,3.267675781249636,5008.8375244140625,5017.800048828125,4.0,44.0,-40.0,5005.68251953125,5015.807572506656,4995.557466555845,0.7823384147415204,0.4045423550494505,5005.435017903646,5010.737532552083,5000.132503255209,5014.25,4995.60009765625,5.556451590793421,171991.0,-0.15712135075496572,-1264.501163552831,2796052.6315789474,402.12493177542666,5005.06533963775,5020.182019042969,5019.431593816364,24.150584863534164,1.1565159372820186,0.7465805355897249
1434,5011.5,5013.89990234375,5010.14990234375,5010.14990234375,5010.14990234375,749.0,5017.66001953125,5015.735399551805,49.744764080461316,0.834376850641191,-23.76868206521739,-2.916918945312318,-2.2141331437624103,-3.962870970188491,1.7487378264260807,-10.622405562764827,5005.182026405888,0.023951266921613947,0.3279009333562065,-0.012250915637094205,24.99275499260214,103.42508604021808,2.2322998046875,5008.8375244140625,5017.800048828125,4.0,40.0,-36.0,5005.5675048828125,5015.431327621488,4995.703682144137,0.7322830398690248,0.39411406315282155,5005.440006510417,5010.75751139323,5000.122501627605,5014.25,4995.60009765625,5.427419334308177,171242.0,-0.22445643441885932,-1217.6081401881409,-50115.64899032043,401.9381077306,5005.739438880605,5020.35751953125,5019.339238677333,23.110256577984966,1.1528887025141528,0.8249877691579462
1435,5010.5,5014.10009765625,5010.5,5014.10009765625,5014.10009765625,519.0,5017.1840234375,5015.671270065705,54.5673799628076,1.0,-0.8689990942028986,-1.1917566636029733,-1.5538130631221065,-3.4810593887752144,1.9272463256531078,-7.658712500030837,5005.4097065780625,0.12580960131139177,0.2774004281523377,-0.01087239990154759,24.78611204403138,127.18727404193727,2.295190429687864,5008.4000244140625,5017.800048828125,100.0,36.0,64.0,5005.655004882812,5015.785389325735,4995.524620439889,0.9168199549098792,0.4047575964800324,5005.485009765625,5010.790014648437,5000.180004882813,5014.25,4995.60009765625,5.32190333275045,171761.0,-0.1891685284171186,-750.7853534201922,190858.2299660626,402.3473073368291,5006.1565347458145,5020.548020019532,5019.287107920905,22.184151000066244,1.121105003039353,0.8437045748870153
1436,5015.0,5015.0,5010.0,5010.85009765625,5010.85009765625,280.0,5016.7490234375,5015.482204481021,50.29131928217477,0.7982329368048187,-23.055013020833332,0.09733025045898103,-1.2780202584826839,-3.0404515627167084,1.7624313042340245,-6.360194381931724,5006.208992362199,0.0579059741142063,0.17432185440077075,-0.009565105837640801,24.686357028657696,97.97299364781337,2.952685546874818,5006.8250732421875,5017.800048828125,96.0,32.0,64.0,5005.997509765625,5016.341853153917,4995.653166377333,0.7345527264745019,0.413278007754201,5005.826684570313,5011.044189453125,5000.6091796875,5015.0,4995.60009765625,5.298910237553989,171481.0,-0.1776771839610555,-773.5303029315934,357055.6640625,402.165819137097,5006.158902679638,5020.750771484375,5019.203157570014,21.510641022385705,1.0466173549847249,0.8722955005839541
1437,5010.35009765625,5011.0,5007.60009765625,5009.4501953125,5009.4501953125,568.0,5016.2540234375,5015.245655101863,48.52732891978546,0.7149985812831797,-30.83224826388889,0.421304859833981,-1.1590520627978549,-2.6641716627329375,1.5051195999350826,-5.792140007765037,5006.551947172798,0.009982131594518795,0.02285140310126177,-0.008397543585347758,24.54562859190843,51.45936891517757,-8.4027099609375,5007.4625244140625,5017.800048828125,92.0,28.000000000000004,64.0,5006.2025146484375,5016.649414242874,4995.755615054001,0.6554375360222732,0.4173582496460336,5006.060017903646,5011.312508138021,5000.807527669271,5015.0,4995.60009765625,5.16326681656799,170913.0,-0.18400596478967687,-776.6180498342229,-1915408.7128773541,402.00713457943647,5005.92013310773,5020.948022460938,5019.106113169441,20.265047094812015,0.9978515774862061,0.9750001743849444
1438,5010.7998046875,5013.4501953125,5008.7001953125,5010.0498046875,5010.0498046875,280.0,5015.796015625,5015.041896262084,49.346859035657936,0.7536683282838524,-27.501085069444443,0.6833970013785802,-1.0048027050652308,-2.3322978711993962,1.3274951661341654,-5.095449531405086,5006.866808210634,0.24510785703161958,0.14388272959861304,-0.007333997244826235,24.50311065219848,67.50192524139236,-8.387304687499636,5006.675048828125,5015.449951171875,88.0,24.0,64.0,5006.8375,5016.574653401155,4997.100346598844,0.6649509130214171,0.3889542411214828,5006.597517903646,5011.517513020834,5001.677522786458,5015.0,4996.0498046875,5.133747758241705,171193.0,-0.07570801051165917,-641.6882391436197,3011409.2145647323,402.04064936019165,5005.95060315632,5021.148271484375,5019.016000647233,19.643271451546784,1.0307785871069666,0.8868958575083535
1439,5011.9501953125,5011.9501953125,5007.5498046875,5009.2998046875,5009.2998046875,789.0,5015.410009765625,5014.8167162003365,48.31074051098925,0.7047787994725854,-31.66775173611111,0.8512120863970267,-0.9323303854162077,-2.0523043740427585,1.1199739886265507,-4.790971387949163,5006.951660443846,0.21705946745602592,0.0849177223500791,-0.006400735439786365,24.52115912955841,44.35741039646802,-6.650195312499818,5007.7000732421875,5015.449951171875,84.0,20.0,64.0,5007.45,5016.131262830163,4998.768737169837,0.6065400693245346,0.34673387972573577,5007.225854492188,5012.268359375,5002.183349609375,5015.0,4997.0,5.081365105867297,170404.0,-0.0863159804100307,-634.5542049802455,-739084.5411177371,401.92253676190046,5006.074398353036,5021.328520507813,5018.91932208047,18.763347050332904,0.9950377696225802,0.9101200472725011
1440,5011.0,5012.0,5008.5498046875,5012.0,5012.0,40.0,5015.021005859375,5014.7062567415005,52.20190103099871,0.8831005611019072,-16.666666666666668,0.9616282743563715,-0.6495250344332817,-1.771748506120863,1.1222234716875814,-3.4499680022013175,5007.192079791863,0.22396808010593616,0.2795777324449479,-0.005477124228317582,24.53400607526939,64.1157964420953,-2.675000000000182,5008.1624755859375,5014.625,80.0,16.0,64.0,5007.925,5016.509976664288,4999.340023335712,0.7373332019032284,0.34285564038150534,5007.6991780598955,5012.551692708333,5002.8466634114575,5015.0,4997.0,4.964852977769633,170444.0,-0.1064456068760548,-528.4739167687818,4527539.014816284,401.94409822092894,5008.808177548763,5021.496770019531,5018.850473104546,17.95797238370665,1.1620269463167938,0.8824492138718459
1441,5014.85009765625,5014.85009765625,5011.5,5014.2998046875,5014.2998046875,249.0,5014.746005859375,5014.6903174452655,55.28915377523544,1.0,-4.2308373163391755,1.5120792164525483,-0.237091692814829,-1.4648171434596564,1.2277254506448274,-1.41743428658757,5007.51426067174,0.18080624719045002,0.4508290139261849,-0.004499315564825557,24.447598400219242,109.52216469727858,-1.745190429687682,5008.2874755859375,5014.625,100.0,12.0,88.0,5008.294995117188,5017.2989776082395,4999.291012626136,0.8334529790723109,0.3595627853323423,5008.1466796875,5012.821704101562,5003.471655273437,5015.0,4997.0,4.849513311946802,170693.0,-0.12871453271853572,-371.1703047750273,3901917.245014604,402.0583542798251,5009.803653426314,5021.67501953125,5018.805192821789,17.8590920983966,1.2230141135327546,0.7721850996065697
1442,5014.2998046875,5015.0,5012.25,5015.0,5015.0,137.0,5014.526005859375,5014.702461859177,56.21638093740956,1.0,-0.0,2.760154813879126,0.14459777859883616,-1.142934159047958,1.2875319376467942,0.5403240912879536,5007.662251560722,0.1687828073654297,0.4384288417982688,-0.003491113050317503,24.403751479436554,107.61732136529095,0.5026123046873181,5008.2874755859375,5014.5,100.0,8.0,92.0,5008.597485351563,5018.063807761459,4999.131162941666,0.8381732826754182,0.3780029214798158,5008.453344726562,5013.0208740234375,5003.885815429688,5015.0,4997.0,4.699548075379174,170830.0,-0.1726959201099476,-304.44215297680915,903186.6588731752,402.0774849185083,5010.3516490872435,5021.873020019531,5018.767330206648,17.80023967621918,1.2104728367099997,0.7720439949117309
1443,5015.0,5015.39990234375,5012.4501953125,5012.4501953125,5012.4501953125,369.0,5014.271005859375,5014.614137680876,51.988228159787504,0.6037802525007376,-20.627603633135287,3.67350930606608,0.23859117539177532,-0.8666290921600114,1.1052202675517866,1.1073911430544023,5007.707331544557,0.06688022980050859,0.3358289727459901,-0.002598428528951186,24.12397087005466,86.92776015811017,3.870190429687682,5008.4874267578125,5014.5,96.0,4.0,92.0,5008.830004882812,5018.433983983097,4999.226025782527,0.6884734645861665,0.3834819345405058,5008.665014648437,5013.010034179688,5004.319995117187,5015.39990234375,4997.0,4.574559429369947,170461.0,-0.15372806061374025,-395.361549649765,239852.61193458948,401.8898721708139,5010.886391420717,5022.002021484375,5018.704473143024,17.838300861415643,1.1850001220693192,0.849171149323329
1444,5014.39990234375,5015.9501953125,5012.25,5015.9501953125,5015.9501953125,394.0,5014.01701171875,5014.666532097804,56.79215322859928,1.0,-0.0,4.782499425551578,0.5887160170350398,-0.5755600703210012,1.1642760873560412,3.000246698058638,5008.126371312631,0.06483531576532656,0.317646746911289,-0.0016799929900122778,24.022077547062768,99.9259141889241,2.169897460937136,5008.875,5014.5,100.0,28.000000000000004,72.0,5009.230004882813,5019.308746070764,4999.151263694862,0.8333844130118673,0.402406804164576,5009.02001953125,5013.3050537109375,5004.7349853515625,5015.9501953125,4997.0,4.5121048495935225,170855.0,-0.13208062378364374,-141.88132827122718,164394.63281389422,402.1649871238342,5011.439920985699,5022.199772949219,5018.677067393467,18.005818288249777,1.1954681230888877,0.8778213761775987
1445,5015.0,5017.39990234375,5013.64990234375,5013.64990234375,5013.64990234375,927.0,5013.685009765625,5014.626664264311,53.03619591170665,0.5571542805487929,-36.23154219936784,5.832506606157949,0.6728221830144321,-0.32588361965391455,0.9987058026683466,3.5424690597978743,5008.160008129501,0.044897634270769565,0.3039779524488909,-0.0008701562158215641,23.879852949723134,94.12883315973227,0.6849121093746362,5009.83740234375,5014.5,96.0,24.0,72.0,5009.464990234375,5019.724210063671,4999.205770405079,0.7039585942697278,0.4095934336020163,5009.344173177084,5013.636702473958,5005.051643880209,5017.39990234375,4997.0,4.457668788908271,169928.0,-0.24924417307943797,-426.2370788083733,576377.3007686085,401.73986895100546,5012.030993343241,5022.4105224609375,5018.627045850684,18.50572710923944,1.1469954894680408,0.8430175370191498
1446,5016.5498046875,5016.5498046875,5005.35009765625,5007.85009765625,5007.85009765625,663.0,5013.300009765625,5014.360916554191,44.962101630671384,0.0,-79.25277575168165,5.511015050551578,0.26838735584078677,-0.2070294245549743,0.4754167803957611,1.4768627452880447,5008.1535416884935,-0.045902911735717734,0.035447460792838004,-0.00039226293275642293,24.014718826220715,1.6519303268747316,4.132592773437864,5009.2874755859375,5014.5,92.0,20.0,72.0,5009.967504882812,5018.773626188892,5001.161383576732,0.3797763991111386,0.35154404883853796,5009.8341796875,5014.339184570313,5005.329174804688,5017.39990234375,4997.0,4.9392429490755365,169265.0,-0.04139974172792943,-914.6704258089628,-7728222.1428769035,400.9729086361229,5011.959084003165,5022.6002734375,5018.519812535316,17.820730526258863,0.9662029433549093,0.9307554825620713
1447,5005.60009765625,5006.85009765625,5003.2001953125,5004.5498046875,5004.5498046875,217.0,5012.796005859375,5013.976167069222,41.12542127228495,0.0,-90.49551253395688,3.9704518037688104,-0.3148073165839378,-0.22858500296076703,-0.08622231362317076,-1.523808379142944,5008.030262668554,-0.19046873382551957,-0.23259031760123494,-0.0002851749841936706,24.09054075272344,-119.08211042500713,0.5776123046871362,5008.75,5014.5,88.0,16.0,72.0,5010.272485351563,5017.790219800563,5002.754750902563,0.11938794839821187,0.3000928381033059,5010.140844726562,5014.640844726562,5005.640844726562,5017.39990234375,4998.4501953125,4.918575762980856,169048.0,-0.03735120652096816,-886.3123041532182,-9965418.67058398,400.8299004469293,5011.714280632137,5022.7415234375,5018.3808074821045,17.642483006838585,0.8665051067335301,1.099095424334765
1448,5005.0,5006.0498046875,5002.89990234375,5005.4501953125,5005.4501953125,174.0,5012.375009765625,5013.6418152356255,42.56536666410959,0.09191102495656601,-82.41177262931035,2.2642434512863474,-0.6963126389500758,-0.3221305301586288,-0.374182108791447,-3.509849886804207,5007.950167727398,-0.10776419646390387,-0.2497940259446535,-0.00039544887945691464,24.038909878601892,-139.55360820882376,-1.0548095703125,5008.6749267578125,5014.5,84.0,12.0,72.0,5010.5050048828125,5017.062796459825,5003.9472133058,0.11459513382284689,0.2617617014900516,5010.380013020834,5014.920027669271,5005.839998372396,5017.39990234375,5001.0,4.792241947321509,169222.0,-0.054788072969016846,-737.3151223099014,-996189.144836075,400.86120555425447,5011.5416760734415,5022.888525390625,5018.252144674447,17.54031712885434,0.8577325083601234,1.1075265343047769
1449,5003.5498046875,5006.0,5003.5498046875,5006.0,5006.0,318.0,5011.935009765625,5013.3421362067775,43.474494224902344,0.1499402018983684,-78.62001616379311,0.6065587660841629,-0.943418570132053,-0.44638813815331363,-0.49703043197873936,-4.863373323502573,5007.909003705405,-0.06887373220575096,-0.25530522653855714,-0.0006243978956806756,23.953617477604087,-133.65798170013176,-0.4927001953128638,5008.6749267578125,5014.5,80.0,8.0,72.0,5010.542504882813,5016.987270503275,5004.097739262351,0.14758184002917904,0.257248216702345,5010.42333984375,5014.800854492188,5006.045825195312,5017.39990234375,5001.10009765625,4.624952901977116,169540.0,-0.03443786111275763,-607.0075490334871,231188.1233311299,400.89613505785616,5011.037147377525,5023.013525390625,5018.130232787139,17.445448813583255,0.8651370827466247,1.1204423092851818
1450,5003.5498046875,5005.4501953125,5001.0498046875,5003.60009765625,5003.60009765625,51.0,5011.521015625,5012.960095479306,40.46366577678644,0.0,-84.40197103180529,-1.7771039177387138,-1.3177140755997243,-0.6206533256425958,-0.6970607499571285,-6.920719147544483,5007.588659947656,-0.12873538752480124,-0.31408959777166157,-0.0010153481754983336,23.958354619097975,-167.85582094961663,-1.09521484375,5008.21240234375,5014.5,76.0,4.0,72.0,5010.39501953125,5017.315934849107,5003.474104213393,0.00910236847806058,0.27626226239162555,5010.305013020834,5014.480061848959,5006.129964192709,5017.39990234375,5001.0498046875,4.648184502728751,169489.0,-0.04596239869144393,-537.7771876760246,-13157188.191133387,400.87168539354707,5010.9121858812005,5023.122026367188,5017.985654328126,17.90702031180416,0.8217329309944623,1.1358225287661239
1451,5001.14990234375,5003.75,4997.0498046875,5002.0,5002.0,691.0,5011.138017578125,5012.530287813451,38.54686011694708,0.0,-75.6748326415049,-3.770931468290655,-1.723591973252951,-0.841241055164667,-0.882350918088284,-9.220168840157733,5006.788709409765,-0.14572505084780787,-0.2861751984111409,-0.0015584287605405873,24.008918197630475,-190.01106418254503,1.9599853515628638,5007.21240234375,5014.5,72.0,4.0,68.0,5010.040014648437,5017.86017200128,5002.219857295594,-0.014057088986456178,0.312179436889862,5009.961669921875,5014.2767333984375,5005.6466064453125,5017.39990234375,4997.0498046875,4.794756703426698,168798.0,-0.023433178495704265,-618.9043723606997,-2763561.643498334,400.65071100333023,5009.77835572725,5023.197026367187,5017.82659309103,19.078230616420324,0.8054668058750107,1.0916420042861517
1452,5000.0498046875,5003.0498046875,5000.0,5002.0,5002.0,531.0,5010.718017578125,5012.117335350178,38.54686011694709,3.894389261997211e-16,-75.6748326415049,-4.47759363510977,-2.021945403343125,-1.0773819248003587,-0.9445634785427661,-11.099327711523415,5005.998025429165,-0.19952114924181963,-0.315709616238247,-0.0021770625724384777,24.045537842493218,-143.44540663341363,4.7947998046875,5007.21240234375,5014.5,68.0,4.0,64.0,5009.5050048828125,5017.962130523496,5001.047879242129,0.05629103777829178,0.33764316563972696,5009.504996744791,5013.690030924479,5005.319962565104,5017.39990234375,4997.0498046875,4.670117273717649,169329.0,-0.09841149102925938,-530.4894620234569,646145.0609110169,400.65071100333023,5008.955670426285,5023.321276855469,5017.669114552811,20.165783042135335,0.8305798797465801,1.146289495984827
1453,5000.10009765625,5002.0,4999.2001953125,4999.2001953125,4999.2001953125,346.0,5010.176025390625,5011.610780838897,35.166289451091686,0.0,-89.4330206108885,-5.3576976102940534,-2.4560022207542715,-1.3531059839911412,-1.1028962367631303,-13.743631688143862,5004.860022725086,-0.30113096470387524,-0.31069329420444847,-0.0029246460838888376,24.105927691345137,-141.25920680934848,6.10498046875,5007.224853515625,5014.5,64.0,100.0,-36.0,5008.89501953125,5018.41102385893,4999.37901520357,-0.009395744522191758,0.37996421528397833,5008.917504882813,5013.030029296875,5004.80498046875,5017.39990234375,4997.0498046875,4.536523517559245,168983.0,-0.1260174104917463,-593.0955991451059,-748344.6529145875,400.45704198656193,5008.258429727529,5023.372526855469,5017.485344212112,21.319766238245386,0.8319281752841403,1.1426214694885888
1454,5000.75,5000.75,4997.0,4999.7998046875,4999.7998046875,120.0,5009.6240234375,5011.1476053035485,36.45166649232698,0.05943702662976054,-86.2754015175088,-6.48031939338216,-2.7202545096579342,-1.6265356891245,-1.0937188205334343,-15.604122604683829,5003.358327297903,-0.30309462238285145,-0.3851337418859957,-0.003697444349115428,24.113843372540448,-131.35664018406072,4.072680664062318,5006.9874267578125,5014.5,60.0,96.0,-36.0,5008.377514648438,5018.6591844343075,4998.095844862568,0.08286396375391626,0.4105788653430412,5008.306673177083,5012.419197591145,5004.19414876302,5017.39990234375,4997.0,4.480343266305013,169103.0,-0.030895063003727054,-498.088638552948,-5390930.17578125,400.47143491386805,5008.028493427831,5023.453776855469,5017.309368694455,22.770638136264214,0.7787217195503171,1.1638554614363128
1455,4998.0,4998.85009765625,4995.0498046875,4998.35009765625,4998.35009765625,973.0,5008.945029296875,5010.645742258557,34.66236170168702,0.0,-85.23365302689358,-7.5491526884188715,-3.0119358722931793,-1.903615725758236,-1.1083201465349433,-17.704871614496227,5001.901082839103,-0.28130150139817867,-0.5354852225481033,-0.004503267396984067,24.005352327916544,-134.2710228050345,8.360180664062682,5003.58740234375,5014.224853515625,56.00000000000001,100.0,-43.99999999999999,5007.590014648437,5018.39706492298,4996.782964373895,0.07250513519154038,0.4316268002344019,5007.532503255208,5011.655037434896,5003.409969075521,5017.39990234375,4995.0498046875,4.499604461568941,168130.0,-0.00477784403086254,-628.4423961034197,-751875.5936304075,400.18931062959496,5006.049106780966,5023.535776367187,5017.120719231389,24.425288159181402,0.6872965481677249,1.2227817707158282
1456,4997.0498046875,4998.0,4991.4501953125,4992.0498046875,4992.0498046875,1151.0,5008.3290234375,5009.91648980479,28.18679457144607,0.0,-97.68934048358265,-8.309853228401153,-3.708724574174994,-2.2646374954415878,-1.4440870787334061,-21.794637575213557,4999.000542485256,-0.4764877978121746,-0.583785169712006,-0.005533481872656562,24.06863143022265,-155.44724660080468,6.999902343750364,5001.5875244140625,5012.425048828125,52.0,100.0,-48.0,5006.65,5019.276631473272,4994.023368526728,-0.07815084503753975,0.5043944143597826,5006.6266682942705,5010.826692708333,5002.426643880208,5017.39990234375,4991.4501953125,4.671054310296159,166979.0,-0.0883682098159691,-1574.6130833788238,-1266060.4679097724,398.73850445048566,5003.859786307913,5023.551274414062,5016.871257395132,26.455398090890917,0.6347553296583137,1.2185404993703197
1457,4992.0498046875,4994.2998046875,4992.0,4993.89990234375,4993.89990234375,256.0,5007.648017578125,5009.28838833573,32.19282202849455,0.1400446505517492,-90.55978925580958,-9.492198988969903,-4.064790842966431,-2.6246681649465566,-1.4401226780198746,-23.989880723423777,4998.134313650525,-0.3939245935534388,-0.6482144489472561,-0.006586917149931688,24.025638134707986,-139.68374256695463,1.977612304687682,5001.5750732421875,5012.10009765625,48.0,96.0,-48.0,5005.872485351562,5019.582280592151,4992.162690110974,0.06335660753097858,0.5477484806377585,5005.829158528645,5009.974178059895,5001.684138997395,5017.39990234375,4991.4501953125,4.501679337239291,167235.0,-0.07808331030545174,-1282.007642896135,-1415094.3607091904,398.8333803068033,5002.94810028584,5023.5890234375,5016.642686698103,28.340500170335464,0.6365062920869009,1.284720741034157
1458,4994.2001953125,4996.9501953125,4992.10009765625,4996.2001953125,4996.2001953125,469.0,5007.012021484375,5008.77512586423,36.905565939329115,0.350864443311841,-81.69536174616614,-10.327047909006978,-4.113938584906464,-2.9225222489385385,-1.1914163359679253,-24.411263630918,4997.903944017153,-0.23263280882154064,-0.6000029933174189,-0.007508184532648495,24.05543966536332,-109.22142641055744,-0.6302001953126819,5001.4376220703125,5009.97509765625,44.0,92.0,-48.0,5005.180004882813,5019.366653827985,4990.99335593764,0.18351195532442705,0.5668786709501926,5005.046663411458,5009.196687825521,5000.896638997396,5017.39990234375,4991.4501953125,4.52656636002577,167704.0,-0.026239285742602838,-944.7440650047229,1422189.4207285412,399.0494113493633,5001.739247981176,5023.6500244140625,5016.439278823619,29.016481327818976,0.6475144240483122,1.247517417365731
1459,4993.60009765625,4999.60009765625,4993.60009765625,4999.60009765625,4999.60009765625,405.0,5006.55001953125,5008.415320836466,43.19032261769374,0.8943817238800833,-67.52976422068322,-10.442321059283131,-3.8343448785499277,-3.104886774860817,-0.7294581036891108,-22.791802618735705,4997.997045011679,-0.0989041417194783,-0.5607390099754773,-0.008154153988446293,24.189565694099457,-73.81760543576625,0.7551757812498181,5001.0125732421875,5009.97509765625,40.0,88.0,-48.0,5004.69501953125,5018.948183670273,4990.441855392228,0.3212704973679745,0.5695917167139329,5004.446671549479,5008.676676432291,5000.216666666666,5017.39990234375,4991.4501953125,4.631811620023929,168109.0,0.03936219892962921,-613.0719915442269,3074001.736111111,399.32501288560894,4999.559156468889,5023.711274414062,5016.271724782153,28.70106622323087,0.6607469672089642,1.2214859771844415
1460,4999.64990234375,5002.5,4999.10009765625,5002.5,5002.5,314.0,5006.246015625,5008.18334747033,47.95243307534673,1.0,-28.247566504962112,-9.658335248162075,-3.3402625013786746,-3.1519619201643887,-0.18830058121428594,-19.88648081363796,4998.036049104064,-0.058939659718576294,-0.3400318979266348,-0.00845894680654422,24.294129477819197,-29.10019082226055,1.779980468750182,5000.8375244140625,5009.97509765625,36.0,84.0,-48.0,5004.22001953125,5018.095943363293,4990.344095699206,0.4380214408759656,0.5545688949681044,5003.972509765625,5008.2,4999.74501953125,5017.39990234375,4991.4501953125,4.543818100290077,168423.0,0.06942670578208855,-395.40894476112305,4547587.207927825,399.50714131951395,4998.512038643478,5023.7652734375,5016.134692694769,27.505164290892964,0.8475769844190897,1.1876088823457245
1461,5000.5498046875,5003.9501953125,5000.5498046875,5002.5498046875,5002.5498046875,131.0,5006.01701171875,5007.962424223944,48.033003617787415,1.0,-23.97324414715719,-8.252619485293508,-2.911122230786532,-3.1037939822888174,0.19267175150228555,-17.556532806292008,4998.064798814735,-0.06892120080902917,-0.09495764623327163,-0.008503597557953147,24.331439911924413,-12.974032261143988,-0.0324218750001819,5001.0626220703125,5009.10009765625,32.0,80.0,-48.0,5003.63251953125,5016.724431040205,4990.540608022296,0.4586494744098435,0.5232962835640479,5003.412508138021,5007.642513020834,4999.182503255209,5017.39990234375,4991.4501953125,4.462144709197928,168554.0,0.053691456854900114,-337.9898935006055,3763664.405764514,399.5084455502111,4998.364281993263,5023.803271484375,5015.999519679771,25.980346042637077,0.9230113778757957,1.0179690241090673
1462,5004.39990234375,5005.7001953125,5002.75,5005.7001953125,5005.7001953125,194.0,5005.871015625,5007.873709364672,52.99027233100258,1.0,-2.060540975904423,-6.172877412683192,-2.2904128266955013,-2.9411177511701547,0.6507049244746534,-13.982334850229499,4998.24672407236,0.04197173265772604,-0.00854586615653219,-0.008232539180619426,24.358539973300868,23.92068032036038,-1.167529296874818,5001.5001220703125,5004.85009765625,28.000000000000004,76.0,-48.0,5003.167529296875,5015.23170840164,4991.103350192109,0.6049663633816881,0.4822616486104763,5002.944181315104,5007.184195963542,4998.704166666667,5017.39990234375,4991.4501953125,4.368447988898076,168748.0,0.05989568815916406,-202.3947971076619,3003568.9934012815,399.63061840307853,4998.38320276939,5023.863022460938,5015.897038840296,24.16312095394753,0.9623664447358968,0.970912310892429
1463,5000.0,5000.7001953125,4998.25,4998.25,4998.25,1037.0,5005.609013671875,5007.49630899743,42.63293709105052,0.582424072125874,-52.282072368421055,-5.054210707719903,-2.3723180441265868,-2.827357809761441,0.4550397656348544,-14.11412587028914,4998.246747156608,-0.07497001199520192,-0.10244176471946254,-0.008036106410431102,24.311994591218326,-47.02730886797188,-0.45751953125,5001.5001220703125,5004.85009765625,24.0,72.0,-48.0,5002.45751953125,5013.9087554125135,4991.0062836499865,0.3162853523027009,0.45782441276329133,5002.225846354167,5006.440885416667,4998.010807291666,5017.39990234375,4991.4501953125,4.588572797726785,167711.0,-0.015730280617841024,-1277.1744745297815,-1122317.042851977,398.08720744404883,4998.165238870497,5023.869521484375,5015.721446414024,23.466651331398108,0.869977760163759,0.9724195248832216
1464,4998.4501953125,5000.0,4998.4501953125,5000.0,5000.0,29.0,5005.360009765625,5007.20233609557,45.335716584428994,0.6913918354201612,-40.00137061403509,-4.349803251378944,-2.269852695456393,-2.7158567869004315,0.4460040914440384,-13.32251199703592,4998.254963177168,-0.03998400639744103,-0.06556287633820401,-0.007814171873037963,24.189781275058785,-34.205352127596115,-2.459814453124636,5001.5001220703125,5004.425048828125,20.0,68.0,-48.0,5001.660009765625,5011.323556547474,4991.996462983775,0.4141097051062805,0.3864135812103089,5001.464176432291,5005.571695963541,4997.356656901042,5017.39990234375,4991.4501953125,4.385817597889157,167740.0,-0.05693752219008866,-1087.4709781683841,-1336038.5237068967,398.09736099779263,4998.131080927016,5023.882770996093,5015.565014111397,22.819929539030788,0.9136904038316598,0.9792532801698638
1465,5000.2001953125,5000.2001953125,4998.7001953125,4999.2998046875,4999.2998046875,148.0,5005.09900390625,5006.892432903097,44.43367600042508,0.6550243311230525,-44.91502192982456,-4.393304802390048,-2.2195623452680593,-2.6165978985739575,0.39703555330589824,-12.977092197042003,4998.262278369796,0.001992506223163432,0.03996700460339009,-0.007596750591326945,24.046352799755713,-26.614280517899843,-1.1427001953125,5001.6375732421875,5004.425048828125,16.0,64.0,-48.0,5000.9425048828125,5008.922949242166,4992.962060523459,0.3970796536293692,0.3191576128524558,5000.689184570312,5004.6842041015625,4996.694165039063,5016.5498046875,4991.4501953125,4.179687769468503,167592.0,0.04685519950382563,-946.9221107514721,228139.5164695946,398.0766352165426,4997.8446291302325,5023.8807690429685,5015.403171231557,22.157173120619756,0.9827395048916563,0.9427725002882662
1466,4999.2998046875,5000.0,4999.2998046875,4999.89990234375,4999.89990234375,156.0,5005.017001953125,5006.618216018417,45.435707867021094,0.6954231766522824,-40.70381030701754,-4.612586167279915,-2.1069958778671207,-2.5146774944325903,0.40768161656546953,-12.399284830976741,4998.373187526683,0.0020020332845358067,0.006633867934143112,-0.007353454617233215,23.851855327264552,-10.773578240925852,-2.194897460937682,5001.66259765625,5004.425048828125,12.0,60.0,-48.0,5000.544995117188,5007.87506145685,4993.2149287775255,0.45599679842274016,0.2931706982666745,5000.180013020834,5003.650056966146,4996.709969075521,5006.85009765625,4991.4501953125,3.931152593970752,167748.0,0.1119781654421071,-798.2739185905475,89637.13279137245,398.0953608857428,4997.540266285019,5023.886518554687,5015.248909849589,21.54175644638094,0.9373673921301572,0.9307335241960141
1467,4999.5498046875,4999.5498046875,4992.0498046875,4992.0498046875,4992.0498046875,472.0,5004.75099609375,5006.046905770147,36.23137198506296,0.32433263962419134,-95.7922149122807,-5.817491957720449,-2.6210100440448514,-2.5359440043550427,-0.08506603968980864,-14.970193632380264,4998.308087530458,-0.12604745257248462,-0.0952533946598576,-0.007395233115938754,23.983626333065924,-123.42391971444434,-7.870190429687682,5001.6500244140625,5004.425048828125,8.0,56.00000000000001,-48.00000000000001,4999.919995117188,5007.881987624864,4991.958002609511,0.0057650191142840975,0.31848479637483307,4999.664168294271,5003.326717122396,4996.001619466146,5006.0498046875,4991.4501953125,4.211077241276413,167276.0,0.0562371628264196,-1213.5556578990409,-6117739.919888771,397.35429683123783,4997.145946195381,5023.846267089843,5015.018072982305,22.466767520385414,0.8250925816324806,0.9203459762923382
1468,4992.0,4997.7001953125,4992.0,4997.7001953125,4997.7001953125,153.0,5004.757998046875,5005.719583791415,44.88594457845886,0.6732584103283173,-56.14035087719298,-6.237350643382342,-2.5431152235960326,-2.537378248203241,-0.00573697539279161,-14.134828734091418,4998.303000628938,0.11318778550034342,-0.06616612686884549,-0.007391335092211337,24.22778924529432,-84.31568447630836,-5.632592773437864,5001.6375732421875,5004.425048828125,4.0,52.0,-48.0,4999.532495117188,5007.126017296443,4991.938972937933,0.3793511257731263,0.3037692898954613,4999.214176432291,5003.004239908854,4995.424112955729,5006.0,4991.4501953125,4.317442817792383,167429.0,0.06208053521881889,-916.689168824178,-3538245.469136955,397.5274741430533,4997.069453584975,5023.828017578125,5014.845755791561,23.334079610391075,0.866825334511074,0.9329914613799195
1469,4998.10009765625,4998.10009765625,4995.9501953125,4995.9501953125,4995.9501953125,85.0,5004.736005859375,5005.336470517733,42.942080505717136,0.5948877845803706,-68.42105263157895,-6.2280790441182035,-2.5927062876480704,-2.5484438560922067,-0.044262431555863735,-14.134241409707752,4998.261056899044,0.04105594843396343,0.07442942288123267,-0.0074108776020452,24.34504088578979,-54.48908475110443,-2.829809570312136,5001.6375732421875,5004.425048828125,4.0,48.0,-44.0,4999.030004882812,5006.161094830399,4991.898914935226,0.284057584959053,0.2852989456203016,4998.788354492188,5002.563403320312,4995.0133056640625,5005.7001953125,4991.4501953125,4.162618498217927,167344.0,0.011699928982561737,-806.9835732778669,5501344.203948975,397.4977104529185,4996.9950413085935,5023.7977685546875,5014.657740264406,23.992929022922162,0.980725652668394,0.9062962297871613
1470,4995.9501953125,4999.89990234375,4995.9501953125,4995.9501953125,4995.9501953125,611.0,5004.605009765625,5004.968381293998,42.942080505717136,0.5168546298161512,-71.16686862926794,-6.104433306525607,-2.6020131750092332,-2.5591577198756124,-0.04285545513362088,-14.133786907701115,4998.167933062437,-0.005003802694586844,0.1938936528976294,-0.0074308377647363845,24.455310694466544,-32.79245901763469,0.9525878906251819,5001.6375732421875,5004.425048828125,4.0,44.0,-40.0,4998.647509765625,5005.574784091664,4991.720235439586,0.30531199385407126,0.2771659458885819,4998.4833577473955,5002.235872395833,4994.730843098958,5005.7001953125,4991.4501953125,4.1474105362916465,167955.0,-0.06393681424647044,-691.700205666743,581726.7781583845,397.4977104529185,4997.848213649688,5023.779519042969,5014.471595538516,23.953517957389796,1.0526144940081694,0.85872084111054
1471,4994.39990234375,4995.9501953125,4993.0498046875,4995.0,4995.0,338.0,5004.36701171875,5004.577464380509,41.80209897549236,0.3324040883015987,-78.10250196022525,-6.699118221506978,-2.6554513803494046,-2.578416451970371,-0.07703492837903347,-14.475661465314637,4998.019023565949,-0.09200931207290895,0.12419402306231098,-0.00747281871659327,24.224440099701173,-91.89173035688248,4.202490234374636,5000.175048828125,5004.425048828125,12.0,40.0,-28.0,4998.297509765625,5005.2192260941065,4991.375793437144,0.2617997033440291,0.27696295848566604,4998.170027669271,5001.732552083334,4994.607503255209,5005.7001953125,4991.4501953125,4.0583376854851005,167617.0,-0.09374790676022576,-638.7667499464941,-2939047.1926807654,397.43342518123455,4997.862173318128,5023.740268554688,5014.277848319228,24.500031836591482,0.9890217691806904,0.8648277461183794
1472,4994.2998046875,4998.7001953125,4994.2001953125,4995.39990234375,4995.39990234375,344.0,5004.096005859375,5004.217559986911,42.49401522095506,0.3736905827123336,-75.18354836410293,-6.138893037683374,-2.6351563242869815,-2.5897644264336934,-0.04539189785328812,-14.556288861459779,4997.793598384655,-0.14193098763118442,0.14613064785395025,-0.007497572519229048,24.146164550007324,-48.89657723959323,4.582299804687864,4997.6251220703125,5004.425048828125,8.0,36.0,-28.0,4997.967504882812,5004.780146294804,4991.154863470821,0.3115560188928577,0.2726164748104449,4997.890869140625,5001.525903320313,4994.255834960937,5005.7001953125,4991.4501953125,4.089884993664737,167961.0,-0.13817975154941145,-527.862013346995,2551127.589026163,397.4609660033066,4998.019983051102,5023.709519042969,5014.090008060765,24.08450561144748,1.0082574900820365,0.8621268422280862
1473,4997.9501953125,4997.9501953125,4995.0498046875,4996.60009765625,4996.60009765625,44.0,5003.87201171875,5003.918835973944,44.62198875005865,0.5006663081583742,-66.42312352983106,-5.419206686581674,-2.4934832916251253,-2.5705081994719796,0.07702490784685434,-14.028345510025764,4997.778583488064,-0.11893348919135183,0.0760093655416596,-0.007448246333120769,24.111397211464233,-33.24404901399723,7.862695312500364,4997.425048828125,5004.425048828125,4.0,32.0,-28.0,4997.8375,5004.650321243488,4991.024678756511,0.40918576170391213,0.27263076254434215,4997.710864257812,5001.350927734375,4994.07080078125,5005.7001953125,4991.4501953125,4.004921110188684,168005.0,-0.09681948882140137,-444.90906947599575,328302.38342285156,397.4715374479922,4998.045782466691,5023.70501953125,5013.915979101517,23.69865983095662,0.996078655321417,0.9200692897797574
1474,4996.75,4999.75,4996.75,4999.75,4999.75,30.0,5003.7080078125,5003.75535221026,49.86547274829965,0.81354387709215,-43.43146339724856,-4.820562385109952,-2.1027958763161223,-2.4769657348408085,0.3741698585246862,-12.032602340275938,4997.788600377597,-0.11886839164023358,-0.019597528549840315,-0.007213894714338806,24.135714604570776,30.282692046768457,0.4149902343751819,4997.362548828125,5004.425048828125,52.0,28.000000000000004,23.999999999999996,4997.835009765625,5004.644995947941,4991.025023583308,0.6406016240787543,0.2725174468148745,4997.689200846355,5001.2917643229175,4994.086637369792,5005.7001953125,4991.4501953125,3.9438483411573495,168035.0,-0.10198314740368013,-367.8510495062107,17500000.0,397.49044972203166,4997.774933756684,5023.70251953125,5013.775024085582,22.752393464809444,0.9186927329418291,0.9382902614916694
1475,4996.85009765625,4999.2001953125,4995.5,4996.0498046875,4996.0498046875,358.0,5003.45,5003.453173876034,44.5313753360836,0.49525942512281734,-70.43980326466605,-4.4701128791357405,-2.0679105373837956,-2.3951546953494063,0.3272441579656107,-11.85652450516716,4997.753530581786,-0.04401931300955334,-0.10982745968728247,-0.006996010162873856,24.15744221490588,-21.1586940057048,2.280004882812136,4997.2625732421875,5004.425048828125,48.0,24.0,24.0,4997.719995117188,5004.568887484067,4990.871102750309,0.3780685737036261,0.2740806757309593,4997.664200846354,5001.261759440104,4994.066642252604,5005.7001953125,4991.4501953125,3.9657163167889675,167677.0,-0.2553359686085105,-504.53945984460915,-930115.7637015402,397.22550249029507,4997.548230889102,5023.700517578125,5013.598653743314,22.189175528914763,0.8574143413551094,0.9672418010423919
1476,4996.64990234375,4999.89990234375,4996.64990234375,4997.75,4997.75,257.0,5003.44900390625,5003.229519998544,47.3198509215944,0.8132900826456172,-33.90952968907846,-3.263658949907949,-1.8813846709845166,-2.2924006904764282,0.4110160194919117,-10.878790746316556,4997.753484984692,-0.045,-0.148300797385985,-0.006718480063255232,24.07169289336308,6.718437155164735,1.2947998046875,4997.2625732421875,5004.425048828125,44.0,20.0,24.0,4998.0050048828125,5004.341594860387,4991.668414905238,0.4798783822438428,0.2535647711990656,4997.877530924479,5001.3100992838545,4994.444962565105,5005.7001953125,4992.0,3.957457841036184,167934.0,-0.14746852016533094,-370.0409376793079,1169500.091196498,397.31296162549074,4997.240768094534,5023.6815185546875,5013.440955696117,21.429298703222127,0.8317413461806232,0.9800421435666082
1477,4996.0,4998.85009765625,4995.75,4995.9501953125,4995.9501953125,275.0,5003.39900390625,5002.944056285366,44.754943415616296,0.6251656474137622,-51.82803382160295,-2.6047176585479974,-1.8573800536232739,-2.2053965631057975,0.3480165094825236,-10.806053168398499,4997.694923708861,-0.06700157033709604,-0.09015563966079054,-0.006470068107938301,24.046985688827068,-38.991286333790185,1.7923828125003638,4997.5250244140625,5004.425048828125,40.0,16.0,24.0,4998.10751953125,5004.238132113539,4991.97690694896,0.3240531276611819,0.24531735495215284,4998.050040690105,5001.522623697917,4994.577457682292,5005.7001953125,4992.0,3.896217827837171,167659.0,-0.21646875853082856,-387.8845593054782,-1098960.3996276855,397.2139278024579,4996.634416972459,5023.64626953125,5013.266918279365,20.96662612644091,0.9098443603392095,1.0
1478,4996.14990234375,4999.89990234375,4996.14990234375,4999.89990234375,4999.89990234375,177.0,5003.381005859375,5002.824677699421,51.028270997424535,1.0,-3.6620221507681316,-1.8269373276652914,-1.5023299485992538,-2.064783240204489,0.5624532916052352,-8.806932637651233,4997.735544249502,0.0,-0.047578951443531414,-0.00608496809386967,24.102522708230055,14.440168529494402,-6.242700195312864,4997.5250244140625,5004.425048828125,36.0,12.0,24.0,4998.292504882813,5004.404990662524,4992.180019103102,0.6314847607721601,0.2445829560290845,4998.228361002604,5001.645939127605,4994.810782877605,5005.7001953125,4992.0,3.9000384852238015,167836.0,-0.25428096646501175,-232.60131590023133,1535706.6009004237,397.35386077160297,4996.713918262551,5023.674018554688,5013.133913145677,20.1586387895262,0.91774338724195,0.9653223386854815
1479,4999.39990234375,5000.0,4998.35009765625,4998.35009765625,4998.35009765625,781.0,5003.2430078125,5002.649203972238,48.69181669008554,0.8420983811954732,-20.623779296875,-1.1610495174636526,-1.3306673633387618,-1.9179600648313437,0.587292701492582,-7.848812243828084,4997.748120872457,0.12620653269192283,-0.010875229180739132,-0.005673459726933359,24.07399165505315,20.75992370131955,-0.5298095703128638,4997.550048828125,5004.425048828125,32.0,8.0,24.0,4998.230004882813,5004.313224509002,4992.146785256624,0.5098708234139798,0.24341495370346192,4998.293359375,5001.493432617188,4995.093286132813,5005.7001953125,4992.0,3.73931447511853,167055.0,-0.43803397566776797,-372.286479476984,242974.31244892898,397.1117764330005,4997.034876594023,5023.682019042969,5012.986810503992,19.37147811978068,0.9565280324230435,0.9674032616037826
1480,4998.4501953125,5000.5498046875,4998.2998046875,5000.25,5000.25,420.0,5003.11701171875,5002.555117541955,51.61652454704932,1.0,-3.506567675613935,-0.4071332146140776,-1.0294504230969324,-1.7402581364844616,0.7108077133875292,-6.165987994063391,4997.840408461334,0.0510195607549957,-0.008632635481817141,-0.00517664985026996,24.01628140159761,53.25705774632373,-2.167309570312682,4997.97509765625,5004.425048828125,28.000000000000004,4.0,24.000000000000004,4998.117504882813,5003.959117709335,4992.27589205629,0.6825262286731145,0.2337525206566564,4998.210017903646,5001.352596028646,4995.067439778646,5005.7001953125,4992.0,3.6329348697529205,167475.0,-0.43132792962679944,-205.10855606955778,133797.7818080357,397.27142090943465,4997.195602284714,5023.731518554688,5012.860076071117,18.429264265783182,0.9453578517658515,0.9539904872476687
1481,4997.60009765625,5000.39990234375,4997.60009765625,4999.85009765625,4999.85009765625,57.0,5002.93201171875,5002.449038330751,50.958084401512004,0.932910984882749,-8.183894917190177,-0.08490349264684482,-0.8136236577593081,-1.554931240739431,0.7413075829801228,-4.978811305586692,4997.931066815188,0.07806127345723186,0.1358891158084614,-0.0046495305733584395,23.86316589070036,47.65703275897504,-2.032324218749636,4998.1875,5004.425048828125,24.0,44.0,-20.0,4997.98251953125,5003.525341508044,4992.439697554455,0.6684681677328905,0.22180237546386752,4998.056689453125,5001.16923828125,4994.944140625,5005.7001953125,4992.0,3.573425571020569,167418.0,-0.4347480898755505,-179.0636814301567,-2086614.307604338,397.26686225064884,4997.5436478295305,5023.740769042969,5012.730623549576,17.79435895828954,1.086003669876945,0.9501145540684837
1482,4997.60009765625,5000.0498046875,4997.10009765625,4999.0,4999.0,116.0,5002.6580078125,5002.3137819256235,49.512181408626745,0.7855867240441311,-20.6640625,0.3436035156246362,-0.7030706072637258,-1.38455911404429,0.6814885067805643,-4.382416652237241,4997.962629327064,0.061045538251392285,0.1679768353371207,-0.0041488678463552755,23.824040713929698,44.25874324888093,-2.647509765624818,4998.4375,5004.425048828125,20.0,40.0,-20.0,4997.647509765625,5001.9566278543,4993.33839167695,0.6569335310083219,0.17244585898684298,4997.756681315104,5000.869205729166,4994.644156901041,5000.7001953125,4992.0,3.5288742467512426,167302.0,-0.4677778898219871,-167.57048810084862,-1080835.7904697286,397.24713939372333,4997.647121912527,5023.591018066406,5012.59400042968,17.378111079868102,1.0811864182851103,0.9132095829479896
1483,4998.0,5000.0,4995.0,4996.85009765625,4996.85009765625,479.0,5002.36701171875,5002.099519797413,45.960413431682625,0.4236941251295858,-49.329427083333336,0.45259076286765776,-0.7799449500253104,-1.2636362812404942,0.4836913312151838,-4.859739739048371,4997.956920457508,0.03703899211711712,0.020121036569596074,-0.003763313790763009,23.867453644881685,-18.23886248597383,-2.1776123046875,4998.3125,5004.425048828125,16.0,36.0,-20.0,4997.5775146484375,5001.890689320806,4993.264339976069,0.4156749902980316,0.1726106162326057,4997.667513020833,5000.907527669271,4994.427498372396,5000.5498046875,4992.0,3.6339546576975823,166823.0,-0.34555300268937333,-290.74659303733455,-1122078.4675104385,397.04113754882314,4997.6259149436155,5023.406018066406,5012.43734468069,17.671944273205888,0.9480991051569855,0.9279780685873894
1484,4995.9501953125,4996.85009765625,4995.0,4996.85009765625,4996.85009765625,45.0,5002.101015625,5001.893660105604,45.960413431682625,0.4236941251295858,-49.329427083333336,0.018030503217232763,-0.8312858744111509,-1.1771661998746255,0.3458803254634746,-5.2526496936529155,4997.928041790127,0.029030614982788364,-0.08869160396253994,-0.003464099163321184,23.7602606910333,-61.93350360926703,-0.8199218749996362,4998.3125,5004.425048828125,12.0,32.0,-20.0,4997.42001953125,5001.595710725173,4993.244328337326,0.4317571812028439,0.16711387786513943,4997.505013020834,5000.760042317708,4994.249983723958,5000.5498046875,4992.0,3.5065363004513266,166868.0,-0.3415259080311186,-249.2113654605725,-6475141.048431396,397.04113754882314,4997.668048183732,5023.174267578125,5012.2822476953725,17.944789381305263,0.9456828885400314,1.0343744925025713
1485,4995.0,4996.85009765625,4995.0,4995.25,4995.25,72.0,5001.724013671875,5001.633124415188,43.280493300107054,0.08621291039980945,-83.46662565364504,-0.5503073299632888,-0.9896800199485369,-1.1396689638894077,0.1499889439408708,-6.324230383833856,4997.903970703615,-0.027020326419224323,0.06470170926907126,-0.003291329442252982,23.655953211985548,-81.367639172299,2.532470703125,4998.3125,5004.425048828125,8.0,28.000000000000004,-20.000000000000004,4997.217529296875,5001.401721724742,4993.033336869008,0.26488541925424497,0.1674608881176992,4997.320011393229,5000.592545572917,4994.047477213541,5000.5498046875,4992.0,3.3882192544369465,166796.0,-0.35078975117589917,-230.06788914477642,0.0,397.0180816177869,4997.9206588428615,5022.928017578125,5012.112772593926,18.198145553111825,1.0102312279690513,0.94552951869998
1486,4996.7998046875,4998.5498046875,4994.0,4994.7998046875,4994.7998046875,1175.0,5001.4030078125,5001.365151092533,42.52910686589356,0.0,-87.78887729238109,-0.9409150965066146,-1.1384126088169069,-1.1394176928749076,0.0010050840580007048,-7.428662494872396,4997.796831529465,-0.09900885669283463,-0.007949864918729732,-0.00322186244946801,23.6983330083132,-71.16033451506428,-0.9127197265625,4998.0625,5004.425048828125,4.0,24.0,-20.0,4996.9625244140625,5001.082889657246,4992.842159170879,0.23755727964401385,0.1649147946598353,4997.122509765625,5000.5875244140625,4993.657495117188,5000.5498046875,4992.0,3.4711896425128788,165621.0,-0.4328121812563554,-272.76954672230835,135469.3757726791,396.91218511767426,4997.48079943542,5022.636015625,5011.940504256549,17.577856758356194,0.9614575490500022,0.969407413968732
1487,4992.60009765625,4998.2001953125,4992.10009765625,4997.9501953125,4997.9501953125,69.0,5001.1730078125,5001.231231258022,49.17829335637549,0.7316915237944988,-30.765674660502746,-1.4655833524811896,-0.9906544150953778,-1.1096650373190018,0.11901062222362402,-6.6014490547881906,4997.799828231897,0.038037863898333746,-0.0570770834838803,-0.0030952282219370336,23.924303649423926,-62.7299662938953,0.4924560546878638,4997.5875244140625,5004.425048828125,72.0,20.0,52.0,4997.257543945312,5000.721270172992,4993.793817717632,0.5999864483590805,0.13862508374725593,4997.199194335937,5000.594213867187,4993.804174804687,5000.5498046875,4992.0,3.658968786351245,165690.0,-0.3714936213189993,-202.7486181726929,-9943653.016850568,396.95570577147924,4997.468104734799,5022.339765625,5011.80129720238,17.687544913484334,0.9059348191888014,0.9630119026726817
1488,4996.2001953125,4998.7998046875,4992.0,4992.0,4992.0,1962.0,5000.81201171875,5000.86922218908,39.80993431126236,0.0,-100.0,-1.7833941291355586,-1.3382593946280394,-1.1553839087808093,-0.18287548584723012,-8.780837323180963,4997.17287736645,-0.11505177329798409,-0.11187993559763865,-0.0031621508241861575,24.297563189923412,-151.74205990168429,-1.0223388671875,4996.3125,5004.425048828125,68.0,100.0,-32.0,4996.9725341796875,5001.115195490383,4992.829872868992,-0.10016180502735628,0.1658068473404224,4997.122517903646,5000.572517903646,4993.672517903646,5000.5498046875,4992.0,3.88331420786187,163728.0,-0.5590138343188603,-1841.5392731658794,86559.17753867053,394.61989153826136,4996.455801982595,5022.024765625,5011.604269369521,17.49330124978374,0.8802806102890439,0.9921605458866826
1489,4994.0,4994.9501953125,4991.10009765625,4991.39990234375,4991.39990234375,837.0,5000.454013671875,5000.497876312793,39.0029539491319,0.0,-96.82736526636697,-2.247939165900789,-1.643219697101813,-1.25295106644501,-0.39026863065680284,-10.781171036475694,4996.6182262740995,-0.09107963031775933,-0.171118087418498,-0.0033731573377162928,24.65353942793595,-204.61976235851287,3.154882812499636,4995.7874755859375,5004.25,64.0,100.0,-36.0,4996.74501953125,5001.53630337152,4991.9537356909805,-0.057795923357284104,0.19177619916732808,4996.913346354167,5000.448356119791,4993.378336588541,5000.5498046875,4991.10009765625,3.8809415970324506,162891.0,-0.5828410235560237,-1650.2167681823612,-1092358.6581058116,394.5192742028685,4995.936627432738,5021.704765625,5011.403230891652,17.63637691469501,0.8971359574981889,1.0682540449166869
1490,4991.4501953125,4992.85009765625,4990.0,4990.0,4990.0,700.0,5000.014013671875,5000.086194888762,37.11297168367768,0.0,-100.0,-3.050878906249636,-1.9750956800553467,-1.3973799891670775,-0.5777156908882692,-13.02376574261376,4995.351852252196,-0.19800201078244242,-0.27648629738758534,-0.0037197526851808537,24.95649976157798,-219.2155822166544,1.902587890625,4995.14990234375,5003.699951171875,60.0,100.0,-40.0,4996.447509765625,5002.066678848605,4990.828340682645,-0.07370668780495367,0.22492657321015927,4996.597509765625,5000.0775390625,4993.11748046875,5000.5498046875,4990.0,3.807309886976561,162191.0,-0.5871905021061073,-1554.4617499598812,-651490.6542641777,394.32295019361305,4995.371856122972,5021.335014648437,5011.190263420094,18.14596003683628,0.8617617785310957,1.138248075918681
1491,4990.0,4990.0,4977.0,4979.89990234375,4979.89990234375,1215.0,4999.326015625,4999.294575573272,26.961707381642285,0.0,-87.68608749740825,-5.322038717831674,-3.0183100588792513,-1.7215660031095124,-1.296744055769739,-19.123686685869078,4991.13921675389,-0.3691257105249867,-0.4642634207240949,-0.004529686666593055,25.65865186579591,-373.87427964903975,4.5574951171875,4988.637451171875,4997.199951171875,56.00000000000001,100.0,-43.99999999999999,4995.6925048828125,5004.838024937148,4986.546984828477,-0.36340647908680995,0.3661362281764217,4995.979174804687,4999.964184570313,4991.994165039063,5000.5498046875,4977.0,4.463930609335378,160976.0,-0.6163534987829139,-3085.4841645861484,-8479476.11239712,391.86370797871456,4993.362126183201,5020.942763671875,5010.878916543713,21.062326457932702,0.6812454826204087,1.1455089033445036
1492,4981.9501953125,4981.9501953125,4977.0,4977.0,4977.0,440.0,4998.566015625,4998.420278491967,24.85926022453566,0.0,-100.0,-8.014399988511286,-4.032577806930931,-2.183768363873796,-1.8488094430571347,-24.775035402840697,4987.128355656377,-0.4649767511624419,-0.6137268681189975,-0.00571977918053534,25.931776702280395,-297.45363934965945,5.077587890625182,4988.33740234375,4997.199951171875,52.0,100.0,-48.0,4994.772509765625,5007.024848216357,4982.520171314893,-0.2252701121949002,0.49060646613141135,4995.106673177083,4999.114192708334,4991.099153645833,5000.5498046875,4977.0,4.498663802418565,160536.0,-0.6395159700329759,-2826.9802883952702,-4528193.798932162,391.60748655734636,4992.476700363986,5020.530764160157,5010.541812896512,23.77038099180795,0.6832093440279158,1.2969362121469132
1493,4978.85009765625,4983.7001953125,4977.0498046875,4983.7001953125,4983.7001953125,669.0,4997.991015625,4997.843020328067,37.06958149853995,0.45633668400586364,-71.5488285299606,-10.542171702665655,-4.24678820788904,-2.596372332676845,-1.650415875212195,-25.059435348359838,4986.808299907755,-0.3230077307981792,-0.574047292461832,-0.006840563185373766,26.070169745602588,-186.5671192823863,4.872485351562318,4988.33740234375,4997.199951171875,48.0,96.0,-48.0,4994.127514648438,5007.254088332256,4981.000940964619,0.10281640940348163,0.5256803573924224,4994.354174804687,4998.5491943359375,4990.159155273437,5000.5498046875,4977.0,4.655916053138668,161205.0,-0.5343590286244922,-1782.7787237584462,894574.3064709308,392.50811558368,4990.978254766735,5020.173015136719,5010.274732124532,25.532379017712564,0.6740443105916031,1.248091603053435
1494,4987.0,4989.0,4987.0,4989.0,4989.0,1708.0,4997.45201171875,4997.496235217162,44.72141680089806,0.7610364528944658,-48.71773469941364,-11.17072897518392,-3.943443980486336,-2.8657866622387433,-1.0776573182475926,-22.34033801492626,4986.886107668048,-0.20004000800160032,-0.4296032480945937,-0.0076463838021293175,26.128585855812723,-75.13694873776969,3.260083007812682,4988.33740234375,4997.199951171875,44.0,92.0,-48.0,4993.590014648437,5006.631760109265,4980.54826918761,0.32402606069011614,0.522339456085521,4993.833341471354,4997.978361002604,4989.688321940104,5000.5498046875,4977.0,4.7019080984501915,162913.0,-0.31638963732480563,-234.94370518581104,892857.1428571428,394.3244500443212,4990.121108484387,5019.868015136719,5010.063043247672,25.2839622474843,0.7862953201795,1.2158985682740937
1495,4989.0,4989.64990234375,4985.10009765625,4985.10009765625,4985.10009765625,274.0,4996.881015625,4997.010112175559,40.790923320401,0.6462383494799103,-64.85828072702623,-11.543238740808192,-3.9719449125877873,-3.0870183123085524,-0.8849266002792349,-21.652420980644802,4986.8030817665285,-0.23514813873466578,-0.42460444246877904,-0.008344091900123175,26.139863762405927,-85.24392502283942,3.807568359375182,4988.33740234375,4997.199951171875,40.0,88.0,-48.0,4993.042529296875,5006.5367424463675,4979.548316147382,0.20570971598579585,0.540520657307237,4993.318343098958,4997.505843098958,4989.130843098958,5000.5498046875,4977.0,4.691043569096607,162639.0,-0.3205647524667832,-354.0336390431952,-1037820.412294708,394.1102641869976,4989.969232978738,5019.577265625,5009.814655729349,25.410798665302366,0.7745426257518718,1.1991470682206509
1496,4987.0,4987.39990234375,4985.10009765625,4986.0498046875,4986.0498046875,67.0,4996.445009765625,4996.580296195635,42.12488693396638,0.7099635341515943,-60.653023097826086,-10.464559397978519,-3.8732502681514234,-3.2442647034771266,-0.6289855646742968,-20.665845105788375,4986.774970539902,-0.21614202462899237,-0.4486655496589387,-0.008886042555002503,26.092151598826845,-79.58198417474925,2.79248046875,4988.33740234375,4997.199951171875,36.0,84.0,-48.0,4992.45751953125,5006.09835624418,4978.81668281832,0.26512749992541446,0.5464577979708278,4992.722509765625,4996.8625,4988.58251953125,5000.5498046875,4977.0,4.520240791839706,162706.0,-0.3196596148323469,-294.3673518807745,-3861612.348414179,394.1230282980179,4989.838635967826,5019.325014648438,5009.5781895498285,25.528575338990574,0.7796176468526321,1.2282831965115708
1497,4987.7998046875,4989.2998046875,4985.25,4988.39990234375,4988.39990234375,107.0,4996.12201171875,4996.259496436737,45.40286816567567,0.8447543053939581,-47.70640146933656,-8.54576918658131,-3.564313622374357,-3.308274487256573,-0.256039135117784,-18.767578788021076,4986.845100816657,-0.13713222874230518,-0.3937397385871767,-0.009191188472928569,25.994493568635214,-54.977326057804234,2.719799804687682,4987.375,4996.77490234375,32.0,80.0,-48.0,4992.080004882812,5005.7312118483205,4978.428797917304,0.36520962767758774,0.5469145907980563,4992.2625,4996.449975585938,4988.075024414063,5000.5498046875,4977.0,4.486638212958298,162813.0,-0.2980917087899629,-216.3919517236996,3879116.1831294266,394.17346109734183,4989.431760151092,5019.165764160156,5009.367460323898,25.00889936191306,0.809320738892798,1.2030604774799747
1498,4989.2998046875,4992.5498046875,4988.9501953125,4990.2001953125,4990.2001953125,393.0,4995.81701171875,4996.021876784806,47.84008111442419,0.944972637904784,-39.44810285355911,-6.221501608456492,-3.1380371688037485,-3.274227023566008,0.13618985476225953,-16.449061349832704,4986.875139038143,-0.09208796257826744,-0.23872990983927866,-0.009236258119802445,25.924275201658414,-15.948257519247102,6.355175781250182,4986.8499755859375,4991.925048828125,28.000000000000004,76.0,-48.0,4991.59501953125,5004.78180026024,4978.40823880226,0.4471127848632754,0.528359399245829,4991.858341471354,4996.038297526042,4987.678385416666,5000.5498046875,4977.0,4.462585650871992,163206.0,-0.3181733510882117,-84.40522480334968,3182950.153302297,394.31529317788255,4989.446207934295,5019.029514160156,5009.176741269059,23.569958427894942,0.8598623174950312,1.0985922273343098
1499,4992.5498046875,4992.5498046875,4989.9501953125,4989.9501953125,4989.9501953125,415.0,4995.496015625,4995.7837716290305,47.52282688405522,0.9319271262411809,-40.59490211889083,-5.330319393381615,-2.7882418029712426,-3.177029979447055,0.38878817647581254,-14.714108707366021,4986.899498006148,-0.16006562065190397,-0.22229859400307594,-0.00909686980057499,25.832279749488,-8.33395841479971,0.8249755859378638,4986.77490234375,4991.52490234375,24.0,72.0,-48.0,4991.175024414062,5004.004696103071,4978.345352725053,0.45226576598170376,0.5140942413861828,4991.454174804688,4995.681616210937,4987.226733398437,5000.5498046875,4977.0,4.329515916881135,162791.0,-0.2959319470328004,-87.16876411715687,313205.94879518077,394.29450242882655,4989.458020517255,5018.886264648438,5008.9854323540685,22.233798989163834,0.8752637094908196,1.0975623034938955
1500,4990.0,4990.0,4986.7998046875,4986.7998046875,4986.7998046875,326.0,4995.160009765625,4995.431459199951,43.59907223394145,0.7705821159834921,-55.046364735922594,-4.794456571691626,-2.7337239815587964,-3.0883687798694037,0.35464479831060736,-14.419640226594414,4986.898155615935,-0.1041705791766827,-0.31746868454271804,-0.008945286652260529,25.71768350710476,-41.47381335010917,0.8973876953123181,4986.77490234375,4991.5,20.0,68.0,-48.0,4990.502514648438,5002.756039498961,4978.248989797914,0.34891245555439393,0.4910737872411205,4990.862508138021,4995.137459309896,4986.587556966146,5000.39990234375,4977.0,4.24885015942534,162465.0,-0.3554223766290389,-221.4342754932773,-2797812.6256743823,394.08868327161036,4988.592096604458,5018.745764160156,5008.764679839973,21.760406457617734,0.84232684598205,1.159795530524768
1501,4985.2998046875,4988.5498046875,4983.5,4986.2001953125,4986.2001953125,140.0,4994.844013671875,4995.069448851424,42.873505664411496,0.7838817214663569,-57.79689109886664,-4.551978975183374,-2.707689125961224,-3.0122328490877677,0.30454372312654376,-14.392839376739214,4986.870099563133,-0.1041733207713619,-0.35833327465904363,-0.008798040896240766,25.684538921064444,-58.858715546826964,0.1799804687498181,4986.787353515625,4991.35009765625,16.0,64.0,-48.0,4989.82001953125,5001.417959074056,4978.222079988444,0.3439453747197893,0.46486404308808255,4990.202506510416,4994.589957682291,4985.815055338541,5000.0498046875,4977.0,4.306061197144958,162325.0,-0.35501144666459944,-201.79299506566628,-8566632.95200893,394.0718497680033,4988.498274771245,5018.587766113281,5008.540157605869,22.001888568191408,0.8197525822554866,1.1780858569145303
1502,4986.2001953125,4988.5498046875,4986.2001953125,4988.25,4988.25,21.0,4994.569013671875,4994.802019484701,46.171436601583,0.9273896906974551,-37.32658723682063,-4.3121036305146845,-2.4929174078888536,-2.908369760847985,0.4154523529591314,-13.411269709944651,4987.0069769214515,-0.03507014028056112,-0.34899520739130097,-0.008562706132400372,25.60800603425726,-30.279853168557793,-9.382617187499818,4988.39990234375,4991.35009765625,12.0,60.0,-48.0,4989.28251953125,5000.098949655046,4978.466089407453,0.4522707806812236,0.433586596126966,4989.650008138021,4994.007454427084,4985.292561848959,5000.0,4977.0,4.166314638420318,162346.0,-0.3596466885759905,-166.81601027949966,15105724.334716797,394.08048277445135,4986.948094118258,5018.498015136719,5008.338265490388,22.22612195658125,0.8505413315477042,1.1995365389390051
1503,4986.25,4987.0,4983.7998046875,4987.0,4987.0,259.0,4994.325009765625,4994.496057936282,44.48488860562385,0.8540003194456554,-36.90890607190167,-5.040204216452366,-2.3959547523290894,-2.8058867591442063,0.4099320068151169,-13.065786153019568,4987.0068060244175,0.14257510784319974,-0.3335942508684826,-0.008310626317345006,25.507901853554685,-51.03145443823834,-11.790014648437136,4988.39990234375,4991.35009765625,8.0,56.00000000000001,-48.00000000000001,4988.790014648437,4999.066845275198,4978.513184021676,0.4129101805095458,0.4119969209602019,4989.0825032552075,4993.349959309895,4984.81504720052,4998.7998046875,4977.0,4.18659182942601,162087.0,-0.33170479234175315,-189.23515166814258,-2440424.039096906,394.0155802535272,4986.221053782578,5018.3675146484375,5008.125944440732,22.89964886559976,0.8099178482503615,1.143512099118844
1504,4986.9501953125,4986.9501953125,4984.2001953125,4986.0,4986.0,83.0,4994.049013671875,4994.162879193684,43.12765127961611,0.7949407526655617,-42.121459523959054,-5.811934168198604,-2.372454611907415,-2.7192003296968483,0.3467457177894335,-13.15096300252218,4986.978072250638,0.18083182640144665,-0.27959772901916613,-0.008081048756366635,25.475795126113677,-49.56563806647305,-4.547314453125182,4988.39990234375,4991.35009765625,4.0,52.0,-48.0,4988.247509765625,4997.891152763413,4978.603866767838,0.38347195317470745,0.3866545506776847,4988.556673177083,4992.8691243489575,4984.244222005208,4998.7998046875,4977.0,4.087535605002723,162004.0,-0.33232247091924993,-174.0587014298365,580789.9567018072,393.9989369810187,4985.6730501105185,5018.206765136719,5007.905785789581,23.525066709688378,0.8319369735673946,1.1115347025865607
1505,4986.0,4987.39990234375,4985.0498046875,4987.39990234375,4987.39990234375,78.0,4993.830009765625,4993.897664415254,45.628552875165624,0.9037663515217759,-33.11875902782139,-6.003557272519174,-2.215333179746267,-2.6184268997067326,0.4030937199604656,-12.538761213702184,4986.9886143993335,0.07423614756621635,-0.020984068146986612,-0.0078058855833481235,25.443745324457097,-28.744616140262167,1.1449951171871362,4988.39990234375,4991.35009765625,4.0,48.0,-44.0,4987.855004882813,4996.9500762793705,4978.759933486255,0.4749808154757798,0.36468868432037743,4988.102498372396,4992.439949544271,4983.765047200521,4998.7998046875,4977.0,3.963432894377529,162082.0,-0.3202054931791258,-133.59426082378846,1957384.8981123704,394.02083677700995,4986.510778498106,5018.077014160156,5007.70174714833,23.931301729628444,1.0520101935345902,1.0729942616815769
1506,4988.0,4989.0,4987.7001953125,4989.0,4989.0,24.0,4993.769013671875,4993.705599144068,48.42049274255477,1.0,-22.901965725806452,-5.300280043657949,-1.9393432625420246,-2.482610172273791,0.5432669097317664,-11.244034413454344,4987.053418868669,0.0,0.2050547135251074,-0.00743416481104738,25.33483340300212,18.1779534557419,-2.464916992187682,4988.3624267578125,4991.35009765625,4.0,44.0,-40.0,4987.565014648438,4996.109024261178,4979.021005035697,0.5839761082093434,0.34261246069561896,4987.741674804687,4991.9166259765625,4983.566723632813,4998.7998046875,4977.0,3.794623234511277,162106.0,-0.2775632323192803,-109.02331731324726,11510009.566942852,394.0285366495892,4987.279414951191,5017.956513671875,5007.515660112028,23.69581078835412,1.1010752892271773,0.8960205757020699
1507,4988.0,4988.9501953125,4987.2998046875,4987.2998046875,4987.2998046875,87.0,4993.63701171875,4993.45439151832,45.73326552495544,0.6477878280002931,-58.01230171576562,-4.903956514245692,-1.8366391841054792,-2.3534159746401286,0.5167767905346494,-10.854466194473684,4987.056360895251,0.04412563415294699,0.17868743889747396,-0.007065706233198564,25.181179859122402,13.136400412460917,-0.9826904296878638,4988.27490234375,4991.35009765625,20.0,40.0,-20.0,4987.032495117188,4994.125411572187,4979.939578662189,0.5188434173733814,0.28445439094064745,4987.329996744791,4991.282462565104,4983.377530924479,4998.7998046875,4977.0,3.6450212400819,162019.0,-0.2923871195865768,-114.57955658099766,-427010.41561433644,393.9988880241758,4988.26564555964,5017.81326171875,5007.314507321735,23.576773788017558,1.1022632901279343,0.9235758512304604
1508,4987.75,4990.4501953125,4987.75,4990.4501953125,4990.4501953125,97.0,4993.52201171875,4993.336579902406,51.14385581685488,1.0,-23.20060429480954,-3.8948026769303397,-1.4839294524635989,-2.1795186702048226,0.6955892177412237,-8.952123993105117,4987.0748638096375,0.08825404473222653,0.036109120969964215,-0.006578208165883089,24.949296671361864,67.4781358121783,1.444897460937682,4987.737548828125,4991.35009765625,16.0,36.0,-20.0,4986.955004882812,4993.860535917045,4980.0494738485795,0.7530718066692456,0.2769437874402912,4987.094173177084,4990.841658528646,4983.346687825521,4994.9501953125,4977.0,3.6096904818617643,162116.0,-0.10174505132826014,-54.55563555156944,2714385.6913773054,394.0601612386591,4988.269434801925,5017.696762695313,5007.14670322214,22.889106369236107,0.9571011297878204,0.9209920088178561
1509,4989.10009765625,4990.0,4986.85009765625,4990.0,4990.0,488.0,4993.330009765625,4993.205733631724,50.37097493804221,0.9143049622580424,-28.175245494766376,-3.06233053768392,-1.2265920585559797,-1.9889333478750542,0.7623412893190744,-7.588022166590401,4987.087741322499,0.03207637093205399,0.03459112412705567,-0.006036648339636304,24.861046910018914,59.76033606498697,3.315185546875,4987.4375,4991.35009765625,12.0,32.0,-20.0,4986.885009765625,4993.635545889824,4980.134473641426,0.7307216921044551,0.2707315733561102,4986.917504882813,4990.62998046875,4983.205029296875,4992.85009765625,4977.0,3.6090052800323527,161628.0,0.05095388793936466,-78.14701797277381,-435724.97660996486,394.0161380936718,4988.573102597618,5017.606762695313,5006.976089259731,22.502709937847037,0.9688443343095292,0.9342532101824735
1510,4991.85009765625,4992.7001953125,4991.85009765625,4992.0,4992.0,570.0,4993.120009765625,4993.158449959892,53.71718048005439,1.0,-7.610657042776776,-1.6758085363053397,-0.8514520256248943,-1.7614370834250224,0.9099850578001281,-5.456760170398942,4987.447225903041,0.0360667832362844,0.1771316964285714,-0.005392074128917547,24.74619110357561,149.35934782529924,2.965185546874636,4988.074951171875,4991.35009765625,8.0,28.000000000000004,-20.000000000000004,4986.985009765625,4993.972264602227,4979.997754929023,0.8588669908033219,0.28021960454741324,4986.979174804687,4990.591650390625,4983.36669921875,4992.7001953125,4977.0,3.54409028235147,162198.0,0.09620873398562245,95.8739845947653,574203.332265218,394.24459500749947,4989.291368817213,5017.455512695313,5006.827073446202,21.16172884773298,1.041127232142857,0.8639955357142857
1511,4992.75,4992.75,4990.25,4990.25,4990.25,38.0,4992.874013671875,4993.044393098719,50.50816927125714,0.7040660787643699,-27.027027027027028,-0.8752383961400483,-0.687436877024993,-1.5466370421450166,0.8592001651200236,-4.503790830600402,4987.57517438501,0.006008169936878988,0.09832689237035142,-0.004764106068680931,24.565106235427233,110.74128007763615,-0.7027099609376819,4988.08740234375,4991.35009765625,4.0,24.0,-20.0,4987.502514648438,4993.814627428394,4981.190401868482,0.7176359522826457,0.2531171768401937,4987.418343098959,4990.505818684896,4984.330867513021,4992.75,4977.0,3.4695124050406507,162160.0,0.21526968418149858,72.67770108122741,-5099647.923519736,394.23127369339693,4989.372101365829,5017.219763183593,5006.662127441762,20.394475966716495,1.0011686298104736,0.9028417374401222
1512,4990.25,4992.2998046875,4990.10009765625,4992.0,4992.0,355.0,4992.600009765625,4993.003436506613,53.49973232547936,0.9799470052106926,-8.108108108108109,-0.05951430376899225,-0.41149980188856716,-1.319609594093727,0.9081097922051597,-2.8361479571263026,4987.761488259212,0.10427920743102445,-0.08449388586956519,-0.004096450007846059,24.25896546114699,119.6574162069563,-2.052319335937682,4988.1875,4991.35009765625,4.0,20.0,-16.0,4988.252514648438,4992.677181851318,4983.827847445557,0.9234765214797216,0.1774034971119397,4988.059171549479,4991.009122721354,4985.109220377604,4992.75,4977.0498046875,3.378812021198461,162515.0,0.33085766412009093,151.0451723553378,-185920.99068870008,394.3557664542806,4989.46404010338,5017.054763183593,5006.516235626422,19.726582565313958,0.9192425271739131,1.0037364130434783
1513,4990.75,4991.9501953125,4990.0,4990.25,4990.25,623.0,4992.440009765625,4992.895458604393,50.229997859491895,0.6784132058689232,-27.027027027027028,0.5566607306982405,-0.3302214689247194,-1.1217319690599254,0.7915105001352061,-2.3137218227273717,4987.844605427282,0.08122025849076817,-0.12233387517856276,-0.0034913658738340014,23.852339055748157,85.61578727434699,-0.3300048828123181,4988.39990234375,4991.35009765625,88.0,16.0,72.0,4988.580004882812,4992.555171259262,4984.604838506362,0.7100534869535507,0.15937065748405954,4988.521671549479,4991.236612955729,4985.806730143229,4992.75,4983.5,3.280325448255714,161892.0,0.14931159617544684,-26.282709409710463,-70386.56054109479,394.1373670151781,4989.53598842579,5016.903762207031,5006.354382535612,19.138054997447366,0.8890202453081129,1.0113541204866756
1514,4990.0,4990.10009765625,4987.0498046875,4987.0498046875,4987.0498046875,441.0,4992.181005859375,4992.666217274319,44.8337813649862,0.18077595777280653,-61.623733108108105,0.9057545381438104,-0.5180648914583799,-1.0009985535396164,0.48293366208123656,-3.4449804119238885,4987.83693651871,-0.024060448303513258,-0.09963794886951383,-0.0030726254968568086,23.60481131145165,-16.982292540652832,-1.482495117187682,4987.8875732421875,4988.85009765625,84.0,12.0,72.0,4988.482495117188,4992.507037134703,4984.4579530996725,0.32200578060155816,0.16135335831906597,4988.508333333333,4991.275789388021,4985.740877278646,4992.75,4983.5,3.2746018671303054,161451.0,-0.25179814750971663,-224.14034132439468,-1660124.7041403842,393.8545583116437,4989.504580247585,5016.740261230469,5006.16229718389,19.454896653213712,0.8902886557312447,0.9899266046007585
1515,4986.0498046875,4987.60009765625,4983.5,4983.5,4983.5,167.0,4991.865009765625,4992.3067577733655,39.73452456650002,0.0,-100.0,-0.04367819393337413,-0.9425070933975803,-0.9893002615112093,0.04679316811362899,-6.048826710743061,4987.701261677722,-0.07018247443352717,-0.13566913536633063,-0.0029296577364403857,23.573136646676193,-130.69320678539668,-2.402490234375364,4986.5250244140625,4988.77490234375,80.0,8.0,72.0,4988.402490234375,4992.743949013111,4984.06103145564,-0.06461324225715001,0.17406208850367383,4988.420833333334,4991.165804036458,4985.675862630209,4992.75,4983.5,3.3335658520674265,161284.0,-0.2350461914066699,-276.8084901084097,-7426583.838320063,393.73568695362053,4989.415852669134,5016.558010253906,5005.936801689523,20.569828284370878,0.8811365270820979,1.0168056624484285
1516,4984.5498046875,4984.5498046875,4980.60009765625,4981.9501953125,4981.9501953125,152.0,4991.506015625,4991.900618069018,37.71754223346196,0.0,-88.88799582043966,-1.3580997242652302,-1.3879376016884635,-1.0690277295466601,-0.31890987214180333,-8.838432775739806,4987.2878590912605,-0.0812235196048937,-0.3449282737229814,-0.003032538615779952,23.271368910826784,-196.94908957761282,-0.797607421875,4985.7750244140625,4988.77490234375,76.0,4.0,72.0,4988.197509765625,4993.286673985069,4983.108345546181,-0.11378589722614688,0.2040482242124728,4988.230004882813,4991.057470703125,4985.4025390625,4992.75,4980.60009765625,3.377575936294753,161132.0,-0.23842665460160306,-270.9173218786369,-7730765.876017119,393.6884168999434,4989.116968088428,5016.340510253906,5005.698128989255,22.146942114717262,0.7468983231559562,1.0918265968789376
1517,4980.10009765625,4985.9501953125,4980.0498046875,4983.0,4983.0,490.0,4991.32501953125,4991.551574223174,39.94149130764919,0.13899995986852248,-76.77047289504037,-2.5716193704047328,-1.637359562153506,-1.1826940960680294,-0.45466546608547653,-10.495549599883642,4987.128653916553,-0.08822036391512009,-0.21797300774214678,-0.0032487120344425243,23.23868220091823,-151.3803329364629,1.0724853515621362,4985.637451171875,4988.77490234375,72.0,96.0,-24.0,4987.927514648438,4993.495515366906,4982.35951392997,0.05751490547639628,0.22325908715057705,4987.997509765625,4990.917504882813,4985.0775146484375,4992.75,4980.0498046875,3.5577769854879846,161622.0,-0.23235268902069325,-158.72851919954596,511827.3715583646,393.79167050078405,4988.528629041642,5016.080510253906,5005.472276959511,23.027856899214022,0.8299417584730896,1.0479147662152364
1518,4985.0498046875,4985.89990234375,4981.7998046875,4985.89990234375,4985.89990234375,893.0,4991.089013671875,4991.329940031824,45.70849855363336,0.49944606228039556,-53.93694732795079,-3.6415153952202672,-1.5827850187188233,-1.2627122805981883,-0.32007273812063497,-10.207456311831132,4987.078585626096,-0.06213865817298055,-0.1800519456951989,-0.0034116629989414332,23.207694331532075,-93.79386511122406,-0.4126953124996362,4985.64990234375,4988.77490234375,68.0,92.0,-24.0,4987.7125,4993.244853356046,4982.180146643953,0.33618204228870363,0.22183930433226734,4987.695833333333,4990.640852864583,4984.750813802084,4992.75,4980.0498046875,3.5965141762567,162515.0,-0.03586233557080829,233.8916682530677,390199.5977121932,394.3113600036877,4987.788115323291,5015.841259765625,5005.277526963334,23.84584919910387,0.867583844661956,1.047635790357155
1519,4985.9501953125,4985.9501953125,4982.5,4982.5,4982.5,397.0,4990.820009765625,4990.983667873713,40.76604815585588,0.19053592808844788,-80.70742022299116,-4.167369887407403,-1.793207030415033,-1.3688112305615572,-0.42439579985347575,-11.510808993225035,4986.764935725804,-0.09624054850259302,-0.187996284090155,-0.0036583806203790755,23.2962546091895,-105.63794677534864,3.110205078124636,4986.39990234375,4988.77490234375,64.0,88.0,-24.0,4987.339990234375,4993.212336847264,4981.467643621487,0.08789981642495408,0.23549012597445207,4987.3375,4990.325048828125,4984.349951171875,4992.75,4980.0498046875,3.586062828845507,162118.0,-0.032833102203776436,7.65553986423663,326112.2355232911,394.0406443341183,4987.466376877517,5015.591259765625,5005.050884903997,24.582554531021632,0.8674990599632832,1.0554953440534383
1520,4984.4501953125,4984.4501953125,4982.5,4982.5,4982.5,611.0,4990.551005859375,4990.65097501592,40.76604815585588,0.19053592808844788,-80.70742022299116,-4.205895278032585,-1.9376321731351709,-1.4825754190762799,-0.455056754058891,-12.546119276687309,4986.2770331317115,-0.15930817864824243,-0.3022416309154149,-0.0039434908130464245,23.29871376214357,-104.95606782736833,2.875,4986.287353515625,4988.77490234375,60.0,84.0,-24.0,4987.125,4993.364095491108,4980.885904508892,0.12935332480552506,0.2502081055160216,4987.101676432291,4990.026725260416,4984.176627604166,4992.75,4980.0498046875,3.4692151491065424,162729.0,-0.07866658505577573,6.561891312202826,-239385.67665711947,394.0406443341183,4986.973924481334,5015.375759277344,5004.826497989529,25.266638053516697,0.8157320137372585,1.1179736446526733
1521,4982.4501953125,4982.4501953125,4981.4501953125,4982.39990234375,4982.39990234375,265.0,4990.29900390625,4990.32740353858,40.616089924944866,0.18116332674585509,-81.4955786236063,-3.942612591911711,-2.0366894948756453,-1.593398234236153,-0.4432912606394923,-13.430842867262724,4985.9042540394275,-0.152306566257515,-0.3637355662698899,-0.004238307619533219,23.272847210759846,-118.17676620517103,5.065014648437682,4986.199951171875,4988.77490234375,56.00000000000001,80.0,-23.999999999999993,4986.934985351562,4993.498227470432,4980.371743232693,0.1545089358524531,0.26321747278229757,4986.902514648437,4989.625073242188,4984.179956054688,4992.75,4980.0498046875,3.2964001161346466,162464.0,-0.03982337611731678,1.8350669952809944,-575434.8466981133,394.03532052500515,4986.729110267138,5015.1192578125,5004.603347784099,26.158033036498125,0.8004609885643658,1.1641965548342557
1522,4982.0,4982.4501953125,4982.0,4982.4501953125,4982.4501953125,133.0,4990.040009765625,4990.018493412067,40.73405269782392,0.18853616674767057,-81.09957708573626,-3.7100988051470267,-2.0870763962257115,-1.6921338666340646,-0.3949425295916469,-14.130389336614483,4985.373004621258,-0.19130217723357373,-0.4216334231166273,-0.004516733042222516,23.133331780445044,-100.52609390073373,3.605004882812864,4985.7374267578125,4988.77490234375,52.0,76.0,-24.0,4986.644995117187,4993.457966965107,4979.832023269268,0.19214610757799225,0.27324872151880003,4986.634187825521,4989.261775716145,4984.006599934895,4992.75,4980.0498046875,3.093099773017886,162597.0,-0.020335402933901566,2.5284809736337097,93052.4410161757,394.0366630436658,4986.575688022408,5014.867509765625,5004.382918406272,26.985756949266595,0.8007285499009219,1.2223619730175492
1523,4981.89990234375,4981.89990234375,4978.0,4978.75,4978.75,952.0,4989.6830078125,4989.576591709633,35.194738660206156,0.0,-94.91525423728814,-4.105514705882342,-2.3979412424832844,-1.8332953418039086,-0.5646459006793758,-16.396851001962805,4984.206761079513,-0.2304493762837533,-0.4845264944546489,-0.004908270132982452,23.130432231679997,-141.30735952813225,5.767504882812318,4984.0875244140625,4988.77490234375,48.0,100.0,-52.0,4986.232495117188,4993.859876337978,4978.605113896398,0.00949776203708582,0.3059376484453649,4986.315022786459,4988.977596028646,4983.652449544271,4992.75,4978.0,3.19003516869518,161645.0,-0.13997027489064046,-501.05929309402825,-932021.9649988062,393.32966431825673,4985.286519940036,5014.601508789063,5004.127864491783,28.617060508832207,0.7333348833964984,1.2178613778511473
1524,4978.2998046875,4979.64990234375,4978.0,4978.39990234375,4978.39990234375,378.0,4989.256005859375,4989.1382901658735,34.713734380687825,0.0,-97.28879766949153,-4.814952895219903,-2.6420973738950124,-1.9950557482221296,-0.6470416256728828,-18.4023829770837,4983.379933880232,-0.27243785369090545,-0.6495761145623428,-0.0053629221059608755,23.128019936349006,-136.9725588189384,4.397509765624818,4983.675048828125,4988.77490234375,44.0,100.0,-56.0,4985.852490234375,4994.210625227208,4977.4943552415425,0.05417160066115369,0.33527405831614465,4985.963346354167,4988.570914713542,4983.355777994792,4992.75,4978.0,3.080025681199096,161267.0,-0.16471301512181072,-448.3846675180957,-491042.3642113095,393.3030839689597,4984.1962284311385,5014.3247583007815,5003.87186486842,30.131842385571705,0.6495761145623428,1.2991522291246855
1525,4978.4501953125,4980.2998046875,4978.4501953125,4980.2998046875,4980.2998046875,23.0,4988.941005859375,4988.7916828922125,39.54262368813883,0.25704726049913307,-83.91723007580414,-5.513648897058374,-2.6517192571373016,-2.126388450005164,-0.5253308071321374,-18.803888353307464,4983.26522265499,-0.19939272205801314,-0.593552602918754,-0.005755503252316061,23.114880651764096,-104.3695174896917,1.552319335937682,4983.675048828125,4988.77490234375,40.0,96.0,-56.0,4985.497485351562,4994.160156602417,4976.834814100707,0.19999550291434198,0.3475148177812867,4985.6166829427075,4988.19922688802,4983.0341389973955,4992.75,4978.0,2.9957311570955887,161290.0,-0.17362994382889585,-378.08717874318916,4423371.6052511465,393.31186143858116,4984.134067194585,5014.101257324219,5003.637317005923,31.160992051573267,0.6939301531982865,1.2874827561170405
1526,4979.60009765625,4982.2001953125,4979.60009765625,4980.0,4980.0,182.0,4988.586005859375,4988.446911014086,39.051763402556595,0.2795794894688865,-85.6632831641582,-5.765571863510559,-2.6529547902218837,-2.2317017180485084,-0.4212530721733754,-19.270647606736638,4983.191832925048,-0.1413622274410343,-0.4981427784035084,-0.006090157779723612,23.06908187828229,-80.73166956594433,-1.5474853515625,4983.675048828125,4988.77490234375,36.0,92.0,-56.0,4985.0474853515625,4993.869209699218,4976.225761003907,0.21391730501623107,0.35392739481732255,4985.218351236979,4987.865909830729,4982.570792643229,4992.75,4978.0,2.967471621320904,161108.0,-0.19032597263888248,-331.8696465120193,2178862.527176574,393.30090538065997,4983.5652493020725,5013.811257324219,5003.402119821784,31.084611376672342,0.7288336648374032,1.2269764432409116
1527,4979.10009765625,4980.64990234375,4978.2998046875,4980.35009765625,4980.35009765625,245.0,4988.27400390625,4988.129388921622,39.988595310843145,0.47976117060655116,-80.57786207174851,-6.289145795036347,-2.5957616792902627,-2.3045137102968596,-0.2912479689934031,-19.416828865792944,4983.092689020307,-0.0632066287498746,-0.5523136323136323,-0.006346048344377575,23.09356140559102,-87.66189438799438,-2.749804687499818,4983.675048828125,4988.77490234375,32.0,88.0,-56.0,4984.7,4993.685451460089,4975.7145485399105,0.25794747970812604,0.36052125343909486,4984.814184570312,4987.496728515625,4982.131640625,4992.75,4978.0,2.923373480958696,161353.0,-0.15038442136255784,-272.2062790415523,-1367174.5572771344,393.3181290605357,4982.552596720431,5013.492006835938,5003.172746466903,31.356254416925065,0.7031541431541432,1.2554677754677754
1528,4980.35009765625,4981.0,4978.9501953125,4981.0,4981.0,64.0,4987.896005859375,4987.849805042343,41.777690873094706,0.6424836750740804,-68.75031788820507,-6.048089958640048,-2.469526870604568,-2.337516342358401,-0.132010528246167,-19.07698860429596,4982.854034364916,-0.01907275816193497,-0.42301910314230196,-0.006500351906400947,23.111804758437664,-72.59284436797711,-1.227490234375182,4983.300048828125,4988.77490234375,28.000000000000004,84.0,-56.0,4984.227490234375,4992.943586080613,4975.511394388137,0.3148545925084027,0.34974711179679097,4984.352514648437,4987.0025390625,4981.702490234375,4992.75,4978.0,2.8609757099973607,161417.0,-0.1554684826863779,-227.3777034641877,1602191.8505430222,393.32648063204863,4982.032653841462,5013.183256835938,5002.952122123949,31.420576410393075,0.7884843373788485,1.2115034405211504
1529,4980.0,4981.0,4979.25,4980.4501953125,4980.4501953125,119.0,4987.5380078125,4987.559624268623,40.67297472755257,0.5420071093046687,-69.18069033288293,-5.574844898897027,-2.386341261997586,-2.347281326286238,-0.039059935711347915,-19.064714719859438,4982.737932706512,-0.05117007199478226,-0.28058852556943603,-0.006588815026561668,23.124483589461374,-69.13755180520847,2.14990234375,4982.800048828125,4988.77490234375,24.0,80.0,-56.0,4983.75,4992.19082677773,4975.30917322227,0.30453308814450775,0.3387339564677142,4983.916682942709,4986.496712239584,4981.336653645833,4992.75,4978.0,2.7816203021404067,161298.0,-0.22607165366570636,-204.2418540853752,220444.6231617647,393.31334536647694,4981.892483170361,5012.876508789062,5002.728222354682,31.480303975756225,0.8776458977222554,1.1582344232916915
1530,4980.9501953125,4981.0,4980.0,4981.0,4981.0,74.0,4987.1530078125,4987.302384101226,42.31563983572176,0.6914114150569687,-62.26507800024567,-5.180727251838107,-2.250113516513011,-2.327847764331593,0.07773424781858207,-18.638270628471926,4982.687245688149,-0.09827518481561726,-0.11111111111111105,-0.006594978521547688,23.098600409879527,-57.48326532404421,-0.6999999999998181,4982.800048828125,4988.77490234375,20.0,76.0,-56.0,4983.2,4990.811672397815,4975.588327602185,0.35548510990624044,0.3054933535806229,4983.340844726563,4985.928369140625,4980.7533203125,4992.75,4978.0,2.6543617091303777,161372.0,-0.175958648688003,-169.25222537675018,506756.7567567568,393.3215144165185,4981.858751040102,5012.5567578125,5002.512021137222,31.53576528645058,0.9725639399704079,1.083675051081519
1531,4980.14990234375,4983.0,4980.14990234375,4982.39990234375,4982.39990234375,991.0,4986.80400390625,4987.1101299146585,46.38613777600777,1.0,-44.65667608401916,-4.878120691635559,-2.0060669361746477,-2.263491598700204,0.2574246625255565,-17.191616932835995,4982.6860496700665,-0.0020089845709984947,-0.08070397725516854,-0.006478034455206512,23.227493918021732,-25.958227271866267,-0.3074951171875,4982.9375,4988.77490234375,16.0,72.0,-56.0,4982.8074951171875,4989.700161336543,4975.914828897832,0.470432865855818,0.2766579373620052,4982.879174804688,4985.484204101563,4980.274145507812,4992.2998046875,4978.0,2.668342848210351,162363.0,-0.0727989107813026,53.112838627964095,309153.9672597506,393.60003343331346,4981.75213403441,5012.273757324218,5002.311900552213,30.433217604528497,0.9920733026360518,1.0727772798912203
1532,4982.4501953125,4982.4501953125,4980.14990234375,4981.39990234375,4981.39990234375,147.0,4986.452001953125,4986.886199421681,43.99773940994613,0.7953807553447585,-57.234983417270605,-4.235141888786529,-1.8717732685454394,-2.1851479326692513,0.313374664123812,-16.536351595742776,4982.666480679178,-0.022079230431510284,-0.16106304889238432,-0.006310150105904581,23.40613212212305,-32.3845507529454,0.1224121093746362,4982.9375,4988.699951171875,12.0,68.0,-56.0,4982.277490234375,4987.743847448032,4976.811133020718,0.4197282709193579,0.21943206593255296,4982.372509765625,4984.982568359375,4979.762451171875,4991.9501953125,4978.0,2.64205357110604,162216.0,-0.10827078765384705,24.525290252540657,-430174.1009666806,393.5705295791706,4981.196565730337,5011.980256347656,5002.103820968049,29.40942332845799,0.9328712806396644,1.0939343295320487
1533,4980.14990234375,4980.4501953125,4978.0,4979.4501953125,4979.4501953125,186.0,4986.10400390625,4986.5945914174,39.705149247891015,0.42762528831076035,-77.51703255109766,-4.031468290441808,-1.9007588674130602,-2.128270119618013,0.22751125220495272,-17.11101060993254,4982.626589482795,-0.05920253470345567,-0.32605163386892944,-0.006179403586409686,23.57138251251648,-93.2668026418049,0.7126953124998181,4982.9375,4988.52490234375,8.0,64.0,-56.0,4981.7375,4985.932883212161,4977.542116787839,0.2274021737906827,0.168430520964253,4981.800846354166,4984.435904947916,4979.165787760417,4990.10009765625,4978.0,2.6961856262948944,162030.0,-0.04312846593445976,-30.78482375675086,-2733352.4919325304,393.49772966048874,4980.892955602533,5011.672006835937,5001.878411757546,29.250822242477987,0.8050353690360912,1.1310870029050206
1534,4979.4501953125,4980.4501953125,4978.9501953125,4980.39990234375,4980.39990234375,125.0,4985.775,4986.35166243412,42.64075331411367,0.6791248267348421,-52.001953125,-3.860555491728519,-1.8260472074243808,-2.067825537179287,0.2417783297549061,-16.803687821220205,4982.546221284915,-0.04115029530408392,-0.24743779892345896,-0.006029895572927149,23.628410308444717,-63.778039999079155,-2.655004882812136,4982.9375,4988.5,4.0,60.0,-56.0,4981.405004882812,4984.850689947427,4977.959319818197,0.3541505505851393,0.13834189596056728,4981.394189453125,4983.951733398438,4978.836645507812,4987.60009765625,4978.0,2.6107437958452593,162155.0,0.03936914451540032,-9.427937662036456,570117.1875,393.52157032045113,4980.507004397045,5011.361506347656,5001.664695245966,29.103549805496556,0.8344693119136101,1.081907110837069
1535,4978.10009765625,4979.35009765625,4977.4501953125,4977.4501953125,4977.4501953125,644.0,4985.41900390625,4986.002585292095,36.669137440352785,0.16752360190438406,-100.0,-4.056268669577548,-1.982007040895951,-2.05066183792262,0.0686547970266691,-18.291163239543586,4982.286727140234,-0.02610704870700477,-0.22114933174747253,-0.005978033083921651,23.765943782679916,-133.9590640893324,-2.702612304687136,4982.66259765625,4987.89990234375,8.0,100.0,-92.0,4981.102514648437,4984.811563992437,4977.393465304437,0.00764751325763342,0.14892483473658572,4981.055029296875,4983.5025634765625,4978.607495117188,4985.9501953125,4977.4501953125,2.6349554555170265,161511.0,-0.03074527804630891,-279.4541362996027,-383535.0645254858,393.1401528910534,4980.041860352708,5011.008757324219,5001.423754948121,29.469268205259652,0.7948762089580269,1.0160255407054994
1536,4978.25,4978.4501953125,4976.4501953125,4978.0,4978.0,357.0,4985.0830078125,4985.688758417896,38.40077300040816,0.3158765589954381,-76.33815416728791,-4.5893138212313715,-2.0377517553997677,-2.0480798214180496,0.010328066018281845,-19.02590618750262,4982.155418653816,-0.00803274850543309,-0.28548425572519087,-0.005960624608474775,23.86983213746422,-138.14473673988752,-0.6052001953121362,4982.16259765625,4987.625,4.0,96.0,-92.0,4980.905004882812,4984.827046893458,4976.982962872166,0.12965658260072874,0.15748310826249368,4980.81836751302,4983.1684163411455,4978.468318684895,4985.9501953125,4976.4501953125,2.589601494408668,161868.0,0.003706219783698107,-211.4920777657309,-532185.5304621849,393.17958679108966,4979.783302841601,5010.648757324218,5001.190682759583,30.11361980661971,0.7572608540076335,1.0427451097328244
1537,4979.7001953125,4980.2001953125,4978.0,4978.0,4978.0,129.0,4984.68400390625,4985.387238479939,38.40077300040816,0.3158765589954381,-76.33815416728791,-4.844015682444478,-2.0582041470443073,-2.050104686543301,-0.008099460501006295,-19.627808721274782,4981.99140337015,-0.04617803701968714,-0.05572809938524592,-0.005955423016802352,23.979739328143832,-84.63288961109829,-0.6550048828121362,4982.050048828125,4987.625,4.0,92.0,-88.0,4980.655004882812,4984.64780130874,4976.662208456884,0.1675256387263421,0.16033218209305308,4980.605037434895,4982.770076497395,4978.439998372395,4985.9501953125,4976.4501953125,2.561786767129477,161997.0,-0.014755393326654024,-181.2789237991979,2814036.7463577623,393.17958679108966,4979.806964857609,5010.288757324219,5000.959929697299,29.634399834371013,0.9327932889344263,0.9885213883196722
1538,4979.7001953125,4981.14990234375,4978.14990234375,4981.14990234375,4981.14990234375,344.0,4984.467001953125,4985.221068435383,47.87133429997206,1.0,-28.246608021470106,-4.584781422334345,-1.79949852165646,-1.999983453565933,0.20048493190947303,-17.339792999670962,4981.98710937217,0.023090408509036143,0.0515594482421875,-0.005823579026766578,24.164380199867004,-12.5215486714699,-0.0674072265628638,4981.962646484375,4987.625,4.0,88.0,-84.0,4980.417504882813,4983.621251614863,4977.213758150763,0.6143032708563331,0.12865374153507145,4980.385872395833,4982.49590657552,4978.2758382161455,4985.9501953125,4976.4501953125,2.603795022602372,162341.0,-0.10226728634210062,-0.5867337921696674,479480.832122093,393.3972578248884,4979.956476653969,5009.959506835938,5000.762814997264,28.661839107473263,0.935943603515625,0.8843841552734375
1539,4980.9501953125,4980.9501953125,4980.0498046875,4980.89990234375,4980.89990234375,103.0,4984.257001953125,4985.051610941594,47.25041707768095,0.9445718344292501,-32.0635157298345,-4.25644244025716,-1.5962448433992904,-1.9192357315326047,0.32299088813331434,-15.649829125554406,4981.97911374609,0.011039478685619667,0.07211493317474715,-0.005610969647588637,24.164600949718206,24.504829838432517,0.6625000000003638,4981.5001220703125,4987.625,16.0,84.0,-68.0,4980.3375,4983.406306653646,4977.268693346353,0.591632091432355,0.12323689523638864,4980.235034179687,4982.217578125,4978.252490234375,4984.4501953125,4976.4501953125,2.4963880678629167,162238.0,-0.026768783340909662,-4.181486107574001,743126.1747786143,393.39208833581364,4979.976960933991,5009.659006347656,5000.565174075339,27.75874700392535,0.9759773388838461,0.9038624057090989
1540,4980.9501953125,4980.9501953125,4978.0,4979.5,4979.5,326.0,4984.047001953125,4984.833900708591,43.82273841360236,0.6385891145188015,-53.436707917101536,-3.7804227941178397,-1.530482805595966,-1.841485146345277,0.311002340749311,-15.17136060583708,4981.936610930622,-0.03011443485243927,-0.09033506151822335,-0.005397282220814694,24.1343498070834,-39.1935995330284,0.2626953125,4980.7376708984375,4985.7001953125,12.0,80.0,-68.0,4980.1875,4983.108557047966,4977.266442952034,0.3823199977421447,0.11730711134736653,4980.051700846354,4982.084244791667,4978.019156901041,4983.0,4976.4501953125,2.5288028710512798,161912.0,0.07844538158360193,-68.77958295827771,-927503.7086814458,393.3004646989187,4979.905784946106,5009.333757324219,5000.3555703531965,27.70178078703771,0.8748278263561092,0.9651628878743326
1541,4978.9501953125,4979.5,4978.0498046875,4979.5,4979.5,116.0,4984.03900390625,4984.624728131783,43.82273841360235,0.638589114518801,-53.436707917101536,-3.240478515625,-1.4615184420108562,-1.765491805478393,0.3039733634675368,-14.780713365609236,4981.831537394898,-0.01907850244932285,-0.0456732301025935,-0.0051815155361493665,23.985778435111033,-64.95295698923705,0.9574951171871362,4980.0001220703125,4984.650146484375,8.0,76.0,-68.0,4980.042504882813,4982.792789661761,4977.292220103865,0.4013729619991723,0.11045226125085117,4979.897526041666,4981.952579752604,4977.842472330729,4983.0,4976.4501953125,2.451759474011903,162028.0,0.058818498875807805,-58.953928249952334,-875362.0345017007,393.3004646989187,4979.887249283418,5009.0032568359375,5000.14805224023,27.648883585642043,0.915201045051934,0.9608742751545275
1542,4979.5,4979.5,4978.9501953125,4979.10009765625,4979.10009765625,139.0,4984.081005859375,4984.408075956271,42.79423601720524,0.5467765522789276,-59.542269270910985,-2.9250373391550966,-1.4227320940653954,-1.6969398631957935,0.2742077691303981,-14.726723481567621,4981.739150225484,-0.03814299023790403,-0.051457286432160854,-0.004979182386363554,23.593305317355632,-46.138221634906365,2.52490234375,4980.0001220703125,4984.60009765625,4.0,72.0,-68.0,4979.875,4982.4186325319015,4977.3313674680985,0.34767800890431266,0.10215648111253774,4979.74169108073,4981.801725260417,4977.6816569010425,4983.0,4976.4501953125,2.3159055606896244,161889.0,0.02399263532678279,-58.472856468709146,178071.57777196213,393.28930164524235,4979.854270961828,5008.6742578125,4999.93861985631,27.599764755774636,0.9194137353433836,0.9708710217755444
1543,4979.64990234375,4981.85009765625,4979.64990234375,4979.9501953125,4979.9501953125,65.0,4984.006005859375,4984.233257107496,45.7111013539734,0.8071598836308895,-46.563292082898464,-2.4792810776652914,-1.3083164005138315,-1.6192151706594011,0.31089877014556966,-13.892923105587954,4981.723613390858,-0.04916721016507815,0.03151519077540976,-0.004751501923633157,23.2964835801711,55.714947387662114,1.464892578124818,4980.1751708984375,4984.60009765625,4.0,68.0,-64.0,4979.935009765625,4982.425726055464,4977.444293475786,0.5030484296699645,0.10003007207743264,4979.788362630208,4981.763411458333,4977.813313802084,4983.0,4976.4501953125,2.346912306354651,161954.0,0.1416847652314602,-42.2258273080007,5161666.136521559,393.3003993027653,4979.853143657053,5008.3717578125,4999.739730059854,26.128175570634962,0.9171147243635421,0.8855995335881324
1544,4980.35009765625,4980.35009765625,4979.0,4979.0,4979.0,6.0,4983.806005859375,4984.028031338575,43.06773493109802,0.571191309252059,-61.07052333383032,-2.273680204503762,-1.2795639430250958,-1.5512849251325402,0.27172098210744444,-13.878728150453215,4981.666506490784,-0.048177267250132744,-0.06392379732650277,-0.00454458600383373,23.035839331693882,-31.653382299111648,-0.5148193359373181,4980.1751708984375,4984.60009765625,4.0,64.0,-60.0,4979.965014648437,4982.394747999552,4977.535281297322,0.30141552405441796,0.0975803381737792,4979.826700846354,4981.786759440104,4977.866642252604,4983.0,4976.4501953125,2.2757112599186047,161948.0,0.19675156217797457,-37.00801938900061,-24188150.96219381,393.2992544776865,4979.836118271153,5008.002006835937,4999.533364586622,25.058871691305164,0.8721684143120148,0.9360922116385175
1545,4979.9501953125,4979.9501953125,4975.7998046875,4975.7998046875,4975.7998046875,915.0,4983.62,4983.705355783631,35.60078068706139,0.0,-100.0,-2.1929644416359224,-1.497741399345614,-1.5405762199751551,0.04283482062954125,-16.154443312857854,4981.521969780434,-0.07330911007878671,-0.24212320353764893,-0.004477043599322131,23.108632484624778,-181.5461917186155,0.6598876953121362,4979.4749755859375,4984.27490234375,8.0,100.0,-92.0,4979.740014648438,4982.764660427238,4976.715368869638,-0.15135064551283367,0.12147805989479385,4979.7017008463545,4981.776798502605,4977.626603190105,4983.0,4975.7998046875,2.40961692885299,161033.0,-0.01425893497244297,-450.03240389592906,-816492.4350592608,392.7111486911958,4978.608175443981,5007.621005859375,4999.297209761755,25.282685405280613,0.7720488883429554,1.0141720918806043
1546,4977.64990234375,4977.64990234375,4975.75,4976.9501953125,4976.9501953125,67.0,4983.4380078125,4983.440447529861,39.651319254592096,0.3301023487048591,-80.32498198991435,-2.1814840877759707,-1.559840822111255,-1.5444291404023751,-0.015411681708879854,-16.853576404588274,4981.4559073144765,-0.06926566337828788,-0.3025440069664739,-0.0044519552719455915,23.257973525708437,-177.25894016441896,-2.1373291015625,4979.0875244140625,4984.25,4.0,96.0,-92.0,4979.5875244140625,4982.843068747922,4976.331980080203,0.09494805920278297,0.13075558238100302,4979.5108642578125,4981.550952148437,4977.470776367188,4983.0,4975.75,2.3732087442027767,161100.0,0.013254761573898412,-374.7311787857964,-3332056.750112505,392.72663889878055,4978.459719893112,5007.270756835937,4999.0748514090255,25.506942324286634,0.7675561360950426,1.0701001430615165
1547,4976.9501953125,4977.5498046875,4974.10009765625,4974.10009765625,4974.10009765625,1657.0,4983.15201171875,4983.074159299523,33.95341978454199,0.0,-100.0,-2.4159208409928397,-1.818076469823609,-1.5991586062866219,-0.21891786353698706,-19.357833302167187,4981.067179419462,-0.06730549829318122,-0.22575687005123435,-0.004559433784794425,23.606632026922497,-216.70578362858657,-1.2750244140625,4978.2625732421875,4983.425048828125,36.0,100.0,-64.0,4979.2750244140625,4983.289250467023,4975.260798361102,-0.14457341085668077,0.16123737023071893,4979.2850341796875,4981.380102539062,4977.189965820313,4983.0,4974.10009765625,2.4501014789918645,159443.0,-0.2694050884774913,-995.8569841601469,-182166.18300203682,391.7777421585933,4977.363220357459,5006.9030078125,4998.8263463965595,26.239529920646227,0.8140195621797858,1.0397764322310201
1548,4971.89990234375,4975.10009765625,4971.89990234375,4974.75,4974.75,288.0,4982.8430078125,4982.747721679934,36.20464650488053,0.1617502908099283,-71.356364707037,-3.42253992417227,-1.9478349644577975,-1.668893877920857,-0.2789410865369404,-20.67729163472049,4980.087156107316,-0.0652872639614303,-0.3831084663877924,-0.0047167482108600054,23.8565704176567,-221.83458394954786,-0.9625244140625,4977.1624755859375,4982.324951171875,32.0,96.0,-64.0,4978.9625244140625,4983.346979550042,4974.578069278083,0.019606851545406936,0.17611922622357076,4978.965030924479,4981.117618815104,4976.812443033854,4983.0,4971.89990234375,2.503679609956731,159731.0,-0.23684654070653793,-826.8528614229831,-2583436.750703388,391.8153714526013,4977.10839417593,5006.539008789063,4998.586780760773,27.508827567366097,0.728524715724975,1.1116331821127674
1549,4974.25,4974.25,4970.5,4971.0,4971.0,261.0,4982.46400390625,4982.287026712094,29.876620948275686,0.0,-95.59475155947516,-4.495048253676941,-2.3264453523979682,-1.8004041728162794,-0.5260411795816888,-24.093703317569044,4978.19192988161,-0.14061872237846523,-0.35848628729360077,-0.005038521668459932,24.19071825846328,-231.7756823299553,2.659887695312136,4976.4625244140625,4981.625,28.000000000000004,100.0,-72.0,4978.490014648438,4984.018858197815,4972.961171099061,-0.1773581655500339,0.2221092553408331,4978.5491943359375,4980.801782226563,4976.296606445312,4983.0,4970.5,2.6284167806741072,159470.0,-0.26595235536355116,-848.5524526482712,-1616379.3103448276,391.6186278976488,4976.69293083736,5006.1715087890625,4998.31228542982,29.010815087872135,0.7576358868967472,1.116122174190348
1550,4972.9501953125,4974.0,4971.10009765625,4974.0,4974.0,311.0,4982.2080078125,4981.962045272405,39.05409405332219,0.5100094080788086,-69.1632609163261,-5.2651884191182035,-2.357248985655133,-1.9117731353840501,-0.4454758502710827,-23.750627175301815,4977.9049701933545,-0.14353919243397595,-0.2849055824139498,-0.005329225309614904,24.49694857423081,-158.90366380690048,2.7598876953125,4976.4625244140625,4981.625,24.0,96.0,-72.0,4978.1400146484375,4983.871519861653,4972.408509435222,0.1388370511387012,0.23026693489335615,4978.167529296875,4980.515112304687,4975.8199462890625,4983.0,4970.5,2.6549584391973853,159781.0,-0.22414788159719173,-594.044959412804,163223.31413195448,391.80631649149313,4976.381127394268,5005.831259765625,4998.070372141961,30.405517785484882,0.806784843601504,1.0916904260154539
1551,4973.10009765625,4974.9501953125,4973.10009765625,4974.9501953125,4974.9501953125,96.0,4981.9830078125,4981.687070764173,41.65853163087727,0.6547428932226306,-60.79156807915681,-5.536183076746056,-2.2787205937838735,-1.985162627064015,-0.29355796671985845,-22.58964610475007,4977.763443710159,-0.11945044365277006,-0.29770748128981994,-0.005538979786007223,24.663595895866425,-103.46166675188572,1.732470703124818,4976.4625244140625,4981.625,20.0,92.0,-72.0,4977.767529296875,4983.308362402507,4972.226696191244,0.2457662114464551,0.22262321705546276,4977.7917073567705,4980.089290364583,4975.4941243489575,4982.4501953125,4970.5,2.5974683832725725,159877.0,-0.33212234541682584,-496.15014378240346,2842786.1630916595,391.82465560488276,4976.274605117015,5005.4960107421875,4997.8403206312205,31.0657270707651,0.8176835545168739,1.1153910358066939
1552,4975.0,4975.5,4970.7998046875,4971.64990234375,4971.64990234375,304.0,4981.651005859375,4981.2934563163135,35.91738750196846,0.34769410833990044,-89.8687889868789,-5.756488396139503,-2.4544984085569013,-2.0790297833625924,-0.3754686251943089,-23.618939997049658,4977.278138299665,-0.1576483112009238,-0.3628781924035118,-0.0058040975767941465,24.92721698184286,-131.90220419971803,2.219970703125,4976.0875244140625,4981.625,16.0,88.0,-72.0,4977.280029296875,4983.1619041358745,4971.3981544578755,0.021400309660217862,0.2363489618578033,4977.357535807291,4979.775113932292,4974.939957682292,4981.85009765625,4970.5,2.747663163931674,159573.0,-0.356140599840885,-568.5985607420602,-1353229.7391640511,391.62298744276825,4975.751396717988,5005.146760253906,4997.579719454231,32.26052869993597,0.7626330584457974,1.1255112508493093
1553,4974.0,4974.0,4971.75,4974.0,4974.0,52.0,4981.391005859375,4981.007438421556,42.042604145082244,0.7683222237231655,-69.1632609163261,-5.54766199448477,-2.3767724001618262,-2.1385783067224393,-0.2381940934393869,-22.28306472763019,4977.1103142577185,-0.11045285671252134,-0.4102755697556074,-0.00599145480174349,25.109226995886605,-100.23745086335468,2.092578124999818,4975.987548828125,4981.625,12.0,84.0,-72.0,4977.00751953125,4982.966479143701,4971.0485599188,0.24764726337746135,0.23945953824927443,4977.055029296875,4979.46259765625,4974.6474609375,4981.85009765625,4970.5,2.7192656276686975,159625.0,-0.36088258383001365,-469.9123266181944,-1189481.2950721155,391.6475678296671,4975.613897533141,5004.819011230469,4997.34509538006,33.36998735559463,0.7480321047139306,1.158307674469538
1554,4974.0,4974.14990234375,4971.9501953125,4974.14990234375,4974.14990234375,200.0,4981.15400390625,4980.738515438113,42.420659270623794,0.7921976598508653,-67.84254678425468,-5.106033145680158,-2.2768322077563425,-2.1662290869292202,-0.11060312082712231,-21.13752239666943,4976.990353010496,-0.09941947772510427,-0.35396403974554447,-0.006101100274760451,25.251684615129975,-84.71897708582539,3.255175781249818,4975.4124755859375,4981.625,8.0,80.0,-72.0,4976.69501953125,4982.564441788302,4970.825597274198,0.28318844035780155,0.23587630883617616,4976.729191080729,4979.171744791666,4974.286637369792,4981.85009765625,4970.5,2.6821542993530763,159825.0,-0.34357092940280615,-398.49907013702386,192528.06901931763,391.6535952660865,4975.23397716948,5004.514760742188,4997.114297439401,34.293615618916114,0.8035066505441354,1.1574706902896799
1555,4974.0,4974.0,4973.60009765625,4973.60009765625,4973.60009765625,294.0,4980.8780078125,4980.458577485882,41.35514202795134,0.724906709003558,-72.68659926865993,-4.616322954962925,-2.2164437448154786,-2.176272018506472,-0.04017172630900667,-20.55414852732172,4976.928249083532,-0.1275132763823057,-0.2827451508620691,-0.006163629238989968,25.306060852775854,-68.33392180458556,2.497485351562318,4975.387451171875,4981.625,4.0,76.0,-72.0,4976.502514648438,4982.511136395752,4970.493892901123,0.25847897286221183,0.2414797030496001,4976.511686197917,4978.879239908854,4974.144132486979,4981.85009765625,4970.5,2.529843612792142,159531.0,-0.30546973956714807,-364.6624284210205,102015.90401785714,391.6210987428014,4975.044942888751,5004.207761230468,4996.880325302255,35.151270434857494,0.8386314655172413,1.1213766163793104
1556,4974.75,4974.75,4972.0498046875,4974.35009765625,4974.35009765625,8.0,4980.585009765625,4980.2190292572695,43.44210069244599,0.8567050763022857,-66.07872660787267,-4.481807215073786,-2.084043168496464,-2.1578262485044704,0.07378308000800615,-19.444741101703688,4976.870186975114,-0.09339028607652139,-0.3111998372412389,-0.006150463657071997,25.316284284074584,-62.015201336649724,-0.5202148437501819,4974.875,4981.625,4.0,72.0,-68.0,4976.32001953125,4982.357270953639,4970.282768108861,0.33685275490641775,0.24263919517610832,4976.315844726562,4978.718408203125,4973.91328125,4981.85009765625,4970.5,2.5420115913427033,159539.0,-0.35779482895274906,-311.71065293230333,-13505920.767784119,391.6223051124094,4974.915438840075,5003.89451171875,4996.656143932643,36.361982928865295,0.7838487360764966,1.0950485733177355
1557,4972.60009765625,4974.4501953125,4972.0,4972.0,4972.0,130.0,4980.279013671875,4979.896714384436,38.784603576947134,0.6566655066142875,-84.77172458236257,-4.268978343290655,-2.1440329212400684,-2.15506758305159,0.011034661811521573,-19.918089942268498,4976.780691904731,-0.07636570675372344,-0.3950019223375625,-0.006167324735609407,25.31906991765487,-75.76366074033405,0.93017578125,4974.737548828125,4981.625,24.0,68.0,-44.0,4976.02001953125,4982.285516447868,4969.754522614632,0.17919387841467252,0.2518276410474759,4976.02001139323,4978.4350748697925,4973.604947916667,4981.85009765625,4970.5,2.5354532857110814,159409.0,-0.35790785344606957,-310.82523041518857,-329465.8660888672,391.56088750220607,4974.777119098774,5003.584262695313,4996.410809167144,37.49895427411047,0.7769063180827886,1.1719082404203511
1558,4973.75,4973.75,4972.0,4973.75,4973.75,26.0,4979.945009765625,4979.655666761517,43.6309999417726,1.0,-65.60917639764389,-4.093979779411711,-2.026998876566722,-2.1294538417546165,0.10245496518789432,-18.797661490347924,4976.752542244254,-0.06430032825150787,-0.3532448096995523,-0.006122906165150422,25.26022702475481,-62.17710596420584,-1.5499267578125,4974.6624755859375,4981.625,20.0,64.0,-44.0,4975.6500244140625,4981.521678718059,4969.778370110066,0.3382036547375324,0.23601556681783772,4975.670849609375,4978.023413085937,4973.318286132812,4981.85009765625,4970.5,2.4793494795888615,159435.0,-0.4384102205966755,-259.92162607016166,-2356426.532451923,391.57003874918917,4974.761951113537,5003.273012695313,4996.185328478914,38.55471338040955,0.7961039455161131,1.1493487552156654
1559,4974.0,4974.0,4971.75,4972.60009765625,4972.60009765625,471.0,4979.59701171875,4979.378977776996,41.31633745233534,0.8317145041203506,-70.62760363313528,-3.9378130744480586,-2.003935935921618,-2.104350260588017,0.10041432466639932,-18.57869968933271,4976.689079361525,-0.030156208571411464,-0.27322331470042827,-0.0060724972938609924,25.264039351815764,-67.51868863317951,-0.4850341796873181,4974.6624755859375,4981.625,16.0,60.0,-44.0,4975.235034179687,4980.724626484897,4969.745441874477,0.26000617377937113,0.22067670240688733,4975.278352864583,4977.698396809896,4972.858308919271,4981.85009765625,4970.5,2.462967373903943,158964.0,-0.4463046691564974,-300.1619657610314,0.0,391.46114626285464,4974.006268327644,5002.960263671875,4995.950649565256,39.535061121972994,0.8661232439932228,1.139346558693651
1560,4972.60009765625,4973.9501953125,4971.2001953125,4973.9501953125,4973.9501953125,89.0,4979.236015625,4979.166084347016,45.005284128452665,1.0,-51.05970356004987,-3.9379322725189922,-1.8553297057324016,-2.054546149616894,0.19921644388449256,-17.265808357287092,4976.676944310332,-0.016077284034373588,-0.22027953792797728,-0.005955426385067941,25.31413382611973,-56.55806434158023,-3.957543945312864,4974.6624755859375,4981.625,12.0,56.00000000000001,-44.00000000000001,4974.957543945313,4980.1072813997835,4969.807806490842,0.4021941757498372,0.20702638802367251,4974.955859375,4977.365893554687,4972.545825195312,4981.85009765625,4970.5,2.483469704339375,159053.0,-0.45035884245229313,-240.11615759427696,-926362.7984550563,391.48531042024644,4973.941152643848,5002.645764160156,4995.731739572691,40.61181854995591,0.8558111032882213,1.0760906412161986
1561,4973.89990234375,4973.89990234375,4965.5498046875,4968.2998046875,4968.2998046875,1512.0,4978.79701171875,4978.739955732917,35.069311636024636,0.3432352631495498,-72.36235155559918,-4.386177332260559,-2.1685003763168424,-2.077336994956884,-0.0911633813599586,-19.49024756115669,4976.059616420487,-0.05431895619593643,-0.28773449105795923,-0.006008779592318157,25.724316588379345,-161.57545067437616,-0.3975341796876819,4971.9249267578125,4979.14990234375,8.0,100.0,-92.0,4974.397534179688,4979.875094686232,4968.919973673143,-0.056609962126615655,0.220230107019283,4974.467521158855,4977.22255045573,4971.712491861979,4981.85009765625,4965.5498046875,2.9061069129579913,157541.0,-0.45084970877434516,-1426.298224366523,-1574115.8966664916,389.76768352622344,4971.649705597734,5002.2872631835935,4995.458784996719,42.74908630773633,0.7771111392609141,1.0648456303188734
1562,4968.60009765625,4968.60009765625,4963.0,4963.0,4963.0,381.0,4978.21701171875,4978.122702566921,28.674728200668994,0.0,-100.0,-5.454273897058556,-2.8119262001218885,-2.224254835989885,-0.5876713641320035,-23.94383897695916,4974.816905673369,-0.22114997989545634,-0.34374182579126344,-0.006370263748555264,26.12822023817683,-280.2157928554912,1.357666015625,4970.6500244140625,4977.875,4.0,100.0,-96.0,4973.592529296875,4980.590348534513,4966.594710059237,-0.25684502108186325,0.2813989765513698,4973.751684570312,4976.759228515625,4970.744140625,4981.85009765625,4963.0,3.098534823193135,157160.0,-0.4801066984840278,-1511.0021331623768,-5768842.396773691,389.36126167864643,4970.866825254749,5001.897263183594,4995.135812011677,45.04026303982141,0.7812472752637545,1.124989101055018
1563,4964.7001953125,4966.0498046875,4962.0,4965.7001953125,4965.7001953125,416.0,4977.726015625,4977.635545419689,35.16162700359209,0.39722461572093426,-72.59114583333333,-6.750761144301578,-3.068589812646678,-2.3931218313212437,-0.6754679813254345,-25.049106644399867,4974.024468846635,-0.18593150960014715,-0.3744389218541305,-0.006804333520221437,26.366672295040665,-255.71106146420252,-1.2301269531253638,4970.1500244140625,4977.14990234375,4.0,96.0,-92.0,4972.880029296875,4980.043314352883,4965.716744240868,-0.0011551214448921028,0.2880940225304432,4972.956681315104,4976.056705729166,4969.856656901042,4980.35009765625,4962.0,3.1664826706436253,157576.0,-0.4052870845828613,-1134.6759355677516,-1728124.1714954376,389.5875927787875,4970.193645476702,5001.506765136719,4994.842920303228,47.271995216268806,0.800442293796939,1.1748812156510695
1564,4965.5498046875,4966.2001953125,4964.0,4964.10009765625,4964.10009765625,180.0,4977.267021484375,4977.1047435466135,33.232785990610324,0.27911222435401406,-84.44372106481481,-7.8528033088232405,-3.362352970963002,-2.5869680592495956,-0.7753849117134064,-26.59891479614026,4972.970293705549,-0.15185712662391712,-0.3401743511995007,-0.0073179385512601525,26.563006505370005,-193.18460132979703,1.8649658203121362,4970.1500244140625,4976.97509765625,16.0,92.0,-76.0,4972.135034179688,4979.686140955286,4964.58392740409,-0.032037008760327244,0.3037369952219598,4972.222517903646,4975.365047200521,4969.079988606771,4979.9501953125,4962.0,3.097462145061938,157396.0,-0.4166610575304345,-1013.7247416473585,1314244.270324707,389.5295913758037,4969.746424593126,5001.119265136719,4994.537021570422,49.227229054321356,0.8310443235530188,1.1712186747525195
1565,4964.10009765625,4968.7998046875,4964.10009765625,4968.7998046875,4968.7998046875,191.0,4976.973017578125,4976.779059669785,43.1049223206363,0.8836315299846453,-49.631076388888886,-8.632999195771845,-3.179286474603032,-2.705431742320283,-0.4738547322827489,-24.231964393537837,4972.849207137711,-0.10454755352834741,-0.3247644965459494,-0.007664101432156146,26.69550289865267,-107.23357958489558,2.3648681640625,4970.0750732421875,4976.050048828125,12.0,88.0,-76.0,4971.7850341796875,4979.272881408004,4964.297186951371,0.3006616988058679,0.30121363561937214,4971.725016276041,4974.895011393229,4968.555021158854,4977.64990234375,4962.0,3.2119082083610855,157587.0,-0.3006620101771081,-740.6720581307717,3321422.0201781904,389.7104185197593,4969.53006870525,5000.773264160156,4994.280929860144,49.20205384110525,0.8006384760309818,1.1254029725769312
1566,4968.7998046875,4968.7998046875,4968.0,4968.10009765625,4968.10009765625,187.0,4976.696015625,4976.438708218274,42.1066956119406,0.8225052148052959,-52.15609681372549,-8.518573357077003,-3.055444208157496,-2.7754342354877255,-0.2800099726697707,-22.783742809537177,4972.654225296531,-0.12162489684216023,-0.2222222222222222,-0.007895726241844082,26.710557657449822,-69.45215092831351,2.257568359375,4969.9625244140625,4974.800048828125,8.0,84.0,-76.0,4971.342529296875,4978.599566389251,4964.085492204499,0.27660086345490437,0.29195482104115933,4971.300846354167,4974.415836588542,4968.185856119792,4977.5498046875,4962.0,3.039615099728151,157400.0,-0.3179235896239217,-653.5539376611972,834000.0468779375,389.68408515556933,4969.245210508194,5000.428764648437,4994.020424067071,49.178676857404575,0.9274830957602339,1.1497053179824561
1567,4968.0498046875,4970.0,4968.0498046875,4970.0,4970.0,269.0,4976.436015625,4976.1862098567735,45.77845275956919,1.0,-37.254901960784316,-7.573596909467597,-2.772037753085897,-2.7747549390073596,0.0027171859214627503,-20.37092604055491,4972.622427748673,-0.0723841399702904,-0.18182237441342974,-0.007950692886610967,26.776421823532925,-38.47665878330293,3.212573242187318,4969.9625244140625,4973.97509765625,4.0,80.0,-76.0,4971.137524414063,4978.302447280604,4963.972601547522,0.42061851639919745,0.28826089929529897,4971.005843098958,4974.045857747396,4967.965828450521,4975.5,4962.0,2.9617994006404262,157669.0,-0.05588298644672492,-487.1785564997763,453112.29379646835,389.786956217026,4969.203851253876,5000.099765625,4993.781414872374,48.378311333695834,0.9079012601893166,1.0897236346027463
1568,4970.9501953125,4973.0,4968.9501953125,4973.0,4973.0,275.0,4976.178017578125,4976.061260450626,51.056960982508706,1.0,-13.72549019607843,-5.926937327665655,-2.279089245516843,-2.6756218003092562,0.396532554792413,-16.5407176552042,4972.624881599707,-0.027141186883611623,-0.09388877841850596,-0.007751654380373419,26.8474140275616,18.10301809018259,0.9499755859378638,4969.9500732421875,4973.97509765625,4.0,76.0,-72.0,4971.050024414062,4978.077773824317,4964.022275003807,0.638734000894547,0.28274708062641507,4970.892513020834,4973.975008138021,4967.810017903646,4975.5,4962.0,3.039514063987539,157944.0,-0.047164208231934596,-299.7244769998083,2871967.315673828,389.95295219288107,4969.16550077437,4999.809765625,4993.574634624887,46.01240159690135,0.9275977110536665,1.0214864894721725
1569,4971.0498046875,4972.9501953125,4970.89990234375,4971.5,4971.5,745.0,4975.958017578125,4975.882387491778,48.51388109409816,0.8863795264217819,-25.49019607843137,-4.371503044577366,-1.9865616199786018,-2.5378097642431254,0.5512481442645236,-14.294552401421113,4972.616201964499,-0.01005631536604988,-0.08196633830325417,-0.00743470734230719,26.887931647176334,21.48367209171693,2.674975585937318,4969.5625,4973.97509765625,8.0,72.0,-64.0,4971.075024414063,4978.10544096577,4964.044607862355,0.530224068717103,0.28285296509021995,4970.88584798177,4973.883357747395,4967.888338216146,4975.5,4962.0,2.972412892006286,157199.0,-0.06258971050504608,-416.54955171412143,261433.31655719934,389.7282387402368,4969.289957248708,4999.492265625,4993.354986519167,43.815485412735036,0.938792063780057,1.0207584020833111
1570,4968.85009765625,4971.2001953125,4968.85009765625,4970.0,4970.0,360.0,4975.708017578125,4975.651705629356,46.04407165167167,0.7760326514473415,-35.74397991999373,-3.4380801930146845,-1.854392550169905,-2.4011263214284817,0.5467337712585767,-13.250160160524436,4972.559027774555,-0.07539582809751194,-0.14769109130927194,-0.007096737122199882,26.692006219185316,-17.403596862968215,1.7250732421871362,4969.237548828125,4973.97509765625,4.0,68.0,-64.0,4970.875024414063,4977.787823843601,4963.962224984525,0.4367098363707782,0.278132095278438,4970.735017903646,4973.705037434896,4967.764998372396,4975.5,4962.0,2.9493764242736944,156839.0,-0.11361415906964605,-434.1853300406756,-1240265.5680974324,389.6196196112013,4969.333198290717,4999.187265625,4993.1225985936035,42.47413564668632,0.9212342671538774,1.0689253584631493
1571,4969.14990234375,4969.4501953125,4968.9501953125,4969.0,4969.0,57.0,4975.44001953125,4975.390854428205,44.420489777042526,0.7034937814224317,-41.666666666666664,-2.9868480009190534,-1.809480685788003,-2.282797194300386,0.47331650851238294,-12.899750794225358,4972.53500474238,-0.07239869656815646,-0.1817119679033573,-0.006784604184230744,26.431735266430465,-33.40293544631975,3.3726806640625,4968.6624755859375,4973.22509765625,20.0,64.0,-44.0,4970.5775146484375,4977.271877011712,4963.883152285163,0.38217588451053447,0.2693595399546919,4970.475016276042,4973.377530924479,4967.572501627605,4975.5,4962.0,2.813692728789859,156782.0,-0.1373778622506638,-380.3017114634363,-723641.3788377193,389.60815079832406,4969.243211038708,4998.862514648437,4992.88257273695,41.22859657821251,0.9097171703811476,1.091429138284505
1572,4969.4501953125,4972.4501953125,4969.0,4972.14990234375,4972.14990234375,79.0,4975.234013671875,4975.26375826803,50.35833149087558,0.9687864254454553,-15.41748046875,-2.3843146829049147,-1.5023982040984265,-2.1267173962599943,0.6243191921615678,-10.713426605954627,4972.496101409569,-0.03619443094638571,-0.0934740149456521,-0.006366268102699118,26.182331338150338,20.352914274876973,-2.302709960937136,4969.137451171875,4972.5,16.0,60.0,-44.0,4970.602514648437,4977.316415525713,4963.8886137711615,0.6152376035629508,0.2701443479936136,4970.402522786459,4973.242537434896,4967.562508138021,4974.75,4962.0,2.859157199054869,156861.0,-0.09881442052795003,-290.42399766062397,6659760.6562360935,389.6582297448236,4969.253299114924,4998.548264160157,4992.676277509157,38.60896372882163,0.9141368036684783,1.0076108186141304
1573,4972.14990234375,4974.0,4970.7001953125,4974.0,4974.0,79.0,4975.139013671875,4975.214199120264,53.5006013806043,1.0,-0.0,-1.8696116727933259,-1.0970990312889626,-1.9207937232657881,0.8236946919768255,-7.90525519727933,4972.634764723116,0.11473130721946308,-0.02231262583283178,-0.005809654363635297,25.96932647182844,64.57452623448559,-7.602514648437136,4968.9000244140625,4972.5,12.0,56.00000000000001,-44.00000000000001,4970.602514648437,4977.316415525713,4963.8886137711615,0.7530187303674877,0.2701443479936136,4970.3850260416675,4973.27753092448,4967.492521158854,4974.75,4962.0,2.8906320196580926,156940.0,-0.09382736566927552,-228.05518158857058,6787572.933148734,389.6876250200495,4968.968119252734,4998.251013183593,4992.490443902101,36.14968592699107,0.9575022312625833,0.979814857095415
1574,4972.2001953125,4974.0,4972.2001953125,4973.5,4973.5,190.0,4975.041015625,4975.146975625352,52.53279680429444,0.9610162925873618,-4.166666666666667,-1.4471019071688715,-0.8069404311536346,-1.6980230648433574,0.8910826336897228,-5.92857204493334,4972.740993886771,0.21156558533145275,0.022772528915815826,-0.005192577533530045,25.670564717139193,73.60202703537303,-4.869824218750182,4969.875,4972.5,8.0,52.0,-44.0,4970.57001953125,4977.220924254643,4963.919114807857,0.7202693160258534,0.26761134828637956,4970.375862630209,4973.248372395834,4967.503352864584,4974.75,4962.0,2.8127157816468005,156750.0,-0.11344435236164313,-209.0472985044891,710449.21875,389.66852570360396,4969.059275848775,4997.948762207031,4992.301484261285,33.86607082529127,1.0010909630131763,0.9783184340973605
1575,4972.0,4974.0,4971.0498046875,4974.0,4974.0,359.0,4974.91501953125,4975.101996189063,53.43984037948207,0.9975525130301827,-0.0,-0.7633272058819784,-0.5305262523434067,-1.4645237023433673,0.9339974499999606,-4.048270144849415,4972.829571509337,0.16714268604727311,0.13776576576576582,-0.0045317130135004245,25.454958306694472,69.8110928781791,-6.489916992187318,4969.887451171875,4972.5,4.0,48.0,-44.0,4970.590014648437,4977.27952979793,4963.900499498945,0.754875374026266,0.2691638268205028,4970.340022786459,4973.340047200521,4967.339998372396,4974.75,4962.0,2.8225357481363145,157109.0,-0.0034553645362755602,-153.5405415752764,-472684.8230388503,389.7046169874081,4969.359846737396,4997.642263183594,4992.119379940277,31.647730890150747,1.1131771771771772,0.9754114114114114
1576,4974.0,4974.0,4971.0,4971.0,4971.0,162.0,4974.73501953125,4974.941133593414,47.56666288942419,0.7072235770358535,-25.0,0.09443072150679654,-0.5472327931356631,-1.2810655205018266,0.7338327273661636,-4.110217693437044,4972.7815156257975,0.1389960356965348,0.35217196021815844,-0.003978863656233498,25.36966658684738,46.953597413795805,-1.6227050781253638,4970.0875244140625,4972.5,20.0,44.0,-24.0,4970.422509765625,4976.89115368416,4963.953865847091,0.5446376583444312,0.2602854749601296,4970.2541910807295,4973.269205729167,4967.239176432292,4974.4501953125,4962.0,2.8352117661265774,156947.0,-0.03059051452137608,-201.03474992166548,-46115.45138888889,389.60690890538154,4969.962719105146,4997.327512207031,4991.909236856295,29.60948825142634,1.1866153352582611,0.8344433750401027
1577,4971.0,4971.0,4969.0,4970.0,4970.0,175.0,4974.528017578125,4974.747363648574,45.76127902573851,0.6181471852814182,-40.0,0.26558766084508534,-0.6338577718970555,-1.1516239707808724,0.5177661988838169,-4.689503477586431,4972.769938037344,0.02415463209783078,0.3319543722109948,-0.003553641384882273,25.133934978394336,-3.1975593042966035,-2.222412109375,4970.0875244140625,4972.5,16.0,40.0,-24.0,4970.322509765625,4976.752234639777,4963.892784891473,0.47492040702071864,0.258724654648435,4970.113354492188,4973.105859375,4967.120849609375,4974.0,4962.0,2.775553782831822,156772.0,-0.009410992813579544,-197.31549993285614,-2857142.8571428573,389.5717047211128,4970.641179999244,4996.9825122070315,4991.691234499516,28.53908270480528,1.1694630189754094,0.8375086467644146
1578,4969.0,4972.39990234375,4969.0,4971.14990234375,4971.14990234375,244.0,4974.331015625,4974.606286734659,48.196142501821065,0.5344477138496333,-28.789149198520345,0.19953182444805861,-0.6027727931132176,-1.0418537352473414,0.43908094213412374,-4.484762633227868,4972.739063530037,0.06138774637287955,0.30107371626588253,-0.0031800952796890492,25.04634100738912,25.260271594015325,-0.1925048828125,4969.9000244140625,4972.5,12.0,36.0,-24.0,4970.1925048828125,4976.44239565893,4963.942614106695,0.5765931354029412,0.25149491775126787,4969.997517903646,4973.072517903646,4966.922517903646,4974.0,4962.0,2.820150108611692,157016.0,-0.0030825893813659798,-129.04526110316243,975313.7826919556,389.62815867923655,4970.96986654032,4996.63701171875,4991.486843134782,26.872141686801164,1.1102331198151842,0.8091594035493017
1579,4970.35009765625,4972.7998046875,4970.25,4972.7998046875,4972.7998046875,143.0,4974.1780078125,4974.535444301437,51.55647951611204,0.8293717796193192,-20.003255208333332,0.07126034007342241,-0.43993311800477386,-0.9214696117988279,0.48153649379405405,-3.3442774477248234,4972.739876250419,0.05633409834004024,0.28958916704977644,-0.002786205085021635,25.00754162427694,59.97927140507573,2.797509765625364,4969.925048828125,4972.5,8.0,32.0,-24.0,4970.202490234375,4976.468353123569,4963.936627345181,0.7072591196979924,0.2521371272701847,4969.955843098958,4973.045833333334,4966.865852864584,4974.0,4962.0,2.8008397213894285,157159.0,0.0391103137204851,-76.90507592324639,1470954.1014024427,389.675619737501,4971.226736865176,4996.32701171875,4991.300902453715,25.138934101419995,1.149802872626461,0.8602137055766846
1580,4970.25,4972.7998046875,4970.25,4970.75,4970.75,176.0,4973.9730078125,4974.3869955053015,47.43931631009805,0.33246579611106936,-54.6200558017397,0.023467658547815518,-0.4708558761903987,-0.8313468646771421,0.36049098848674344,-3.5535017055563958,4972.722662198602,-0.045244319324351495,0.16984011145757316,-0.0024706773169885397,25.11258733304802,43.47056541923471,1.45751953125,4969.9375,4972.5,4.0,28.000000000000004,-24.000000000000004,4970.04248046875,4976.0765106281015,4964.0084503093985,0.5586274440602104,0.24281603962396553,4969.867496744792,4972.947477213542,4966.787516276042,4974.0,4962.0,2.7829086475401836,156983.0,0.006848549542926364,-117.45658293421118,0.0,389.6030719497015,4971.394054120762,4995.981262207031,4991.0964158621355,23.529527057851766,1.036701386585285,0.8668612751277118
1581,4972.7001953125,4974.0,4972.25,4974.0,4974.0,413.0,4973.805009765625,4974.371819210976,53.7462381767089,1.0,-0.0,0.22787798713216034,-0.23045797019676684,-0.7111690857810671,0.48071111558430024,-1.802799177829547,4972.790739419363,0.05028663381273257,0.21523318851166906,-0.0020887232870525794,25.116514117570002,99.28589161607866,-0.3274902343746362,4969.9375,4972.5,68.0,24.0,44.0,4970.327490234375,4976.541153090556,4964.1138273781935,0.79551891135935,0.250030319667654,4970.075838216146,4972.825813802083,4967.325862630208,4974.0,4962.0,2.8162723155730274,157396.0,0.19118432199644683,91.07292891353326,678007.4814618644,389.87310162329203,4971.794750404523,4995.698513183594,4990.926302271468,22.242054242717263,1.0472656900816384,0.8320325015699693
1582,4974.0,4974.0,4970.60009765625,4972.9501953125,4972.9501953125,330.0,4973.636015625,4974.316069254173,51.59269068777967,0.7690751029690797,-20.384943585853797,0.7231804342827672,-0.12323083407500235,-0.5935814354398541,0.47035060136485174,-1.0025568873648365,4972.792167489908,0.059360066649899394,0.07075988317513304,-0.0017158311020418686,25.17012713612954,67.65585730748268,-1.824999999999818,4969.862548828125,4972.5,64.0,20.0,44.0,4970.825,4976.140715942478,4965.509284057522,0.6998973737025369,0.21387660770508574,4970.458341471354,4973.098307291666,4967.818375651042,4974.0,4962.0,2.8579601747285253,157066.0,0.2939594574293506,28.57171808659995,-849925.2796173095,389.8034523376316,4971.873922685466,4995.390263671875,4990.747435535558,21.049757261741743,0.979985918431209,0.9092260352560759
1583,4972.9501953125,4972.9501953125,4970.0,4971.60009765625,4971.60009765625,24.0,4973.479013671875,4974.209560564059,48.88012627993359,0.4782068217764279,-46.60092917417275,0.9046774471507888,-0.1455167275362328,-0.5039684938591299,0.3584517663228971,-1.132361644446012,4972.762502199227,0.05232637666029382,-0.023496564121524344,-0.0014147131098876168,25.27197654117248,28.185445146976118,1.0299072265625,4969.75,4972.22509765625,60.0,16.0,44.0,4971.1199951171875,4975.892434552403,4966.347555681972,0.5502994899757001,0.19200660776255685,4970.805013020834,4973.389998372396,4968.220027669271,4974.0,4964.0,2.8645483988550593,157042.0,0.24503542171942883,19.861137824228532,-10140696.167945862,389.79693661909886,4971.895023730014,4995.051013183594,4990.55691476064,20.208594554739474,0.9151548376403993,0.9386514017619236
1584,4970.0,4972.7998046875,4970.0,4972.4501953125,4972.4501953125,296.0,4973.32001953125,4974.140565848312,50.63989766386175,0.6669071071059267,-30.690388706246374,0.9135052849269414,-0.09350481704404956,-0.4218757584961138,0.32837094145206425,-0.7358757112128249,4972.75909826769,0.006039499505202955,0.07151021030173721,-0.001138462695026117,25.35942261741008,30.101479172259722,2.462499999999636,4969.75,4971.925048828125,56.00000000000001,12.0,44.00000000000001,4971.5375,4975.0839110440875,4967.991088955913,0.6286787263452389,0.14266858267033522,4971.1541748046875,4973.769140625,4968.539208984375,4974.0,4964.10009765625,2.8599238480439837,157338.0,0.32018795884335066,52.97081902791017,-71125.73932957005,389.8475498826976,4972.127237284275,4994.714013671875,4990.376748397972,19.427514898237366,0.9765950421619425,0.9050848318602053
1585,4972.5,4974.14990234375,4971.7001953125,4971.89990234375,4971.89990234375,332.0,4973.209013671875,4974.05269669127,49.45311829276202,0.46234917389337576,-43.690148857495025,1.225890395220631,-0.0955871773594481,-0.3566180422687807,0.2610308649093326,-0.7369266516608127,4972.741269697495,-0.042221504950743866,0.1869478379140067,-0.0009101350020017469,25.379462520737786,68.79752771535954,1.8074951171875,4969.824951171875,4971.925048828125,52.0,8.0,44.0,4971.6925048828125,4975.010365218296,4968.374644547329,0.53125470031385,0.13347005399972162,4971.4216796875,4973.924145507813,4968.919213867188,4974.14990234375,4968.0,2.8306226468444136,157006.0,0.21517971612204903,19.30394979178015,1125350.0200179687,389.8108079831413,4972.234522091609,4994.384013671875,4990.192899183502,18.10545037060465,1.0313683204469986,0.8444204825329918
1586,4972.14990234375,4972.14990234375,4970.0498046875,4971.64990234375,4971.64990234375,172.0,4973.08201171875,4973.958469461956,48.89252185189875,0.3921426230188927,-48.544609841661135,0.8811566521144414,-0.11607236362033291,-0.30850890653909113,0.19243654291875822,-0.8884135433684923,4972.731569669049,-0.03719910839951744,0.01946833066991349,-0.0007317667584970826,24.99476381995264,-20.14089222239249,2.1300048828125,4969.824951171875,4971.925048828125,48.0,4.0,44.0,4971.8699951171875,4974.751222482661,4968.988767751714,0.461805726254912,0.11590115462807961,4971.570841471354,4974.138321940104,4969.003361002604,4974.14990234375,4968.0498046875,2.778442290373384,156834.0,0.2630321056032103,10.403385535811559,-2228539.766267289,389.8021593778104,4972.208059348915,4994.0792626953125,4990.008391752261,17.5349048403452,0.9883063186464754,0.968837987976562
1587,4970.5,4970.5,4969.0,4969.14990234375,4969.14990234375,286.0,4972.905009765625,4973.7698982024185,43.57315060668751,0.0,-97.08921968332227,0.46305865119484224,-0.3302294484274171,-0.3128530149167563,-0.01737643351066076,-2.539077038702886,4972.6961405969305,-0.09750899992460796,-0.13739276269109213,-0.0006913103583629245,24.533336991279644,-143.86758053251918,-0.8274902343746362,4969.824951171875,4971.925048828125,44.0,8.0,36.0,4971.827490234375,4974.839906052762,4968.8150744159875,0.05557465302744286,0.12117941840516751,4971.580843098958,4974.125813802084,4969.035872395833,4974.14990234375,4968.85009765625,2.7692608656145707,156548.0,0.16045730769049066,-93.22566954073295,-707965.1305725524,389.65834394147754,4971.961274752202,4993.754011230469,4989.800844593968,17.45255318105413,0.8850674063084564,1.0224601689995485
1588,4970.0,4970.5498046875,4968.85009765625,4968.85009765625,4968.85009765625,401.0,4972.659013671875,4973.576964847667,42.96939634561505,0.0,-100.0,0.20656163832700258,-0.5181690831232117,-0.3539162285580474,-0.16425285456516436,-4.076421415152223,4972.591600242026,-0.04324889043954939,-0.18014487129737422,-0.0007554123596756865,24.13640655058534,-130.24438509184617,-1.6199951171875,4969.7874755859375,4971.925048828125,40.0,4.0,36.0,4971.6199951171875,4974.844967931181,4968.395022303194,0.0705549130648658,0.12973529019356086,4971.469173177083,4973.896638997396,4969.0417073567705,4974.14990234375,4968.85009765625,2.692864163159958,156147.0,0.021851370846174147,-97.08224241884254,-21214.051139622257,389.63415033048767,4971.602011631649,4993.4335107421875,4989.592379450309,17.439414829399684,0.8410554908808693,1.0212003621782435
1589,4969.0,4970.0,4968.14990234375,4970.0,4970.0,136.0,4972.441015625,4973.436691716386,46.056744602823066,0.28647987096741573,-69.1650390625,-0.11945513556929654,-0.5677800733901677,-0.39668899752447145,-0.17109107586569622,-4.576142066290139,4972.496780970892,0.0,-0.18827024794489522,-0.0008401611973187027,23.887183111362727,-115.04622022830137,-0.3950927734376819,4970.1124267578125,4971.925048828125,36.0,8.0,28.0,4971.544995117188,4974.8465018521965,4968.243488382179,0.2660166643301511,0.1328161261037132,4971.349169921875,4973.766625976563,4968.931713867188,4974.14990234375,4968.14990234375,2.6326665555235325,156283.0,0.12565772994895202,-60.872390823293614,-850228.7023207721,389.66562375304545,4971.355937935346,4993.1405102539065,4989.397430401052,17.7264514593007,0.8485684213331202,1.0368386692780154
1590,4969.0498046875,4970.4501953125,4968.0498046875,4970.35009765625,4970.35009765625,928.0,4972.258017578125,4973.315648812068,46.99752174490066,0.37377605261529134,-62.290882894420875,-0.7324089499079491,-0.5722506365100344,-0.43180132532158405,-0.14044931118845033,-4.749082077016597,4972.481170775226,-0.016088927174031018,-0.18030855084045572,-0.0009197076229384467,23.654914967131763,-98.48731629690252,1.2373046875,4970.1124267578125,4971.925048828125,32.0,4.0,28.0,4971.5625,4974.83463615909,4968.29036384091,0.314738402559768,0.1316341153949175,4971.329166666666,4973.749137369791,4968.909195963542,4974.14990234375,4968.0498046875,2.6160754176289944,157211.0,0.2836132271197165,-5.76338856282311,45278.61702031103,389.7309941001279,4970.932281233307,4992.835009765625,4989.207904702099,17.69910535728663,0.8446545395440815,1.0249630903845373
1591,4970.4501953125,4970.4501953125,4968.0,4968.75,4968.75,494.0,4972.043017578125,4973.136603760614,43.282164766049796,0.029022270655613514,-87.80468439857086,-0.9897130629597086,-0.6968749575553375,-0.48481605176833475,-0.2120589057870027,-5.918472741596198,4971.9360546662965,-0.0814391257754342,-0.042460970421800415,-0.0010534137951399227,23.631035550755847,-129.55221094391032,-0.8000000000001819,4971.074951171875,4971.925048828125,28.000000000000004,100.0,-72.0,4971.55,4974.862853761279,4968.237146238721,0.07740362210872792,0.13327247081007962,4971.325830078125,4973.843310546875,4968.808349609375,4974.14990234375,4968.0,2.604226838691209,156717.0,0.2338126036587468,-117.8612247949198,-12351.337232087788,389.5719613908303,4970.758925297619,4992.538510742187,4989.004343461283,17.697444067349874,0.9000013377747454,0.9424623081965459
1592,4968.0,4968.0,4965.0498046875,4965.2001953125,4965.2001953125,1935.0,4971.76501953125,4972.825372056766,36.40606747444036,0.0,-98.34737350431936,-1.4479650160847086,-1.0697488028754378,-0.6018026019897553,-0.4679462008856825,-9.124937752826197,4970.635884308238,-0.1116492418146155,-0.22690603189767278,-0.0013550555474330878,23.722871986369906,-227.80557371026543,2.7974853515625,4969.599853515625,4971.925048828125,24.0,100.0,-76.0,4971.2025146484375,4975.501821931581,4966.903207365294,-0.19805656360868756,0.17296850291150342,4971.069995117187,4973.562475585937,4968.5775146484375,4974.14990234375,4965.0498046875,2.682510301106123,154782.0,-0.0736685477752783,-1082.2913455831454,-411684.9381794301,388.1895468861134,4969.26379229517,4992.23451171875,4988.767486265772,18.89597728208823,0.80026802536953,1.0271740572672028
1593,4965.0,4967.25,4963.0498046875,4964.85009765625,4964.85009765625,642.0,4971.463017578125,4972.512616197922,35.80196675606646,0.0,-83.78128711564686,-2.1307660271140776,-1.3776235795894536,-0.756966797509695,-0.6206567820797586,-11.920650900158442,4969.61775037503,-0.18395461085142742,-0.33159779544357815,-0.0017673572690947701,23.861743959619698,-217.44776926655493,2.205175781249636,4968.599853515625,4971.925048828125,20.0,100.0,-80.0,4970.74501953125,4975.65951761915,4965.83052144335,-0.09974810952864482,0.19773688123570152,4970.677490234375,4973.214990234375,4968.139990234375,4974.14990234375,4963.0498046875,2.790916373348543,154140.0,-0.09014914505558085,-959.787252687339,-899574.5412285825,388.14427928632466,4968.793208192514,4991.932761230469,4988.529502299509,20.615806873942546,0.724316155741244,1.0559139511848221
1594,4964.60009765625,4964.60009765625,4962.5498046875,4962.5498046875,4962.5498046875,96.0,4971.134013671875,4972.121917707318,32.040063811047446,0.0,-100.0,-2.9660529641550966,-1.7866357516768403,-0.9629005883431241,-0.8237351633337162,-15.56259461105303,4967.657488368415,-0.20913924766034056,-0.4162203617306832,-0.002323007418412499,23.983834697625955,-229.2121382569816,1.402587890625,4967.849853515625,4971.925048828125,16.0,100.0,-84.0,4970.197509765625,4976.1023848254845,4964.2926347057655,-0.14757552027756174,0.2376112839885081,4970.177482096354,4972.727506510417,4967.627457682292,4974.14990234375,4962.5498046875,2.7558718444486474,154044.0,-0.11454312869787762,-854.2216630177192,-3363657.6185623803,388.09980097969776,4968.643774947394,4991.602260742187,4988.270997845658,22.35020331738904,0.7028823416629386,1.1191027033936218
1595,4962.0498046875,4964.5498046875,4962.0,4962.60009765625,4962.60009765625,256.0,4970.87001953125,4971.748512999433,32.207785538291134,0.008577963886953617,-95.06088494152634,-3.97136804917227,-2.0827143875530965,-1.1868633481851185,-0.8958510393679779,-18.459811000940707,4966.3103779923995,-0.18102823684959796,-0.525331701410138,-0.002944326302420332,24.109876189860103,-195.01195671975938,2.822680664062318,4967.1749267578125,4971.175048828125,12.0,96.0,-84.0,4969.627514648438,4976.125231131442,4963.129798165433,-0.04076051260230363,0.26149712282667764,4969.679150390625,4972.209155273437,4967.149145507812,4974.14990234375,4962.0,2.7411527618094587,154300.0,-0.18080389518765813,-730.3507111580451,-298853.87048125267,388.1023954120978,4968.105971692034,4991.264011230469,4988.015566002977,24.111907355139376,0.6693402429655864,1.1946719443757243
1596,4965.2998046875,4965.39990234375,4962.75,4964.39990234375,4964.39990234375,244.0,4970.619013671875,4971.460332189406,38.09568116250993,0.32557373358183106,-80.24755857412691,-4.950659179687136,-2.1473760287663026,-1.3789658843013555,-0.7684101444649472,-19.307264595285847,4966.03818476204,-0.16189791053792685,-0.4458000317577939,-0.0035065097060755345,24.343464998700906,-135.79029898593464,2.602392578124636,4967.1749267578125,4970.97509765625,8.0,92.0,-84.0,4969.297509765625,4976.143935802351,4962.4510837289,0.1423237908652108,0.2755490498715731,4969.2883138020825,4971.800813802083,4966.775813802083,4974.14990234375,4962.0,2.7453421850730684,154544.0,-0.15015930247288212,-563.2788461711815,868873.4691651141,388.1908878021974,4967.7194447434385,4990.950510253906,4987.780584275025,25.11647421254565,0.7249378076536284,1.1707378394114223
1597,4964.39990234375,4964.75,4962.35009765625,4962.35009765625,4962.35009765625,235.0,4970.384013671875,4971.103068090066,34.42821149234891,0.12839618354655977,-97.11851464855523,-5.53166360294108,-2.3370825201291154,-1.5705892114669076,-0.7664933086622079,-21.15824320452822,4965.53923706725,-0.1920755621608196,-0.43604002955201826,-0.004078630069340183,24.461540069785293,-133.58084490051056,2.734887695312864,4967.1500244140625,4969.824951171875,4.0,100.0,-96.0,4968.915014648437,4976.3878285706,4961.442200726275,0.060746657111502,0.3007825209379709,4968.945817057292,4971.478312174479,4966.413321940104,4974.14990234375,4962.0,2.7206679106928493,154309.0,-0.17919572054452892,-551.6253112270841,-536048.6659597844,388.09385611437244,4967.538917874519,4990.613510742188,4987.527544607176,26.17980603765191,0.7262811471556182,1.1623211767076365
1598,4962.5,4963.9501953125,4962.5,4963.89990234375,4963.89990234375,147.0,4970.16701171875,4970.820591001975,39.19452540346136,0.4108676969871545,-84.3628179881847,-5.86147748161784,-2.3354483998855358,-1.7235610491506332,-0.6118873507349025,-21.301117647624533,4965.422718912405,-0.1558838645566429,-0.4651330777351781,-0.00456399854624918,24.445606806795556,-107.3546354538167,0.5973876953121362,4967.1500244140625,4969.77490234375,8.0,96.0,-88.0,4968.552514648438,4976.25632205769,4960.848707239185,0.19803163179417277,0.31010268630712373,4968.575821940104,4971.010831705729,4966.140812174479,4974.14990234375,4962.0,2.640627178232646,154456.0,-0.17206080335661086,-440.2757969000007,-320573.24234320194,388.13976607327885,4967.245842612537,4990.300510253906,4987.292443689133,27.1671855895363,0.7169389342668222,1.1820720120020003
1599,4962.85009765625,4966.14990234375,4962.2001953125,4966.14990234375,4966.14990234375,568.0,4970.070009765625,4970.637426740868,45.39965980062346,0.7927387184226541,-59.11386924520133,-5.674549057905097,-2.1280661301807413,-1.804462065356655,-0.3236040648240863,-19.47980815754352,4965.45502717663,-0.06037249950107199,-0.47748467892352786,-0.004873094653816107,24.589154256980247,-68.98864028955383,0.6300781250001819,4967.1500244140625,4968.75,4.0,92.0,-88.0,4968.22001953125,4975.733544085624,4960.706494976876,0.3622406054230152,0.3024634386092736,4968.219995117188,4970.725,4965.714990234375,4974.14990234375,4962.0,2.7341328820196,155024.0,-0.11064718710379867,-194.80782591428635,660568.4547357155,388.39722493126203,4966.765360626314,4989.991259765625,4987.082070143408,26.497616614986296,0.6739541699973355,1.1514388489208633
1600,4965.85009765625,4965.85009765625,4962.0,4962.0,4962.0,317.0,4969.830009765625,4970.29870412358,37.74819269802938,0.3816242647798276,-100.0,-5.412906422334345,-2.2723820188857644,-1.898046056062477,-0.3743359628232874,-20.39195560909919,4965.100356061493,-0.13786082336195077,-0.3707890686113705,-0.005204374254261974,24.752935260576415,-88.78472676709748,2.217480468750182,4966.5374755859375,4968.75,24.0,100.0,-76.0,4967.78251953125,4975.665729194106,4959.899309868394,0.13323825075362322,0.31737338065272547,4967.820833333333,4970.3908528645825,4965.250813802083,4974.14990234375,4962.0,2.8352592721432,154707.0,-0.13420797737218615,-354.90942835063834,-303635.4618493691,388.13232776366993,4966.48400516743,4989.679760742188,4986.83249730616,25.96577440191466,0.7209493048020389,1.0917383734134094
1601,4963.10009765625,4963.10009765625,4956.0498046875,4956.25,4956.25,1215.0,4969.456005859375,4969.747774550106,30.16279507144722,0.0,-98.6193426724138,-6.03496668198477,-2.8182433901620243,-2.0820855228823865,-0.7361578672796378,-24.114313383572103,4963.817151466104,-0.2766599597585513,-0.4721536195763,-0.005752101068140464,25.089604880710514,-159.60445646720365,3.455078125,4963.3748779296875,4965.77490234375,20.0,100.0,-80.0,4966.89501953125,4975.719007193322,4958.071031869178,-0.1031864469283796,0.355312026019211,4967.073331705729,4969.908365885417,4964.2382975260425,4974.14990234375,4956.0498046875,3.1363331076151146,153492.0,-0.2945089028013493,-1302.2437957291186,-2524235.631212776,386.7243773404535,4965.089472590411,4989.355261230468,4986.528193850378,27.37352906796309,0.6624221139685057,1.1345757335448057
1602,4955.64990234375,4958.0,4951.0,4953.60009765625,4953.60009765625,1717.0,4969.095009765625,4969.114532318976,27.42743736327698,0.0,-86.63202289501432,-7.360414751838107,-3.425184043056106,-2.3507052269171305,-1.0744788161389756,-28.110239359848123,4962.421916419481,-0.3369983938937903,-0.6280857503152585,-0.006514274305067633,25.541691375701085,-205.7239769319417,2.822485351562136,4960.574951171875,4963.25,16.0,100.0,-84.0,4965.927514648438,4976.033772821047,4955.821256475829,-0.10989026708216687,0.4070239906965147,4966.157495117188,4969.172534179687,4963.1424560546875,4974.14990234375,4951.0,3.412309314214035,151775.0,-0.3097556283035454,-1766.192156941923,-2068995.8184697148,385.80636829647494,4962.801412862484,4989.00826171875,4986.200551102178,29.577554718257574,0.5981538461538461,1.2262395964691046
1603,4952.25,4953.60009765625,4950.39990234375,4953.0498046875,4953.0498046875,734.0,4968.676005859375,4968.484543000094,26.88223627237015,0.0,-86.7837225726323,-9.019403435202548,-3.9055719248171954,-2.6616785664971436,-1.2438933583200518,-31.327345303321017,4961.124167490427,-0.31597877358490567,-0.6864167239179508,-0.007396366738510585,25.777947475036235,-204.24348214832918,0.2001953125,4960.27490234375,4962.949951171875,12.0,100.0,-88.0,4965.0,4976.199409079529,4953.800590920471,-0.03351901103173259,0.45113430330428106,4965.199153645833,4968.226692708333,4962.1716145833325,4974.14990234375,4950.39990234375,3.397158314091604,151041.0,-0.247029304187089,-1571.5811401020055,-1089984.7794618527,385.72482860188927,4961.902323695347,4988.64201171875,4985.870692928897,31.709861886394144,0.6110707625871037,1.2974874865050545
1604,4950.0498046875,4956.5,4950.0498046875,4956.5,4956.5,1012.0,4968.3230078125,4968.014560921659,35.53456132859719,0.4672531814712556,-68.38200095739589,-10.706778492646663,-3.9622069989909505,-2.9217842529959053,-1.0404227459950453,-30.99309526641669,4960.910934943318,-0.1752234546496957,-0.5938611776664489,-0.008170952371947935,26.066311648049492,-152.67482180097872,0.6476074218753638,4960.099853515625,4962.39990234375,8.0,96.0,-88.0,4964.202490234375,4975.437773692601,4952.9672067761485,0.15721869577152967,0.45265210193694977,4964.329150390625,4967.539208984375,4961.119091796875,4974.14990234375,4950.0498046875,3.6152323854064896,152053.0,-0.16556005762592685,-848.2698834802907,812585.8815762366,386.4297675372792,4960.3623780075795,4988.287512207031,4985.578447228112,32.20877197522335,0.6357002831627097,1.2295614608291585
1605,4956.5498046875,4958.0,4954.2001953125,4958.0,4958.0,108.0,4968.011005859375,4967.621833042378,38.91871704927095,0.6500083966074391,-55.70970023393722,-11.886471737131615,-3.8417677323304815,-3.1057809488628205,-0.735986783467661,-29.57076081936507,4960.824519618022,-0.13797189283687972,-0.4759712434040444,-0.008765385385296885,26.26090490839317,-105.23225808075516,-0.9576904296873181,4960.099853515625,4962.39990234375,4.0,92.0,-88.0,4963.507495117187,4974.468501819138,4952.546488415237,0.24876873689862017,0.4416637513989085,4963.536653645833,4966.814217122396,4960.259090169271,4972.14990234375,4950.0498046875,3.6284161212703117,152161.0,-0.13560356934836512,-703.9456144116778,9939991.103278266,386.46245189115797,4959.853828196978,4987.916013183593,4985.304034817882,32.00279756519728,0.7207741615610723,1.1967454049651167
1606,4958.0,4960.10009765625,4954.0,4960.10009765625,4960.10009765625,781.0,4967.726005859375,4967.326863027236,43.3987607554091,0.8919450623267621,-41.5687276443536,-11.98924488740795,-3.5360964968995177,-3.19184405847016,-0.3442524384293577,-26.892654606825257,4960.805012262476,-0.049363877999492684,-0.3292721210218643,-0.009113955556645854,26.53107535107575,-74.406846202443,-0.3299072265626819,4960.099853515625,4962.39990234375,4.0,88.0,-84.0,4962.930004882813,4973.316149520729,4952.543860244897,0.36376526973099677,0.418548906702191,4962.875830078125,4966.3533935546875,4959.398266601563,4970.5498046875,4950.0498046875,3.8049648023402893,152942.0,-0.0724723640757699,-369.0710595626881,741971.1801673019,386.7932659834393,4958.1875974304185,4987.602263183594,4985.053249373487,30.957613255881665,0.7932345180421336,1.122506639063998
1607,4960.5,4960.89990234375,4955.75,4957.5498046875,4957.5498046875,459.0,4967.437001953125,4966.943448974697,39.600298408614336,0.6868159664242361,-53.41643162587572,-10.811750344668326,-3.459755264404521,-3.245426299657032,-0.21432896474748864,-25.917913625677365,4960.706922008999,-0.10176707510917847,-0.23333166399572647,-0.009365308599215305,26.699296488868754,-64.34589765351022,2.049902343749636,4960.099853515625,4962.39990234375,8.0,84.0,-76.0,4962.35,4972.576351437672,4952.1236485623285,0.2653026427970487,0.41215760426700404,4962.30166015625,4965.96171875,4958.6416015625,4970.5498046875,4950.0498046875,3.9010317695838403,152483.0,-0.06416648108256957,-483.57297571891127,1430418.860159149,386.55726581215055,4957.622101981564,4987.250261230469,4984.779583257209,29.680845338821342,0.8606937767094017,1.0940254407051282
1608,4956.35009765625,4957.5498046875,4952.35009765625,4952.35009765625,4952.35009765625,357.0,4967.00900390625,4966.3711606877,33.21676277888315,0.3420846586377406,-85.71255269462894,-9.687932272518992,-3.775307791132036,-3.3514025979520334,-0.42390519318000264,-27.331484058159777,4959.978762739166,-0.24272429547448726,-0.28094730647495747,-0.009726918381786675,26.8247982600466,-108.0811192674295,0.8250976562503638,4960.02490234375,4962.25,4.0,100.0,-96.0,4961.525,4972.1741839685255,4950.875816031474,0.06922040360714807,0.42927059597707984,4961.534993489584,4965.370052083334,4957.699934895833,4970.4501953125,4950.0498046875,3.9937942882742803,152126.0,-0.06084068552224594,-679.6761806385312,-4915689.42029937,386.1828277362282,4957.400996553074,4986.87201171875,4984.456901808444,29.3847257811163,0.8241136895010577,1.1050609959760151
1609,4952.0,4953.5,4950.25,4950.25,4950.25,241.0,4966.562001953125,4965.73895830779,31.040380582702667,0.22455307046296963,-98.75655839626361,-9.360562672334709,-4.147041261389859,-3.5105303306395985,-0.6365109307502603,-29.217712842913407,4958.546821459496,-0.24383804887053323,-0.3671489227866017,-0.010210534526564334,26.857735227210682,-129.04062566150708,3.362402343749636,4959.33740234375,4962.099853515625,4.0,100.0,-96.0,4960.5375,4971.517686437192,4949.557313562808,0.03154256264927481,0.4427014789099794,4960.632495117187,4964.537548828125,4956.72744140625,4970.4501953125,4950.0498046875,3.9406661248261172,151885.0,-0.09052286780801914,-654.8829455696339,-4146718.38530861,386.0806290779799,4957.043474317666,4986.509760742188,4984.116534626271,29.572555615198077,0.8011322534989779,1.1682811762855796
1610,4950.14990234375,4953.0,4950.14990234375,4952.89990234375,4952.89990234375,423.0,4966.14099609375,4965.235465917043,36.678140549756314,0.5290101110686309,-82.2976374609529,-9.650149356618385,-4.179637482615362,-3.644351761034751,-0.5352857215806113,-28.820316484458175,4958.17448490422,-0.2215999560105201,-0.4022532467022304,-0.010631073382116845,26.837337733665702,-107.76079607674636,6.484912109374818,4958.787353515625,4962.099853515625,4.0,96.0,-92.0,4959.664990234375,4970.14967268403,4949.180307784721,0.17738231829576503,0.4227980103615411,4959.752490234375,4963.680029296875,4955.824951171875,4970.4501953125,4950.0498046875,3.86276837707068,152308.0,-0.1325085094104141,-401.19842600165055,-202167.4850590122,386.3070638421648,4956.578177602506,4986.185759277344,4983.805921369728,29.768560956855175,0.7900269478249256,1.192280194527156
1611,4950.2998046875,4951.7998046875,4945.0,4945.0,4945.0,2362.0,4965.675,4964.4419182340225,29.052563392329176,0.11720459472386147,-100.0,-10.744881663603337,-4.7877362761528275,-3.8730286640583667,-0.9147076120944608,-31.37654970462136,4957.100395783458,-0.42588127140037413,-0.44789854706345156,-0.011281296730861463,26.948961411599225,-157.11670009667426,3.522509765624818,4955.762451171875,4959.574951171875,16.0,100.0,-84.0,4958.477490234375,4969.913960332121,4947.041020136629,-0.08923295908550125,0.46128958416246413,4958.662483723958,4962.807503255208,4954.517464192708,4968.0,4945.0,4.151135088976345,149946.0,-0.27135600561141543,-3009.5371274210574,-914043.6877445283,382.5396609663046,4954.323763641259,4985.840759277344,4983.419792798885,30.90616107107317,0.7206218828267663,1.1685204298902179
1612,4945.0,4948.5,4943.2998046875,4945.0,4945.0,1813.0,4965.315,4963.679490067982,29.052563392329176,0.11720459472386147,-92.55935209521978,-12.500478228400425,-5.2096058576871656,-4.140344102784127,-1.0692617549030388,-33.25620643912771,4956.347377136065,-0.34260378879484077,-0.48632127192982466,-0.01203560509655752,27.1192655097495,-157.94753916881118,-1.217480468750182,4954.5123291015625,4958.724853515625,12.0,96.0,-84.0,4957.46748046875,4969.877233297877,4945.057727639623,-0.002325898042381493,0.5006488848597904,4957.638313802084,4961.895833333334,4953.380794270834,4967.25,4943.2998046875,4.226067962085177,151759.0,-0.19288800368629283,-2579.6032520751924,-717070.5064120243,382.5396609663046,4952.9065782901935,4985.500759277344,4983.037506303374,32.21719935586881,0.7108758223684211,1.1971970942982457
1613,4946.60009765625,4949.9501953125,4945.0,4945.0,4945.0,623.0,4964.90099609375,4962.946961045709,29.052563392329176,0.1314033786095716,-92.46042916224584,-13.288101734834527,-5.480761730880658,-4.408427628403434,-1.0723341024772246,-34.69301907956449,4955.687776527739,-0.22698612862547288,-0.462279261196602,-0.012803901934508916,27.30195396448247,-127.5711641800337,-2.8748779296875,4954.5123291015625,4958.724853515625,8.0,92.0,-84.0,4956.4749755859375,4969.522914428938,4943.427036742937,0.06027631168376704,0.526500745278467,4956.718318684895,4961.013338216146,4952.4232991536455,4966.14990234375,4943.2998046875,4.277791344257665,152382.0,-0.2319173703473336,-2211.0885017787364,1251609.0613498352,382.5396609663046,4952.02907421361,4985.169008789063,4982.659023653589,32.82812947002917,0.7425609418188945,1.2048402030154965
1614,4946.7998046875,4946.7998046875,4940.0,4942.0498046875,4942.0498046875,1025.0,4964.459990234375,4962.127464717936,26.484313786357617,0.0,-91.12642414762519,-14.155915383731553,-5.8660901837429265,-4.699960139471333,-1.1661300442715934,-36.74143608906403,4953.641238146945,-0.23316966935249603,-0.5480651385955305,-0.013639789649454002,27.5396238714325,-151.18371678000477,-2.400170898437864,4952.8375244140625,4957.074951171875,4.0,100.0,-96.0,4955.449975585938,4969.602099434246,4941.29785173763,0.02656678806412209,0.5711741181136605,4955.704150390625,4960.236645507813,4951.171655273438,4966.14990234375,4940.0,4.4579351544892605,151357.0,-0.23844706825938397,-2327.2116008549883,-2703466.5549673685,381.928144243289,4951.028779342402,4984.817006835938,4982.254951823081,34.13316854071623,0.6915890896763931,1.2396542282719236
1615,4940.0,4940.0,4932.25,4932.60009765625,4932.60009765625,1710.0,4963.73599609375,4960.969528754733,20.295528706438404,0.0,-98.77801448657861,-16.157670323988896,-6.854958447779609,-5.130959801132988,-1.7239986466466206,-41.05577694853544,4948.322781906002,-0.41287101558915623,-0.6039917749816068,-0.01483045345040906,27.792309845388598,-209.43396226414941,2.550024414062136,4948.9625244140625,4953.199951171875,4.0,100.0,-96.0,4953.949975585938,4970.846162865147,4937.053788306729,-0.13179572932289466,0.6821299109791823,4954.299153645833,4959.091658528645,4949.50664876302,4966.14990234375,4932.25,4.839497263990028,149647.0,-0.30514911788942767,-4303.1812326524905,-3297104.8633954674,378.65844853765066,4948.295397332702,4984.418256835937,4981.760873672167,36.132491758866344,0.6529331497167148,1.2569249246983216
1616,4931.4501953125,4936.2001953125,4922.0,4925.0,4925.0,2377.0,4962.873994140625,4959.558958999645,16.879236656238334,0.0,-92.28789837699424,-18.747044462316808,-8.15786919762013,-5.736341680430416,-2.4215275171897135,-46.121018520206356,4940.267998209585,-0.6355291031978211,-0.598700603661098,-0.01647816294605939,28.214949542455805,-230.89961825208786,6.02001953125,4943.0,4948.074951171875,32.0,100.0,-68.0,4951.97998046875,4972.369626001805,4931.590334935695,-0.1616098456692372,0.8234946673239572,4952.47666015625,4957.8466796875,4947.106640625,4966.14990234375,4922.0,5.508118553169311,147270.0,-0.34803799073597125,-6269.217074974456,-4196675.865901936,374.99599227295363,4944.087616224284,4984.023256835938,4981.196088859509,38.64660839996281,0.6210976388737031,1.219798242534801
1617,4924.39990234375,4929.7998046875,4924.0498046875,4928.2001953125,4928.2001953125,911.0,4962.037998046875,4958.329203560934,22.773921598729316,0.22227717663588475,-84.06115455583868,-21.231761259191444,-8.830414812052368,-6.355156306754807,-2.4752585052975604,-47.781925956926074,4937.310617888638,-0.601044870663574,-0.5738037375345679,-0.018203677048805073,28.441278580992446,-189.02234282250194,9.827612304687136,4941.375,4948.074951171875,28.000000000000004,96.0,-68.0,4950.272485351563,4972.535981415338,4928.008989287788,0.004294159914610431,0.8994856800168258,4950.686653645834,4956.224178059896,4945.149129231771,4966.14990234375,4922.0,5.525395799371503,148181.0,-0.30177311483313507,-4957.132074308463,-1372989.5247324368,375.5879471825349,4942.5869424040375,4983.637507324219,4980.6687665356585,40.981145280980954,0.6624710187435403,1.2362747562781082
1618,4929.75,4929.9501953125,4923.64990234375,4924.0,4924.0,774.0,4961.057998046875,4956.982960284035,20.699102336233622,0.14403975221089022,-94.85859891799616,-24.055010627297634,-9.59176482194016,-7.002478009791878,-2.5892868121482815,-49.874097067990434,4934.1048710392015,-0.7278098616055761,-0.6068734330229226,-0.020037466380373403,28.475301653411346,-166.06906959131388,9.272314453124636,4941.0625,4948.074951171875,24.0,100.0,-76.0,4948.277490234375,4972.374183647479,4924.1807968212715,-0.003751486109982722,0.9739426885682791,4948.807486979167,4954.587516276042,4943.027457682292,4966.14990234375,4922.0,5.580745597184253,147407.0,-0.33432149922673093,-4713.391945389398,-101550.18909957059,374.92828421369546,4940.807680256578,4983.270756835937,4980.104898211921,43.171207235659764,0.6613202901146131,1.2681937231375358
1619,4924.85009765625,4929.0,4924.0,4926.64990234375,4926.64990234375,1206.0,4960.16099609375,4955.793428600102,25.32165834587984,0.3183474054085869,-88.04649352931578,-26.069548483455947,-9.867568035064323,-7.575496014846368,-2.2920720202179554,-49.861312484069984,4932.823812991576,-0.6232898016381658,-0.6693054221456727,-0.021722105237625532,28.495825725990215,-139.1046210968514,6.047607421875,4940.4874267578125,4948.074951171875,20.0,96.0,-76.0,4946.302490234375,4970.689249390051,4921.915731078699,0.09706437896954884,0.986060161254749,4946.893318684895,4952.725862630208,4941.0607747395825,4965.85009765625,4922.0,5.5392637688139486,148613.0,-0.34832546614308824,-3583.509920824841,-124398.35328565504,375.577305786921,4939.551885593799,4982.918757324219,4979.573007705771,45.20483619357581,0.6229505481766089,1.2922559703222816
1620,4927.10009765625,4929.2998046875,4925.85009765625,4926.85009765625,4926.85009765625,408.0,4959.297998046875,4954.658396014069,25.674153104369495,0.38708210663665193,-87.53185133116598,-26.499414062500364,-9.95523225933357,-8.051443263743808,-1.9037889955897622,-49.73576535599038,4931.472155281558,-0.5149070541694566,-0.6870667774502328,-0.023184606247820684,28.435082001527316,-115.03735459211137,5.705004882812318,4940.0250244140625,4948.074951171875,16.0,92.0,-76.0,4944.544995117188,4969.217968561901,4919.872021672474,0.14141133008172116,0.9979876194504637,4945.095817057292,4950.908341471355,4939.283292643229,4963.10009765625,4922.0,5.39000971613081,149021.0,-0.33957549362524875,-3059.9114053498643,908888.8764381409,375.5938849409342,4938.228087909373,4982.5405078125,4979.048401635627,46.97832879645855,0.6351995811470652,1.322266358597298
1621,4924.0,4926.35009765625,4916.2001953125,4918.14990234375,4918.14990234375,1720.0,4958.28099609375,4953.226690379939,21.028681385918688,0.2095795177347597,-95.28482357942468,-26.638673311121238,-10.60449779035116,-8.562054169065279,-2.042443621285882,-51.275504786691236,4928.407821747288,-0.6484540711327711,-0.8116075344150775,-0.024733332509921553,28.49250310229763,-135.99649673355637,10.259912109375364,4937.1251220703125,4945.175048828125,12.0,100.0,-88.0,4942.639990234375,4969.214003872357,4916.065976596392,0.03920984191073582,1.075296347315905,4943.184155273438,4949.15166015625,4937.216650390625,4960.89990234375,4916.2001953125,5.7657163323893235,147301.0,-0.3271349191681903,-4760.543481371313,-3717581.5327222957,372.5565820717808,4935.716694259404,4982.0967578125,4978.442446418792,49.149906946382465,0.5268368078210737,1.3384443422361512
1622,4917.89990234375,4920.5,4915.9501953125,4919.60009765625,4919.60009765625,1620.0,4957.23,4951.908000469206,23.512978977720238,0.3350560393221437,-90.27983667524902,-26.864648437500364,-10.8766475371267,-9.024972842677563,-1.8516746944491373,-51.627566535439485,4926.678641719696,-0.6723294503032916,-0.8102568798444393,-0.026168498935674214,28.494327910842944,-123.6058878938234,4.060009765625182,4936.2125244140625,4945.050048828125,8.0,96.0,-88.0,4940.939990234375,4968.81041792923,4913.069562539519,0.11715886078662889,1.1281427319473907,4941.4083251953125,4947.2533203125,4935.563330078125,4960.89990234375,4915.9501953125,5.678865500611515,148921.0,-0.25992154316718785,-3744.8492117111255,-856612.7441547534,373.0342650324264,4933.73268353225,4981.650007324219,4977.856950411206,51.17734869247969,0.558192522528831,1.3684494023732703
1623,4916.89990234375,4920.2001953125,4912.5498046875,4912.5498046875,4912.5498046875,1738.0,4956.00099609375,4950.3645418111,20.187973894155405,0.16711719273511544,-100.0,-27.399659639246238,-11.528336407040115,-9.525645555550074,-2.0026908514900406,-53.10583007950365,4923.473271780951,-0.6562223521233569,-0.7469729738060136,-0.027693262895012276,28.600565594915707,-123.3591469174785,6.085009765624818,4932.8123779296875,4943.349853515625,4.0,100.0,-96.0,4938.914990234375,4968.785196891737,4909.044783577014,0.058670854719755736,1.2095857781080765,4939.545825195312,4945.613330078125,4933.4783203125,4960.89990234375,4912.5498046875,5.8196887237821215,147183.0,-0.3503132396062525,-4960.357778564893,-814382.6101674036,370.54353226219064,4931.775148859233,4981.173757324219,4977.207128065696,53.20520772977812,0.5649661209372094,1.311939094743223
1624,4912.5498046875,4913.0,4906.10009765625,4910.0,4910.0,2844.0,4954.73099609375,4948.781618602822,19.134126483000102,0.18523201386491905,-91.46624213349288,-29.033768956801396,-12.110945024841385,-10.042705449408338,-2.068239575433047,-54.633823815585494,4920.437384147281,-0.7077856420626896,-0.8481303921520321,-0.02925975222736023,28.59056228460568,-131.83736524358838,8.410009765624636,4928.6375732421875,4940.125,4.0,100.0,-96.0,4936.589990234375,4967.830597848711,4905.34938262004,0.07443224916383888,1.2656756050689146,4937.313330078125,4943.4033203125,4931.22333984375,4960.89990234375,4906.10009765625,5.8968468394941125,144339.0,-0.35028364917982996,-5287.684457519908,-1655819.1486216462,369.067385491255,4928.39888813939,4980.684006347657,4976.538400423252,55.31593633079542,0.5186714427193938,1.366801834871426
1625,4911.7001953125,4913.5498046875,4905.0,4912.5498046875,4912.5498046875,3376.0,4953.5019921875,4947.360763155163,23.438220046106522,0.5387995847036996,-83.20406700123834,-30.930537683823786,-12.22598507767907,-10.479361375062485,-1.746623702616585,-54.446947386738884,4919.385327252781,-0.6562223521233569,-0.7844611528822055,-0.030629996725099445,28.556807610383544,-116.38206295561601,7.732324218750364,4926.4500732421875,4939.574951171875,24.0,96.0,-72.0,4934.31748046875,4965.610079628394,4903.024881309106,0.1521913109518558,1.2683658594530165,4934.994986979166,4941.322477213542,4928.667496744792,4960.89990234375,4905.0,6.08634382863739,147715.0,-0.21493542282636022,-3302.5665885884937,-69681.53737732585,370.82057095459515,4923.63741790319,4980.202004394531,4975.90169797812,57.31021705204795,0.5734355419799498,1.3578966948621554
1626,4912.5498046875,4919.0,4910.5498046875,4912.5498046875,4912.5498046875,1242.0,4952.33298828125,4945.995627528981,23.438220046106522,0.5387995847036996,-83.20406700123834,-30.708527688419053,-12.176788707934975,-10.818846841636983,-1.3579418662979919,-54.301227869985084,4918.791151880421,-0.5969183064893328,-0.604368932038835,-0.03175069640758369,28.334900612937513,-90.77552474656899,0.6601318359371362,4925.7625732421875,4939.574951171875,20.0,92.0,-72.0,4931.939965820313,4962.245644009855,4901.634287630771,0.18009029510014293,1.2289556807085509,4932.793310546875,4939.238305664063,4926.348315429687,4960.89990234375,4905.0,6.255190363199005,148957.0,-0.2640007342595828,-2830.7713616472806,3742034.961252013,370.82057095459515,4921.238860470068,4979.775754394531,4975.2713308807015,57.46824741175873,0.6572834496359223,1.2616523816747574
1627,4911.35009765625,4919.89990234375,4911.35009765625,4919.2001953125,4919.2001953125,761.0,4951.3169921875,4944.944826265589,34.05531762760468,1.0,-66.02808214377497,-29.77193244485352,-11.468962229268982,-10.948869919163384,-0.5200923101055981,-50.706859074621214,4918.81006865222,-0.2716600186201398,-0.5975649975265211,-0.03233215307751519,28.04289442667048,-71.905629578151,-5.022485351562864,4925.0499267578125,4939.574951171875,16.0,88.0,-72.0,4930.022485351563,4958.395267842774,4901.649702860352,0.30928394946080456,1.1510204091569332,4930.730818684895,4937.34580891927,4924.11582845052,4957.5498046875,4905.0,6.419091386363362,149718.0,-0.23296867209385377,-1703.3829863226695,955081.3306490163,371.8507787828793,4920.354721725265,4979.379504394531,4974.713409133755,57.35868208149441,0.6604142618956008,1.257979259422122
1628,4919.0,4922.5,4917.0,4922.4501953125,4922.4501953125,1793.0,4950.342998046875,4944.062683875271,38.54072708590424,1.0,-50.142299107142854,-27.80796329273926,-10.524437640807264,-10.863983463492161,0.3395458226848973,-46.27738754172394,4918.840305897623,-0.05177268401015229,-0.44919176087621837,-0.032336073549124246,27.83662041759299,-47.77117818820081,-0.3272949218753638,4925.0499267578125,4939.574951171875,12.0,84.0,-72.0,4928.527490234375,4955.132719151514,4901.922261317237,0.3857875844480985,1.0796421028331624,4929.059155273438,4935.68916015625,4922.429150390625,4953.5,4905.0,6.3534420016231214,151511.0,-0.14831819545226946,-627.5782739908597,1265337.4233128834,373.0353717591019,4919.348027949033,4978.987756347657,4974.193377155434,56.528358557726555,0.7573613287951997,1.206553089671418
1629,4921.7998046875,4925.64990234375,4919.64990234375,4923.5498046875,4923.5498046875,1023.0,4949.357998046875,4943.258257240457,40.0270643891228,1.0,-40.545869980281076,-23.993139648437136,-9.576770760777435,-10.606540922949216,1.029770162171781,-42.26555132418904,4918.9083924804045,-0.09436285947602654,-0.26551916564039424,-0.031846274851102835,27.55609803429925,-30.155686992861675,-3.192480468749636,4924.3125,4939.574951171875,8.0,80.0,-72.0,4927.19248046875,4951.916784018359,4902.46817691914,0.426334107370495,1.0035858614257862,4927.639982096354,4934.4074869791675,4920.872477213542,4953.0,4905.0,6.328196144364327,152534.0,-0.12600310828757735,-377.22417904573683,1700822.4890029328,373.2638962430462,4918.292884386136,4978.5792553710935,4973.689461011475,54.938831458816104,0.8709349984605911,1.1364541641009853
1630,4924.0,4931.0498046875,4921.0,4931.0498046875,4931.0498046875,1302.0,4948.563994140625,4942.779494395243,49.07356731531294,1.0,-0.0,-19.52402056525716,-8.126869122454991,-10.110606562850371,1.9837374403953802,-35.6022794932961,4919.1026745453355,0.14317231290617385,-0.0631783801135567,-0.030688175790565583,27.44734189867162,9.46647547841684,0.5499267578125,4925.4874267578125,4939.574951171875,4.0,76.0,-72.0,4926.0999755859375,4947.947593315823,4904.252357856052,0.6132807513102821,0.8870147921545843,4926.424145507813,4933.5516357421875,4919.296655273438,4951.7998046875,4905.0,6.594025326016875,153836.0,-0.09271758807405919,1071.6649893893684,2605076.0998703917,375.2472213615823,4917.800935023163,4978.201755371094,4973.265185824172,52.2470367992335,0.9845916176795136,1.0477699977930703
1631,4930.0,4930.0,4924.89990234375,4928.10009765625,4928.10009765625,881.0,4947.64599609375,4942.203831778028,46.12657545339556,0.9015682397536038,-11.323336457357076,-15.927243221506615,-7.133596671875239,-9.515204584655347,2.381607912780108,-31.078659264041942,4919.60150029341,0.029435728968890202,0.010744738774470353,-0.029188271123558755,27.245440170614344,18.414149220194247,1.5951171875003638,4925.4874267578125,4939.574951171875,4.0,72.0,-68.0,4925.25498046875,4945.350259679741,4905.159701257759,0.5707906856537787,0.8160097006420791,4925.444148763021,4932.486653645834,4918.401643880208,4949.9501953125,4905.0,6.562302255854955,152955.0,-0.00868491961973813,547.328291686423,824958.931709662,374.72021555197546,4917.8005759113075,4977.796755371094,4972.8157819618045,49.74751318676393,0.9928418360465755,0.9820970972721051
1632,4928.75,4929.5498046875,4921.2001953125,4924.25,4924.25,1096.0,4946.6719921875,4941.499759943596,42.53598900439481,0.7816399328386153,-26.103092783505154,-12.864005055146663,-6.581227508850134,-8.928409169494305,2.3471816606441713,-28.429960876390375,4919.691678100768,-0.05277403624451435,-0.02855842808775466,-0.02761872111802781,27.105621564499195,5.485917574371195,-6.067578125000182,4925.4874267578125,4939.574951171875,12.0,68.0,-56.0,4924.21748046875,4942.154689266618,4906.280271670882,0.5009064824861068,0.7285303246257376,4924.414152018229,4931.614127604166,4917.214176432291,4949.9501953125,4905.0,6.689967050079601,151859.0,0.0027788515006935736,-133.6767544473517,-1580751.0727513446,373.8639612252305,4917.87898568576,4977.354504394531,4972.332540350244,47.967391460650866,0.9599242616983384,0.9884826897860931
1633,4926.64990234375,4928.9501953125,4922.2001953125,4928.89990234375,4928.89990234375,754.0,4945.81798828125,4941.0056478808565,47.819020191374655,0.958097175863609,-8.253045923149015,-10.563676183363896,-5.702527521691991,-8.283232839933843,2.5807053182418525,-24.459208643761055,4920.790308416366,0.21857812822819966,-0.01821399034485416,-0.025832107379789075,26.97296721684354,35.01745448177325,-3.8123779296875,4924.64990234375,4939.574951171875,8.0,64.0,-56.0,4923.4124755859375,4938.812271666491,4908.012679505384,0.6781655656058279,0.6255740772042833,4923.4158203125,4930.705786132812,4916.1258544921875,4946.7998046875,4905.0,6.694255117931058,152613.0,0.05058530606090329,386.2808343576271,179219.9415616711,374.5759531767333,4917.69323550354,4976.942004394531,4971.900374797941,46.314421286403025,0.9670147904525609,0.985228780797415
1634,4928.9501953125,4928.9501953125,4923.0,4923.0,4923.0,712.0,4944.828984375,4940.299544042392,42.48222902966335,0.7798443089646572,-30.901593252108714,-8.782462086396663,-5.41974877260418,-7.710536026467912,2.2907872538637317,-22.812758432289197,4920.949458544754,0.06910932344622381,-0.03075183136001647,-0.024159471872407186,26.901501101943484,30.13261892545202,-9.910180664062864,4925.02490234375,4939.574951171875,4.0,60.0,-56.0,4922.459985351563,4935.269699975633,4909.650270727493,0.5210783247045346,0.5204598782799414,4922.517496744791,4929.764982096354,4915.270011393229,4940.0,4905.0,6.641107988971696,151901.0,0.0403495239237048,-269.0064946577482,334199.0240504233,373.72368785344025,4917.753509499054,4976.506254882813,4971.41380390443,44.77952041031574,0.9577132988882788,0.9884651302482953
1635,4922.7998046875,4922.7998046875,4910.7001953125,4910.7001953125,4910.7001953125,4480.0,4943.604990234375,4939.138785268671,33.97047241231617,0.4955451911213918,-78.11808809746954,-9.377885167738896,-6.117615952547567,-7.391952011683843,1.2743360591362762,-24.46276052560404,4920.870723538024,-0.03765069970863447,-0.08183506411914698,-0.023074408589532934,27.02197089722065,-84.80907465322043,-11.364990234375,4924.9375,4939.574951171875,4.0,56.00000000000001,-52.00000000000001,4921.364990234375,4934.264094403489,4908.465886065261,0.08660714798276867,0.5242083931880837,4921.506665039063,4928.971630859375,4914.04169921875,4936.2001953125,4905.0,7.045300610295146,147421.0,-0.057537602548986946,-8102.451995420927,-2491519.6001529694,362.5306906972348,4917.0001648826,4975.989255371093,4970.809688396053,44.832760930234535,0.939927565689789,1.021762629808936
1636,4909.25,4910.2001953125,4905.0,4905.0498046875,4905.0498046875,4597.0,4942.27298828125,4937.801962500782,30.906873436689466,0.39321866495861046,-99.80880974695408,-11.968446978400607,-7.045404978684928,-7.32264260508406,0.2772376263991321,-26.919938438204554,4920.522027648737,-0.10081864180244399,-0.18577147348602563,-0.022608488847275746,26.96395690657396,-158.3744377684671,-7.817675781249818,4923.21240234375,4939.574951171875,4.0,100.0,-96.0,4920.36748046875,4934.962040486857,4905.772920450642,-0.024773469095507386,0.5932304884153573,4920.457495117187,4927.4724609375,4913.442529296875,4931.0498046875,4905.0,6.949221660452635,142824.0,-0.14805338851658162,-10655.65109652151,-1035050.6695192846,357.24125239515337,4915.1261508573125,4975.46025390625,4970.155361194974,45.35231632506112,0.8942457089586342,1.0800171824446598
1637,4905.0498046875,4908.14990234375,4901.0498046875,4904.25,4904.25,2333.0,4940.974990234375,4936.486199265458,30.487746274866467,0.3792195003058543,-89.33268229166667,-14.729354319852973,-7.75581778074411,-7.409277640216071,-0.34654014052803905,-28.925227891399928,4919.48653894639,-0.1689510542891681,-0.20837295189273353,-0.022565369928857368,26.895605822698517,-156.54110558620587,-6.620166015624818,4920.77490234375,4936.599853515625,4.0,100.0,-96.0,4919.169970703125,4934.884594928172,4903.455346478077,0.025283885587794246,0.6389136508247627,4919.31416015625,4926.396630859375,4912.231689453125,4931.0498046875,4901.0498046875,6.959998517295304,140491.0,-0.16027252323870037,-9399.978702152366,-913074.4273908855,356.8608394716894,4914.214760191194,4974.934252929687,4969.499586456716,46.11770759730881,0.8885260058520632,1.0968989577447967
1638,4904.25,4907.60009765625,4901.10009765625,4906.5498046875,4906.5498046875,1467.0,4939.728984375,4935.312223007499,33.28916979928486,0.3842721399374783,-81.66666666666667,-17.535409007353337,-8.040563416623627,-7.535534795497583,-0.5050286211260442,-29.622962398765956,4918.555764231931,-0.12213616631987867,-0.08498169511531606,-0.022672702654550646,26.819196782244358,-130.4647981122521,0.9027343750003638,4920.77490234375,4935.7998046875,4.0,96.0,-92.0,4918.2974609375,4934.762338793732,4901.832583081267,0.14325103555041258,0.6695356670474282,4918.274991861979,4925.367447916667,4911.182535807291,4931.0498046875,4901.0498046875,6.9271414803456395,141958.0,-0.10958480860305089,-7575.151248050242,-110662.10538087935,357.5487761544773,4914.193227178262,4974.416752929687,4968.873220468963,46.82842806439594,0.9494840512352339,1.03446574635055
1639,4905.0,4908.7998046875,4901.0,4904.35009765625,4904.35009765625,3590.0,4938.415986328125,4934.098022013332,31.96234198414831,0.33251439305763164,-88.85151603782782,-20.24455997242694,-8.347499579232135,-7.697927752244493,-0.6495718269876418,-30.604356991364046,4917.235353628736,-0.3018803274239711,-0.06989681721508634,-0.022919341655719957,26.707157950786765,-118.64528598386232,5.267724609375364,4919.699951171875,4935.77490234375,4.0,92.0,-88.0,4917.182470703125,4934.243318364964,4900.121623041286,0.12392334480608683,0.6939277833795517,4917.183325195312,4924.415771484375,4909.95087890625,4931.0498046875,4901.0,6.989474566570951,138368.0,-0.11798975980976001,-7621.122247212708,119453.18046718587,355.9393054354308,4913.382575984373,4973.892004394531,4968.231199346448,47.172812086810495,0.958634012240766,1.0285308294558524
1640,4904.35009765625,4905.0,4900.0,4902.10009765625,4902.10009765625,1290.0,4937.050986328125,4932.8432014503105,30.618056285097353,0.0070112592791733725,-93.23635791791162,-21.49014677159903,-8.67233560886234,-7.892809323568063,-0.7795262852942777,-31.821001826147327,4913.872871938022,-0.41341398792879164,-0.2276262723257153,-0.0232933910903376,26.488791179017035,-125.6028253388458,7.604833984374636,4917.387451171875,4935.22509765625,60.0,100.0,-40.0,4915.944970703125,4933.601411202403,4898.288530203848,0.10793702877310755,0.718333529138443,4915.934993489583,4923.244954427083,4908.625032552083,4931.0498046875,4900.0,6.8473692403873105,137078.0,-0.11619852925291303,-6947.03335475375,-930194.7068798449,355.3474839010369,4912.80668887458,4973.342504882812,4967.573178434108,47.57818136096006,0.8928269637027079,1.1204532360284232
1641,4900.2001953125,4903.85009765625,4900.0498046875,4902.25,4902.25,1351.0,4935.720986328125,4931.643468060102,30.826794264844466,0.018242292833884635,-92.75357760654191,-20.962087833180703,-8.816048714526005,-8.077457201759652,-0.7385915127663534,-32.74009500423779,4911.48587715215,-0.43261072869053485,-0.26766153117807345,-0.02368566851791765,26.00670951836066,-113.86047089545835,15.899829101562318,4916.28759765625,4935.22509765625,56.00000000000001,96.0,-39.99999999999999,4915.149975585938,4933.744596366234,4896.555354805641,0.15312614496534688,0.7566247570331608,4915.025821940104,4922.018302408854,4908.033341471354,4931.0498046875,4900.0,6.6297209352703605,138429.0,-0.08405047595127961,-5925.668866016607,-154725.8840853157,355.3887964124854,4912.147347568513,4972.782255859375,4966.923196559142,47.95459568695609,0.8798356106430021,1.1474971418210755
1642,4904.0,4905.89990234375,4902.25,4904.0498046875,4904.0498046875,1555.0,4934.497978515625,4930.561363614118,33.41691819866935,0.15760250340452636,-86.9570687214971,-19.570744772518992,-8.684602497856758,-8.198886260979073,-0.4857162368776855,-32.79254485158141,4910.385851476779,-0.5475507461785026,-0.3149298638352056,-0.02395605950552165,25.620676535259854,-85.95275927637373,13.727636718749636,4915.0,4935.22509765625,52.0,92.0,-40.0,4914.3724609375,4933.451869926136,4895.293051948865,0.22948176077810356,0.7764738688526707,4914.294978841146,4921.242464192708,4907.347493489584,4931.0498046875,4900.0,6.416876750161763,139984.0,-0.11039728614600244,-4679.330986719593,498780.8669111736,355.95969677233285,4911.095136785748,4972.227504882812,4966.297590669872,47.696720829351285,0.8412232240044362,1.1561530878396418
1643,4906.0,4907.5498046875,4904.0498046875,4904.0498046875,4904.0498046875,4183.0,4933.28197265625,4929.521694636604,33.416918198669364,0.1576025034045271,-86.9570687214971,-17.925650562959163,-8.48264774123163,-8.255638557029584,-0.2270091842020463,-32.83569313251638,4908.717044017455,-0.4880236296374754,-0.34881145725675466,-0.024086603538316806,25.28000967326638,-68.77763944133811,10.302539062499818,4913.46240234375,4934.0,48.0,88.0,-40.0,4913.9474609375,4933.542061688871,4894.352860186129,0.24743919573590825,0.7975095748228813,4913.800805664063,4920.540771484375,4907.06083984375,4931.0498046875,4900.0,6.208528410864495,144167.0,-0.16393109454799662,-4010.855131473937,144321.95325573752,355.95969677233285,4909.854291617779,4971.685502929688,4965.678209714824,46.98292271353938,0.8277562169116872,1.1765676741684419
1644,4905.75,4905.75,4900.64990234375,4905.2998046875,4905.2998046875,2520.0,4932.13697265625,4928.571816599384,35.36629457091658,0.2814881537013418,-82.333984375,-16.842846679687682,-8.12803763001557,-8.230118371626782,0.10208074161121239,-32.36384870108094,4908.067763853388,-0.3848341435243946,-0.5048438222464863,-0.024021436595111693,25.050397117235654,-74.40907611703284,15.187451171875182,4910.3125,4933.625,44.0,84.0,-40.0,4913.712451171875,4933.60132651461,4893.823575829139,0.28850874321941994,0.8095254063144104,4913.510799153645,4920.160774739583,4906.8608235677075,4931.0498046875,4900.0,6.129354785534888,146687.0,-0.12296760456802343,-2987.8758269776604,-526170.9056203327,356.602023038471,4908.613095741479,4971.132250976562,4965.077429565299,46.73233007145005,0.7638365077684993,1.2686803300149856
1645,4905.64990234375,4905.75,4903.5498046875,4905.7001953125,4905.7001953125,1145.0,4930.998974609375,4927.674890274408,36.0125219723047,0.3187749339173408,-80.70987144320698,-15.126101505055885,-7.7256419929644835,-8.129223095894323,0.40358110292983973,-31.80100532406257,4907.927120437909,-0.47068732355912246,-0.5280717310900839,-0.02376526442789314,24.858941089162155,-61.88606038386742,9.630029296875364,4909.96240234375,4933.074951171875,40.0,80.0,-40.0,4913.369970703125,4933.560738155965,4893.179203250284,0.3100672644430426,0.8218704299994248,4913.242472330729,4919.574967447917,4906.909977213541,4931.0498046875,4900.0,5.848700537460968,147832.0,-0.16938789697077264,-2495.5439566058517,278617.9713286687,356.6954826197155,4907.939739753673,4970.592502441406,4964.486611314028,46.49963690379566,0.7532872860493064,1.2813590171393903
1646,4902.0,4907.39990234375,4902.0,4907.39990234375,4907.39990234375,2459.0,4929.858974609375,4926.879792708501,38.80947607928429,0.4801568450482628,-74.4391971664699,-13.364338235293872,-7.186744086880026,-7.940727294091464,0.7539832072114381,-30.59727065003694,4907.911039059305,-0.3168819349228113,-0.4947302224614064,-0.023278377819716287,24.611654858481607,-52.4413712129514,-2.412280273437318,4909.96240234375,4933.074951171875,36.0,76.0,-40.0,4913.112475585937,4933.46918662131,4892.755764550565,0.35968820718973266,0.8286686346599338,4912.820808919271,4919.000789388021,4906.640828450521,4931.0498046875,4900.0,5.816643523624471,150291.0,-0.08491193072951227,-1541.954878541623,10990.597165275658,357.5474669284668,4907.185897560572,4970.090251464844,4963.918584359099,45.77572203549527,0.770899218150045,1.2656294406114514
1647,4907.7001953125,4908.0498046875,4906.0,4907.39990234375,4907.39990234375,3036.0,4928.759970703125,4926.1158754392945,38.809476079284295,0.6937964708056933,-74.4391971664699,-11.584636374081128,-6.682630410183265,-7.6891079173098245,1.0064775071265597,-29.577507155953114,4907.885864347432,-0.06720615874494412,-0.4694287677125668,-0.022612366951990804,24.383273657510017,-37.727625633777045,-7.47265625,4909.96240234375,4933.074951171875,32.0,72.0,-40.0,4912.5224609375,4932.823146821277,4892.221775053723,0.3738328689218427,0.8264872494813151,4912.337467447917,4918.192447916667,4906.482486979167,4931.0498046875,4900.0,5.547583606758437,153327.0,-0.06885180936555066,-1321.675610178534,156972.85277727252,357.5474669284668,4906.759305542491,4969.604501953125,4963.356209413673,44.90297757504974,0.7961875044140969,1.2656162721266637
1648,4907.39990234375,4907.39990234375,4904.4501953125,4905.0,4905.0,1310.0,4927.58197265625,4925.287801892656,36.217128523510375,0.6884845318580642,-78.0699875787039,-10.457385971967597,-6.402959421273408,-7.431878218102542,1.0289187968291333,-29.30238238563458,4907.828223471914,-0.0010153757756425686,-0.529771533227277,-0.0219059991067427,24.117438878446286,-44.90609098356336,-7.399951171874818,4909.77490234375,4933.074951171875,28.000000000000004,68.0,-40.0,4911.649951171875,4931.666900388338,4891.633001955412,0.33389199073339626,0.8150804481368774,4911.585799153646,4917.313264973958,4905.858333333334,4931.0498046875,4900.0,5.36202099422212,152017.0,-0.13251243531925533,-1581.989390197672,-247652.3395713049,356.9068278664636,4906.349509177519,4969.102250976563,4962.775550613537,44.33090195885409,0.7556515113030227,1.2854230445302997
1649,4905.0,4905.75,4904.9501953125,4905.75,4905.75,1107.0,4926.373974609375,4924.52161358314,37.61947980587287,0.8570013324898291,-43.62853039731929,-9.12221248851074,-6.051046715759185,-7.155711917633871,1.1046652018746865,-28.71815490085129,4907.785548071188,0.03058571647040832,-0.3541815412442286,-0.021130446939021132,23.777380177608045,-42.259312436530486,-4.210156250000182,4909.787353515625,4933.074951171875,24.0,64.0,-40.0,4910.7599609375,4930.154560894517,4891.365360980483,0.37084134376054523,0.7898818150873063,4910.712475585938,4916.179931640625,4905.24501953125,4931.0498046875,4900.0,5.036148400884826,153124.0,-0.11280624737356773,-1237.3837630265762,-41540.07609297589,357.0760939215094,4905.143654734483,4968.601000976562,4962.208132199473,43.79968888667242,0.914703222428483,1.2688847636727116
1650,4903.5,4905.10009765625,4902.35009765625,4905.10009765625,4905.10009765625,1152.0,4925.2359765625,4923.759985507576,36.863140614488174,0.7661140759745825,-42.04305848407502,-8.560849896599393,-5.758217897371651,-6.876213113581427,1.117995216209776,-28.394708183354183,4907.599747554931,-0.029546363309407644,-0.13080276571372063,-0.02032640751855523,23.421786460204178,-49.99486981880391,-5.112377929687682,4909.9373779296875,4933.074951171875,20.0,60.0,-40.0,4909.462475585938,4926.593963937369,4892.330987234506,0.37267954073228055,0.6978967019963567,4909.536653645833,4914.639119466146,4904.434187825521,4930.0,4900.0,4.919273682518052,151972.0,-0.11687570315166601,-1167.5700111656367,-387912.3263888889,356.9234796423473,4904.845719899066,4968.108500976563,4961.639893049789,43.707652734396724,0.9443066349109549,1.0751094006246755
1651,4904.0,4907.4501953125,4904.0,4907.4501953125,4907.4501953125,609.0,4924.25998046875,4923.120385892083,41.44743240462101,1.0,-15.336810564865164,-7.7322998046875,-5.275700714974846,-6.556110633860111,1.2804099188852653,-26.94661604769592,4907.58229344597,0.0632111817982063,0.040476692310394524,-0.019404858364600448,23.101144298910324,-25.126747535360774,-6.329882812499818,4909.9373779296875,4932.925048828125,16.0,56.00000000000001,-40.00000000000001,4908.42998046875,4923.281289217805,4893.578671719694,0.4670135079404323,0.6051347908863213,4908.468326822916,4913.488297526042,4903.448356119791,4929.5498046875,4900.0,4.814339513231048,152581.0,-0.10822221880063845,-796.3157991910816,1133069.068144499,357.2152595131271,4904.910387545598,4967.635751953125,4961.100692077279,42.810541178153535,1.0413724663645625,1.000895774054168
1652,4907.75,4910.89990234375,4907.0,4907.0,4907.0,1625.0,4923.327978515625,4922.488213896315,40.83574504763782,0.9435159190860115,-35.77924114142365,-6.822287166819478,-4.8734512583678224,-6.219578758761654,1.3461275003938313,-25.850169818064998,4907.547895027862,0.09995516709446017,0.17358097712427323,-0.01842411082018328,22.83551175922779,10.062472653319864,-5.317480468749636,4910.64990234375,4931.550048828125,12.0,52.0,-40.0,4907.56748046875,4920.526651421944,4894.608309515555,0.4781050627852948,0.5281301176099726,4907.633325195313,4912.430810546875,4902.83583984375,4928.9501953125,4900.0,4.749022572553831,150956.0,-0.13904977272819083,-787.0660254227129,773945.4636206994,357.0661867047039,4905.105484674316,4967.160751953125,4960.562376733226,40.92891730555884,1.0990575163759984,0.9254765392517251
1653,4909.25,4912.60009765625,4905.0,4909.5498046875,4909.5498046875,1735.0,4922.457978515625,4921.980825299891,45.721692574027585,1.0,-24.208486727378414,-5.726700367647027,-4.299357421186869,-5.8355344912466975,1.5361770700598285,-23.586946022500392,4907.7651932134095,0.14890723009842421,0.14773336785839797,-0.017308566788328577,22.837259403537654,50.305058480103376,-2.5501708984375,4911.4124755859375,4930.449951171875,8.0,48.0,-40.0,4906.5999755859375,4915.200401520278,4897.999549651597,0.6714931983649824,0.35056560457891295,4906.75165201823,4911.591642252604,4901.9116617838545,4928.9501953125,4900.0,4.952670792817843,152691.0,-0.1452983056882305,-42.64071710339681,-65664.11823635486,357.967737781291,4905.434058711149,4966.7125,4960.054788951677,39.57145070563029,1.0634490539515786,0.9157156860931807
